STATIONS_ID; MESS_DATUM_BEGINN; MESS_DATUM_ENDE; QUALITAETS_NIVEAU; ART; NIEDERSCHLAGSHOEHE;NEUSCHNEEHOEHE;SCHNEEHOEHE; max(NIEDERSCHLAGSHOEHE);eor
  2145;19370101;19370131;   5;   2;    65.0;   -999;   -999;-999;eor
  2145;19370201;19370228;   5;   2;   114.0;   -999;   -999;-999;eor
  2145;19370301;19370331;   5;   2;    86.0;   -999;   -999;-999;eor
  2145;19370401;19370430;   5;   2;    89.0;   -999;   -999;-999;eor
  2145;19370501;19370531;   5;   2;    45.0;   -999;   -999;-999;eor
  2145;19370601;19370630;   5;   2;    99.0;   -999;   -999;-999;eor
  2145;19370701;19370731;   5;   2;    29.0;   -999;   -999;-999;eor
  2145;19370801;19370831;   5;   2;    74.0;   -999;   -999;-999;eor
  2145;19370901;19370930;   5;   2;    51.0;   -999;   -999;-999;eor
  2145;19371001;19371031;   5;   2;    34.0;   -999;   -999;-999;eor
  2145;19371101;19371130;   5;   2;    30.0;   -999;   -999;-999;eor
  2145;19371201;19371231;   5;   2;    38.0;   -999;   -999;-999;eor
  2145;19380101;19380131;   5;   2;   101.0;   -999;   -999;-999;eor
  2145;19380201;19380228;   5;   2;    46.0;   -999;   -999;-999;eor
  2145;19380301;19380331;   5;   2;    19.0;   -999;   -999;-999;eor
  2145;19380401;19380430;   5;   2;    40.0;   -999;   -999;-999;eor
  2145;19380501;19380531;   5;   2;    80.0;   -999;   -999;-999;eor
  2145;19380601;19380630;   5;   2;    45.0;   -999;   -999;-999;eor
  2145;19380701;19380731;   5;   2;    86.0;   -999;   -999;-999;eor
  2145;19380801;19380831;   5;   2;   148.0;   -999;   -999;-999;eor
  2145;19380901;19380930;   5;   2;    67.0;   -999;   -999;-999;eor
  2145;19381001;19381031;   5;   2;    66.0;   -999;   -999;-999;eor
  2145;19381101;19381130;   5;   2;    41.0;   -999;   -999;-999;eor
  2145;19381201;19381231;   5;   2;    62.0;   -999;   -999;-999;eor
  2145;19390101;19390131;   5;   2;    85.0;   -999;   -999;-999;eor
  2145;19390201;19390228;   5;   2;    35.0;   -999;   -999;-999;eor
  2145;19390301;19390331;   5;   2;    86.0;   -999;   -999;-999;eor
  2145;19390401;19390430;   5;   2;    72.0;   -999;   -999;-999;eor
  2145;19390501;19390531;   5;   2;    56.0;   -999;   -999;-999;eor
  2145;19390601;19390630;   5;   2;    57.0;   -999;   -999;-999;eor
  2145;19390701;19390731;   5;   2;    99.0;   -999;   -999;-999;eor
  2145;19390801;19390831;   5;   2;    88.0;   -999;   -999;-999;eor
  2145;19390901;19390930;   5;   2;   184.0;   -999;   -999;-999;eor
  2145;19391001;19391031;   5;   2;   154.0;   -999;   -999;-999;eor
  2145;19391101;19391130;   5;   2;    92.0;   -999;   -999;-999;eor
  2145;19391201;19391231;   5;   2;    48.0;   -999;   -999;-999;eor
  2145;19400101;19400131;   5;   2;    38.0;   -999;   -999;-999;eor
  2145;19400201;19400229;   5;   2;    37.0;   -999;   -999;-999;eor
  2145;19400301;19400331;   5;   2;   115.0;   -999;   -999;-999;eor
  2145;19400401;19400430;   5;   2;    55.0;   -999;   -999;-999;eor
  2145;19400501;19400531;   5;   2;    62.0;   -999;   -999;-999;eor
  2145;19400601;19400630;   5;   2;    48.0;   -999;   -999;-999;eor
  2145;19400701;19400731;   5;   2;   133.0;   -999;   -999;-999;eor
  2145;19400801;19400831;   5;   2;    95.0;   -999;   -999;-999;eor
  2145;19400901;19400930;   5;   2;   126.0;   -999;   -999;-999;eor
  2145;19401001;19401031;   5;   2;    46.0;   -999;   -999;-999;eor
  2145;19401101;19401130;   5;   2;    68.0;   -999;   -999;-999;eor
  2145;19401201;19401231;   5;   2;    64.0;   -999;   -999;-999;eor
  2145;19410101;19410131;   5;   2;    78.9;   -999;    258;   17.1;eor
  2145;19410201;19410228;   5;   2;    58.9;   -999;     88;   13.2;eor
  2145;19410301;19410331;   5;   2;    80.9;   -999;   -999;   17.8;eor
  2145;19410401;19410430;   5;   2;    73.6;   -999;   -999;   35.2;eor
  2145;19410501;19410531;   5;   2;   115.4;   -999;   -999;   42.8;eor
  2145;19410601;19410630;   5;   2;   104.8;   -999;   -999;   30.3;eor
  2145;19410701;19410731;   5;   2;    98.2;   -999;   -999;   39.2;eor
  2145;19410801;19410831;   5;   2;    90.9;   -999;   -999;   13.6;eor
  2145;19410901;19410930;   5;   2;    39.1;   -999;   -999;   13.9;eor
  2145;19411001;19411031;   5;   2;   137.5;   -999;   -999;   15.5;eor
  2145;19411101;19411130;   5;   2;    35.2;   -999;   -999;   12.1;eor
  2145;19411201;19411231;   5;   2;    88.5;   -999;   -999;   19.7;eor
  2145;19420101;19420131;   5;   2;    69.2;   -999;    460;   18.3;eor
  2145;19420201;19420228;   5;   2;    43.7;   -999;   1385;   13.1;eor
  2145;19420301;19420331;   5;   2;    61.5;   -999;   -999;   20.1;eor
  2145;19420401;19420430;   5;   2;    30.1;   -999;   -999;    7.7;eor
  2145;19420501;19420531;   5;   2;    86.8;   -999;   -999;   23.3;eor
  2145;19420601;19420630;   5;   2;    43.2;   -999;   -999;   11.5;eor
  2145;19420701;19420731;   5;   2;   125.1;   -999;   -999;   22.3;eor
  2145;19420801;19420831;   5;   2;    46.0;   -999;   -999;   10.8;eor
  2145;19420901;19420930;   5;   2;    55.0;   -999;   -999;   22.8;eor
  2145;19421001;19421031;   5;   2;    82.3;   -999;   -999;   16.5;eor
  2145;19421101;19421130;   5;   2;    42.8;   -999;   -999;    6.2;eor
  2145;19421201;19421231;   5;   2;    37.6;   -999;   -999;   16.7;eor
  2145;19430101;19430131;   5;   2;    52.2;   -999;   -999;   11.4;eor
  2145;19430201;19430228;   5;   2;    34.0;   -999;   -999;    7.4;eor
  2145;19430301;19430331;   5;   2;    37.8;   -999;   -999;   26.7;eor
  2145;19430401;19430430;   5;   2;    67.4;   -999;   -999;   14.6;eor
  2145;19430501;19430531;   5;   2;    88.1;   -999;   -999;   24.0;eor
  2145;19430601;19430630;   5;   2;    76.4;   -999;   -999;   10.2;eor
  2145;19430701;19430731;   5;   2;    49.2;   -999;   -999;   18.3;eor
  2145;19430801;19430831;   5;   2;    57.0;   -999;   -999;   26.2;eor
  2145;19430901;19430930;   5;   2;    74.8;   -999;   -999;   12.3;eor
  2145;19431001;19431031;   5;   2;     0.3;   -999;   -999;    0.2;eor
  2145;19431101;19431130;   5;   2;    74.7;   -999;   -999;   18.1;eor
  2145;19431201;19431231;   5;   2;    29.5;   -999;   -999;   11.6;eor
  2145;19440101;19440131;   5;   2;    95.3;   -999;   -999;   23.2;eor
  2145;19440201;19440229;   5;   2;    86.1;   -999;   -999;   17.2;eor
  2145;19440301;19440331;   5;   2;    65.8;   -999;    245;   13.0;eor
  2145;19440401;19440430;   5;   2;    61.0;   -999;   -999;   17.5;eor
  2145;19440501;19440531;   5;   2;    15.7;   -999;   -999;    3.9;eor
  2145;19440601;19440630;   5;   2;    91.2;   -999;   -999;   23.0;eor
  2145;19440701;19440731;   5;   2;    98.1;   -999;   -999;   32.1;eor
  2145;19440801;19440831;   5;   2;    32.1;   -999;   -999;   10.3;eor
  2145;19440901;19440930;   5;   2;    87.7;   -999;   -999;   25.1;eor
  2145;19441001;19441031;   5;   2;    65.2;   -999;   -999;   17.5;eor
  2145;19441101;19441130;   5;   2;   148.3;   -999;   -999;   22.5;eor
  2145;19441201;19441231;   5;   2;    67.9;   -999;   -999;   17.3;eor
  2145;19470101;19470131;   5;   2;    35.6;   -999;   -999;    9.6;eor
  2145;19470201;19470228;   5;   2;    46.8;   -999;    241;   13.4;eor
  2145;19470301;19470331;   5;   2;    94.3;   -999;   -999;   14.4;eor
  2145;19470401;19470430;   5;   2;    59.7;   -999;   -999;   10.3;eor
  2145;19470501;19470531;   5;   2;   103.7;   -999;   -999;   57.8;eor
  2145;19470601;19470630;   5;   2;    76.0;   -999;   -999;   16.0;eor
  2145;19470701;19470731;   5;   2;    54.6;   -999;   -999;   12.0;eor
  2145;19470801;19470831;   5;   2;     7.1;   -999;   -999;    4.2;eor
  2145;19470901;19470930;   5;   2;    22.7;   -999;   -999;    6.1;eor
  2145;19471001;19471031;   5;   2;     7.9;   -999;   -999;    3.3;eor
  2145;19471101;19471130;   5;   2;   136.7;   -999;   -999;   29.5;eor
  2145;19471201;19471231;   5;   2;   220.1;   -999;   -999;   85.0;eor
  2145;19480101;19480131;   5;   2;   152.4;   -999;   -999;   35.2;eor
  2145;19480201;19480229;   5;   2;    80.6;   -999;   -999;   20.0;eor
  2145;19480301;19480331;   5;   2;    51.7;   -999;   -999;   26.6;eor
  2145;19480401;19480430;   5;   2;    38.3;   -999;   -999;    8.0;eor
  2145;19480501;19480531;   5;   2;    86.4;   -999;   -999;   39.5;eor
  2145;19480601;19480630;   5;   2;   138.7;   -999;   -999;   31.5;eor
  2145;19480701;19480731;   5;   2;   171.1;   -999;   -999;   29.3;eor
  2145;19480801;19480831;   5;   2;    73.5;   -999;   -999;   18.1;eor
  2145;19480901;19480930;   5;   2;    33.6;   -999;   -999;   12.6;eor
  2145;19481001;19481031;   5;   2;    35.4;   -999;   -999;   11.2;eor
  2145;19481101;19481130;   5;   2;    37.5;   -999;   -999;   15.2;eor
  2145;19481201;19481231;   5;   2;    17.0;   -999;   -999;    3.1;eor
  2145;19490101;19490131;   5;   2;    54.9;   -999;   -999;   19.5;eor
  2145;19490201;19490228;   5;   2;    26.6;   -999;   -999;   11.8;eor
  2145;19490301;19490331;   5;   2;    50.4;   -999;   -999;   16.0;eor
  2145;19490401;19490430;   5;   2;    46.6;   -999;   -999;   11.0;eor
  2145;19490501;19490531;   5;   2;    98.3;   -999;   -999;   22.0;eor
  2145;19490601;19490630;   5;   2;    13.0;   -999;   -999;    4.5;eor
  2145;19490701;19490731;   5;   2;    11.1;   -999;   -999;    3.8;eor
  2145;19490801;19490831;   5;   2;    68.2;   -999;   -999;   20.2;eor
  2145;19490901;19490930;   5;   2;    35.4;   -999;   -999;   17.5;eor
  2145;19491001;19491031;   5;   2;    22.3;   -999;   -999;   17.2;eor
  2145;19491101;19491130;   5;   2;    52.5;   -999;   -999;   12.1;eor
  2145;19491201;19491231;   5;   2;    69.8;   -999;   -999;   12.1;eor
  2145;19500101;19500131;   5;   2;    30.1;   -999;   -999;   11.3;eor
  2145;19500201;19500228;   5;   2;   105.0;   -999;   -999;   25.8;eor
  2145;19500301;19500331;   5;   2;    13.3;   -999;   -999;    4.2;eor
  2145;19500401;19500430;   5;   2;    99.7;   -999;   -999;   17.1;eor
  2145;19500501;19500531;   5;   2;    72.8;   -999;   -999;   24.3;eor
  2145;19500601;19500630;   5;   2;    57.8;   -999;   -999;   12.8;eor
  2145;19500701;19500731;   5;   2;    88.8;   -999;   -999;   22.0;eor
  2145;19500801;19500831;   5;   2;    88.7;   -999;   -999;   17.8;eor
  2145;19500901;19500930;   5;   2;    89.0;   -999;   -999;    9.0;eor
  2145;19501001;19501031;   5;   2;    45.1;   -999;   -999;    8.1;eor
  2145;19501101;19501130;   5;   2;   180.3;   -999;   -999;   20.3;eor
  2145;19501201;19501231;   5;   2;    55.9;   -999;   -999;   11.5;eor
  2145;19510101;19510131;   5;   2;    96.6;   -999;   -999;   19.1;eor
  2145;19510201;19510228;   5;   2;    40.4;   -999;   -999;   11.0;eor
  2145;19510301;19510331;   5;   2;    52.4;   -999;   -999;   16.0;eor
  2145;19510401;19510430;   5;   2;    32.0;   -999;   -999;   15.5;eor
  2145;19510501;19510531;   5;   2;    52.9;   -999;   -999;   29.0;eor
  2145;19510601;19510630;   5;   2;   109.4;   -999;   -999;   19.3;eor
  2145;19510701;19510731;   5;   2;    52.5;   -999;   -999;   11.1;eor
  2145;19510801;19510831;   5;   2;    95.8;   -999;   -999;   23.0;eor
  2145;19510901;19510930;   5;   2;    49.0;   -999;   -999;   13.1;eor
  2145;19511001;19511031;   5;   2;    47.3;   -999;   -999;   19.5;eor
  2145;19511101;19511130;   5;   2;    83.1;   -999;   -999;   16.5;eor
  2145;19511201;19511231;   5;   2;    53.6;   -999;   -999;   11.2;eor
  2145;19520101;19520131;   5;   2;   121.0;   -999;   -999;   27.4;eor
  2145;19520201;19520229;   5;   2;    69.9;   -999;    602;   27.4;eor
  2145;19520301;19520331;   5;   2;   140.3;   -999;   -999;   34.1;eor
  2145;19520401;19520430;   5;   2;    36.1;   -999;   -999;    9.0;eor
  2145;19520501;19520531;   5;   2;    46.2;   -999;   -999;    8.8;eor
  2145;19520601;19520630;   5;   2;    59.0;   -999;   -999;   18.2;eor
  2145;19520701;19520731;   5;   2;     2.0;   -999;   -999;    1.1;eor
  2145;19520801;19520831;   5;   2;    58.0;   -999;   -999;   11.0;eor
  2145;19520901;19520930;   5;   2;   110.6;   -999;   -999;   19.0;eor
  2145;19521001;19521031;   5;   2;    86.8;   -999;   -999;   13.4;eor
  2145;19521101;19521130;   5;   2;   152.2;   -999;   -999;   33.8;eor
  2145;19521201;19521231;   5;   2;    85.6;   -999;   -999;   21.8;eor
  2145;19530101;19530131;   5;   2;    29.4;   -999;   -999;    9.0;eor
  2145;19530201;19530228;   5;   2;    36.5;   -999;    158;    6.2;eor
  2145;19530301;19530331;   5;   2;     2.3;   -999;   -999;    1.3;eor
  2145;19530401;19530430;   5;   2;    48.9;   -999;   -999;   16.3;eor
  2145;19530501;19530531;   5;   2;    73.3;   -999;   -999;   19.3;eor
  2145;19530601;19530630;   5;   2;   118.9;   -999;   -999;   27.6;eor
  2145;19530701;19530731;   5;   2;    83.6;   -999;   -999;   11.9;eor
  2145;19530801;19530831;   5;   2;    37.3;   -999;   -999;   14.9;eor
  2145;19530901;19530930;   5;   2;    40.7;   -999;   -999;   12.4;eor
  2145;19531001;19531031;   5;   2;    48.0;   -999;   -999;   26.2;eor
  2145;19531101;19531130;   5;   2;     7.7;   -999;   -999;    3.3;eor
  2145;19531201;19531231;   5;   2;    15.4;   -999;   -999;    3.3;eor
  2145;19540101;19540131;   5;   2;    62.6;   -999;    120;    9.5;eor
  2145;19540201;19540228;   5;   2;    24.9;   -999;   -999;   10.0;eor
  2145;19540301;19540331;   5;   2;    20.5;   -999;   -999;   10.4;eor
  2145;19540401;19540430;   5;   2;    71.9;   -999;   -999;   15.0;eor
  2145;19540501;19540531;   5;   2;    39.7;   -999;   -999;    9.7;eor
  2145;19540601;19540630;   5;   2;    29.8;   -999;   -999;    7.2;eor
  2145;19540701;19540731;   5;   2;   111.1;   -999;   -999;   21.3;eor
  2145;19540801;19540831;   5;   2;   108.3;   -999;   -999;   21.9;eor
  2145;19540901;19540930;   5;   2;   125.6;   -999;   -999;   17.6;eor
  2145;19541001;19541031;   5;   2;    45.5;   -999;   -999;    9.0;eor
  2145;19541101;19541130;   5;   2;    24.7;   -999;   -999;    6.6;eor
  2145;19541201;19541231;   5;   2;    69.7;   -999;   -999;   11.5;eor
  2145;19550101;19550131;   5;   2;    64.0;   -999;   -999;   10.7;eor
  2145;19550201;19550228;   5;   2;    59.5;   -999;   -999;   10.5;eor
  2145;19550301;19550331;   5;   2;    21.0;   -999;   -999;    3.4;eor
  2145;19550401;19550430;   5;   2;    40.1;   -999;   -999;   10.8;eor
  2145;19550501;19550531;   5;   2;    63.0;   -999;   -999;   11.9;eor
  2145;19550601;19550630;   5;   2;   128.1;   -999;   -999;   23.9;eor
  2145;19550701;19550731;   5;   2;   100.6;   -999;   -999;   29.8;eor
  2145;19550801;19550831;   5;   2;    52.7;   -999;   -999;   22.0;eor
  2145;19550901;19550930;   5;   2;    58.7;   -999;   -999;   14.5;eor
  2145;19551001;19551031;   5;   2;    20.1;   -999;   -999;    3.7;eor
  2145;19551101;19551130;   5;   2;     9.3;   -999;   -999;    2.7;eor
  2145;19551201;19551231;   5;   2;    88.0;   -999;   -999;   11.6;eor
  2145;19560101;19560131;   5;   2;    59.1;   -999;   -999;   12.6;eor
  2145;19560201;19560229;   5;   2;    23.5;   -999;    341;    3.8;eor
  2145;19560301;19560331;   5;   2;    59.5;   -999;   -999;   26.0;eor
  2145;19560401;19560430;   5;   2;    61.0;   -999;   -999;   18.6;eor
  2145;19560501;19560531;   5;   2;    70.6;   -999;   -999;   26.5;eor
  2145;19560601;19560630;   5;   2;    88.0;   -999;   -999;   21.7;eor
  2145;19560701;19560731;   5;   2;   172.1;   -999;   -999;   84.6;eor
  2145;19560801;19560831;   5;   2;    94.9;   -999;   -999;   13.6;eor
  2145;19560901;19560930;   5;   2;    80.0;   -999;   -999;   25.4;eor
  2145;19561001;19561031;   5;   2;   106.0;   -999;   -999;   15.6;eor
  2145;19561101;19561130;   5;   2;    55.9;   -999;   -999;   17.4;eor
  2145;19561201;19561231;   5;   2;    39.5;   -999;   -999;    7.6;eor
  2145;19570101;19570131;   5;   2;    42.7;   -999;   -999;   10.3;eor
  2145;19570201;19570228;   5;   2;    93.5;   -999;   -999;   21.9;eor
  2145;19570301;19570331;   5;   2;    48.9;   -999;   -999;   12.3;eor
  2145;19570401;19570430;   5;   2;    33.7;   -999;   -999;   11.6;eor
  2145;19570501;19570531;   5;   2;    39.8;   -999;   -999;   22.6;eor
  2145;19570601;19570630;   5;   2;   131.9;   -999;   -999;   32.8;eor
  2145;19570701;19570731;   5;   2;    92.7;   -999;   -999;   18.3;eor
  2145;19570801;19570831;   5;   2;    68.6;   -999;   -999;   12.1;eor
  2145;19570901;19570930;   5;   2;   141.1;   -999;   -999;   22.4;eor
  2145;19571001;19571031;   5;   2;    14.5;   -999;   -999;    6.8;eor
  2145;19571101;19571130;   5;   2;    20.4;   -999;   -999;    7.5;eor
  2145;19571201;19571231;   5;   2;    61.3;   -999;   -999;   25.5;eor
  2145;19580101;19580131;   5;   2;    91.0;   -999;   -999;   16.3;eor
  2145;19580201;19580228;   5;   2;   124.4;   -999;   -999;   19.9;eor
  2145;19580301;19580331;   5;   2;    39.9;   -999;   -999;   10.4;eor
  2145;19580401;19580430;   5;   2;    63.2;   -999;   -999;   13.1;eor
  2145;19580501;19580531;   5;   2;    90.9;   -999;   -999;   26.6;eor
  2145;19580601;19580630;   5;   2;    78.7;   -999;   -999;   21.1;eor
  2145;19580701;19580731;   5;   2;    46.5;   -999;   -999;   16.3;eor
  2145;19580801;19580831;   5;   2;    91.9;   -999;   -999;   14.9;eor
  2145;19580901;19580930;   5;   2;    53.8;   -999;   -999;   13.0;eor
  2145;19581001;19581031;   5;   2;    63.8;   -999;   -999;   10.8;eor
  2145;19581101;19581130;   5;   2;    17.9;   -999;   -999;    3.6;eor
  2145;19581201;19581231;   5;   2;    87.5;   -999;   -999;   11.6;eor
  2145;19590101;19590131;   5;   2;    75.8;   -999;   -999;   13.0;eor
  2145;19590201;19590228;   5;   2;     9.9;   -999;   -999;    8.5;eor
  2145;19590301;19590331;   5;   2;    34.6;   -999;   -999;    5.6;eor
  2145;19590401;19590430;   5;   2;    82.0;   -999;   -999;   28.4;eor
  2145;19590501;19590531;   5;   2;    79.1;   -999;   -999;   23.5;eor
  2145;19590601;19590630;   5;   2;    87.0;   -999;   -999;   22.9;eor
  2145;19590701;19590731;   5;   2;    44.6;   -999;   -999;   19.5;eor
  2145;19590801;19590831;   5;   2;    65.7;   -999;   -999;   53.5;eor
  2145;19590901;19590930;   5;   2;     6.3;   -999;   -999;    2.9;eor
  2145;19591001;19591031;   5;   2;    69.2;   -999;   -999;   26.1;eor
  2145;19591101;19591130;   5;   2;    31.2;   -999;   -999;    9.9;eor
  2145;19591201;19591231;   5;   2;    59.0;   -999;   -999;   13.4;eor
  2145;19600101;19600131;   5;   2;    45.3;   -999;   -999;    5.5;eor
  2145;19600201;19600229;   5;   2;    49.4;   -999;   -999;   12.4;eor
  2145;19600301;19600331;   5;   2;    30.6;   -999;   -999;    6.7;eor
  2145;19600401;19600430;   5;   2;    21.0;   -999;   -999;    7.3;eor
  2145;19600501;19600531;   5;   2;    41.6;   -999;   -999;    8.0;eor
  2145;19600601;19600630;   5;   2;    52.9;   -999;   -999;   29.3;eor
  2145;19600701;19600731;   5;   2;    99.7;   -999;   -999;   18.8;eor
  2145;19600801;19600831;   5;   2;    95.8;   -999;   -999;   15.3;eor
  2145;19600901;19600930;   5;   2;    24.1;   -999;   -999;   10.0;eor
  2145;19601001;19601031;   5;   2;   121.2;   -999;   -999;   24.4;eor
  2145;19601101;19601130;   5;   2;    69.4;   -999;   -999;   11.8;eor
  2145;19601201;19601231;   5;   2;    48.7;   -999;   -999;    8.8;eor
  2145;19610101;19610131;   5;   2;    63.9;   -999;   -999;   11.4;eor
  2145;19610201;19610228;   5;   2;    48.5;   -999;   -999;    7.6;eor
  2145;19610301;19610331;   5;   2;    28.7;   -999;   -999;    7.2;eor
  2145;19610401;19610430;   5;   2;    52.9;   -999;   -999;   12.1;eor
  2145;19610501;19610531;   5;   2;    96.4;   -999;   -999;   23.0;eor
  2145;19610601;19610630;   5;   2;   121.7;   -999;   -999;   24.2;eor
  2145;19610701;19610731;   5;   2;   113.3;   -999;   -999;   31.2;eor
  2145;19610801;19610831;   5;   2;    66.9;   -999;   -999;   23.0;eor
  2145;19610901;19610930;   5;   2;    47.6;   -999;   -999;   12.5;eor
  2145;19611001;19611031;   5;   2;    46.8;   -999;   -999;   14.8;eor
  2145;19611101;19611130;   5;   2;    43.2;   -999;   -999;   12.8;eor
  2145;19611201;19611231;   5;   2;    73.4;   -999;   -999;   12.2;eor
  2145;19620101;19620131;   5;   2;    54.2;   -999;   -999;   18.3;eor
  2145;19620201;19620228;   5;   2;    84.8;   -999;   -999;   32.5;eor
  2145;19620301;19620331;   5;   2;    49.2;   -999;   -999;   12.7;eor
  2145;19620401;19620430;   5;   2;    38.1;   -999;   -999;    7.4;eor
  2145;19620501;19620531;   5;   2;    70.3;   -999;   -999;   13.2;eor
  2145;19620601;19620630;   5;   2;    42.4;   -999;   -999;   15.3;eor
  2145;19620701;19620731;   5;   2;    77.6;   -999;   -999;   33.8;eor
  2145;19620801;19620831;   5;   2;    44.7;   -999;   -999;   14.6;eor
  2145;19620901;19620930;   5;   2;    84.8;   -999;   -999;   22.0;eor
  2145;19621001;19621031;   5;   2;    14.9;   -999;   -999;    6.8;eor
  2145;19621101;19621130;   5;   2;    35.7;   -999;   -999;    9.2;eor
  2145;19621201;19621231;   5;   2;    63.4;   -999;   -999;   21.2;eor
  2145;19630101;19630131;   5;   2;    25.9;   -999;   -999;    9.5;eor
  2145;19630201;19630228;   5;   2;     9.0;   -999;   -999;    2.3;eor
  2145;19630301;19630331;   5;   2;    65.1;   -999;   -999;   14.2;eor
  2145;19630401;19630430;   5;   2;    42.1;   -999;   -999;    9.2;eor
  2145;19630501;19630531;   5;   2;    20.1;   -999;   -999;    6.4;eor
  2145;19630601;19630630;   5;   2;   124.9;   -999;   -999;   27.8;eor
  2145;19630701;19630731;   5;   2;    59.3;   -999;   -999;   22.4;eor
  2145;19630801;19630831;   5;   2;    99.6;   -999;   -999;   23.8;eor
  2145;19630901;19630930;   5;   2;    34.2;   -999;   -999;    8.6;eor
  2145;19631001;19631031;   5;   2;    32.4;   -999;   -999;   12.4;eor
  2145;19631101;19631130;   5;   2;    84.0;   -999;   -999;   14.6;eor
  2145;19631201;19631231;   5;   2;     7.7;   -999;   -999;    2.8;eor
  2145;19640101;19640131;   5;   2;    13.7;   -999;   -999;    2.8;eor
  2145;19640201;19640229;   5;   2;    34.6;   -999;   -999;    8.3;eor
  2145;19640301;19640331;   5;   2;    61.7;   -999;   -999;   22.4;eor
  2145;19640401;19640430;   5;   2;    43.4;   -999;   -999;   14.4;eor
  2145;19640501;19640531;   5;   2;    87.8;   -999;   -999;   21.2;eor
  2145;19640601;19640630;   5;   2;    65.1;   -999;   -999;   14.8;eor
  2145;19640701;19640731;   5;   2;    11.5;   -999;   -999;    5.5;eor
  2145;19640801;19640831;   5;   2;    57.7;   -999;   -999;   17.2;eor
  2145;19640901;19640930;   5;   2;    58.2;   -999;   -999;   16.5;eor
  2145;19641001;19641031;   5;   2;    52.5;   -999;   -999;   12.6;eor
  2145;19641101;19641130;   5;   2;    78.7;   -999;   -999;   30.3;eor
  2145;19641201;19641231;   5;   2;    45.4;   -999;   -999;    8.9;eor
  2145;19650101;19650131;   5;   2;   134.8;   -999;   -999;   24.0;eor
  2145;19650201;19650228;   5;   2;    40.2;   -999;   -999;    6.0;eor
  2145;19650301;19650331;   5;   2;   102.9;   -999;   -999;   19.0;eor
  2145;19650401;19650430;   5;   2;    84.6;   -999;   -999;    8.6;eor
  2145;19650501;19650531;   5;   2;   148.5;   -999;   -999;   20.0;eor
  2145;19650601;19650630;   5;   2;   180.2;   -999;   -999;   36.8;eor
  2145;19650701;19650731;   5;   2;   183.9;   -999;   -999;   48.4;eor
  2145;19650801;19650831;   5;   2;    42.8;   -999;   -999;   10.6;eor
  2145;19650901;19650930;   5;   2;    65.5;   -999;   -999;   21.0;eor
  2145;19651001;19651031;   5;   2;    10.1;   -999;   -999;    3.0;eor
  2145;19651101;19651130;   5;   2;   109.0;   -999;   -999;   12.8;eor
  2145;19651201;19651231;   5;   2;   159.3;   -999;   -999;   16.4;eor
  2145;19660101;19660131;   5;   2;    61.7;   -999;   -999;   13.0;eor
  2145;19660201;19660228;   5;   2;    67.3;   -999;   -999;   30.4;eor
  2145;19660301;19660331;   5;   2;   106.7;   -999;   -999;   28.6;eor
  2145;19660401;19660430;   5;   2;   100.0;   -999;   -999;   14.4;eor
  2145;19660501;19660531;   5;   2;    79.9;   -999;   -999;   11.7;eor
  2145;19660601;19660630;   5;   2;   121.5;   -999;   -999;   21.3;eor
  2145;19660701;19660731;   5;   2;   104.9;   -999;   -999;   21.2;eor
  2145;19660801;19660831;   5;   2;   104.0;   -999;   -999;   17.7;eor
  2145;19660901;19660930;   5;   2;    48.7;   -999;   -999;   14.4;eor
  2145;19661001;19661031;   5;   2;    76.8;   -999;   -999;   11.0;eor
  2145;19661101;19661130;   5;   2;    73.8;   -999;   -999;   13.5;eor
  2145;19661201;19661231;   5;   2;   155.3;   -999;   -999;   22.7;eor
  2145;19670101;19670131;   5;   2;    32.6;   -999;   -999;    8.0;eor
  2145;19670201;19670228;   5;   2;    50.9;   -999;   -999;   15.5;eor
  2145;19670301;19670331;   5;   2;    65.5;   -999;   -999;   16.5;eor
  2145;19670401;19670430;   5;   2;    54.5;   -999;   -999;   16.8;eor
  2145;19670501;19670531;   5;   2;   104.1;   -999;   -999;   22.2;eor
  2145;19670601;19670630;   5;   2;    71.7;   -999;   -999;   14.6;eor
  2145;19670701;19670731;   5;   2;    38.1;   -999;   -999;    7.5;eor
  2145;19670801;19670831;   5;   2;    59.7;   -999;   -999;   14.6;eor
  2145;19670901;19670930;   5;   2;    62.1;   -999;   -999;   10.4;eor
  2145;19671001;19671031;   5;   2;    78.9;   -999;   -999;   23.0;eor
  2145;19671101;19671130;   5;   2;    55.0;   -999;   -999;   10.8;eor
  2145;19671201;19671231;   5;   2;    61.0;   -999;   -999;   14.4;eor
  2145;19680101;19680131;   5;   2;    91.1;   -999;   -999;   18.8;eor
  2145;19680201;19680229;   5;   2;    55.2;   -999;   -999;   12.6;eor
  2145;19680301;19680331;   5;   2;    52.1;   -999;   -999;    8.6;eor
  2145;19680401;19680430;   5;   2;    88.7;   -999;   -999;   26.2;eor
  2145;19680501;19680531;   5;   2;    56.6;   -999;   -999;   14.8;eor
  2145;19680601;19680630;   5;   2;    72.5;   -999;   -999;   16.0;eor
  2145;19680701;19680731;   5;   2;    54.1;   -999;   -999;   14.8;eor
  2145;19680801;19680831;   5;   2;   207.5;   -999;   -999;   28.4;eor
  2145;19680901;19680930;   5;   2;   148.8;   -999;   -999;   28.5;eor
  2145;19681001;19681031;   5;   2;    51.5;   -999;   -999;   12.2;eor
  2145;19681101;19681130;   5;   2;    23.4;   -999;   -999;    8.8;eor
  2145;19681201;19681231;   5;   2;    28.7;   -999;   -999;    5.3;eor
  2145;19690101;19690131;   5;   2;    52.9;   -999;   -999;   13.2;eor
  2145;19690201;19690228;   5;   2;    33.8;   -999;   -999;    6.4;eor
  2145;19690301;19690331;   5;   2;    65.8;   -999;   -999;   13.2;eor
  2145;19690401;19690430;   5;   2;    66.6;   -999;   -999;   11.4;eor
  2145;19690501;19690531;   5;   2;    69.9;   -999;   -999;   21.4;eor
  2145;19690601;19690630;   5;   2;    98.4;   -999;   -999;   21.4;eor
  2145;19690701;19690731;   5;   2;    67.0;   -999;   -999;   50.0;eor
  2145;19690801;19690831;   5;   2;   114.1;   -999;   -999;   21.3;eor
  2145;19690901;19690930;   5;   2;    16.4;   -999;   -999;    6.2;eor
  2145;19691001;19691031;   5;   2;    10.3;   -999;   -999;    6.1;eor
  2145;19691101;19691130;   5;   2;    75.2;   -999;   -999;   14.8;eor
  2145;19691201;19691231;   5;   2;    15.1;   -999;   -999;    4.6;eor
  2145;19700101;19700131;   5;   2;    53.9;   -999;   -999;   14.0;eor
  2145;19700201;19700228;   5;   2;   138.1;   -999;   -999;   31.4;eor
  2145;19700301;19700331;   5;   2;    52.1;   -999;   -999;   14.8;eor
  2145;19700401;19700430;   5;   2;    80.1;   -999;   -999;   16.4;eor
  2145;19700501;19700531;   5;   2;    93.5;   -999;   -999;   24.8;eor
  2145;19700601;19700630;   5;   2;    18.2;   -999;   -999;    8.8;eor
  2145;19700701;19700731;   5;   2;    88.0;   -999;   -999;   32.0;eor
  2145;19700801;19700831;   5;   2;    60.4;   -999;   -999;   18.2;eor
  2145;19700901;19700930;   5;   2;    20.6;   -999;   -999;    4.8;eor
  2145;19701001;19701031;   5;   2;   103.3;   -999;   -999;   16.8;eor
  2145;19701101;19701130;   5;   2;    90.5;   -999;   -999;   12.8;eor
  2145;19701201;19701231;   5;   2;    59.7;   -999;   -999;   14.8;eor
  2145;19710101;19710131;   5;   2;    40.7;   -999;   -999;   12.4;eor
  2145;19710201;19710228;   5;   2;    26.1;   -999;   -999;    8.6;eor
  2145;19710301;19710331;   5;   2;    31.7;   -999;   -999;    6.4;eor
  2145;19710401;19710430;   5;   2;    28.9;   -999;   -999;   10.2;eor
  2145;19710501;19710531;   5;   2;    45.5;   -999;   -999;    8.9;eor
  2145;19710601;19710630;   5;   2;   121.0;   -999;   -999;   28.2;eor
  2145;19710701;19710731;   5;   2;     1.6;   -999;   -999;    1.2;eor
  2145;19710801;19710831;   5;   2;    35.6;   -999;   -999;   10.2;eor
  2145;19710901;19710930;   5;   2;    31.3;   -999;   -999;   10.2;eor
  2145;19711001;19711031;   5;   2;    33.7;   -999;   -999;   16.4;eor
  2145;19711101;19711130;   5;   2;    85.5;   -999;   -999;   22.4;eor
  2145;19711201;19711231;   5;   2;    44.2;   -999;   -999;   11.8;eor
  2145;19720101;19720131;   5;   2;    23.1;   -999;   -999;    5.3;eor
  2145;19720201;19720229;   5;   2;     5.9;   -999;   -999;    4.6;eor
  2145;19720301;19720331;   5;   2;    46.9;   -999;   -999;   18.0;eor
  2145;19720401;19720430;   5;   2;    53.3;   -999;   -999;    9.2;eor
  2145;19720501;19720531;   5;   2;    76.8;   -999;   -999;   12.5;eor
  2145;19720601;19720630;   5;   2;   116.0;   -999;   -999;   26.6;eor
  2145;19720701;19720731;   5;   2;    18.9;   -999;   -999;    4.2;eor
  2145;19720801;19720831;   5;   2;    94.4;   -999;   -999;   38.6;eor
  2145;19720901;19720930;   5;   2;    30.6;   -999;   -999;    6.8;eor
  2145;19721001;19721031;   5;   2;    60.9;   -999;   -999;   16.4;eor
  2145;19721101;19721130;   5;   2;    81.4;   -999;   -999;   23.6;eor
  2145;19721201;19721231;   5;   2;    17.4;   -999;   -999;    6.8;eor
  2145;19730101;19730131;   5;   2;    26.8;   -999;   -999;    6.8;eor
  2145;19730201;19730228;   5;   2;    54.2;   -999;   -999;   14.8;eor
  2145;19730301;19730331;   5;   2;    22.1;   -999;   -999;    4.8;eor
  2145;19730401;19730430;   5;   2;    74.3;   -999;   -999;   28.2;eor
  2145;19730501;19730531;   5;   2;    58.7;   -999;   -999;    8.6;eor
  2145;19730601;19730630;   5;   2;    63.5;   -999;   -999;   16.5;eor
  2145;19730701;19730731;   5;   2;    69.3;   -999;   -999;   16.8;eor
  2145;19730801;19730831;   5;   2;    32.7;   -999;   -999;   12.5;eor
  2145;19730901;19730930;   5;   2;    27.8;   -999;   -999;    8.8;eor
  2145;19731001;19731031;   5;   2;    73.5;   -999;   -999;   19.0;eor
  2145;19731101;19731130;   5;   2;    87.3;   -999;   -999;   15.7;eor
  2145;19731201;19731231;   5;   2;    53.9;   -999;   -999;   13.0;eor
  2145;19740101;19740131;   5;   2;    37.7;   -999;   -999;    8.9;eor
  2145;19740201;19740228;   5;   2;    43.4;   -999;   -999;   12.5;eor
  2145;19740301;19740331;   5;   2;    47.6;   -999;   -999;   10.1;eor
  2145;19740401;19740430;   5;   2;    18.5;   -999;   -999;    7.5;eor
  2145;19740501;19740531;   5;   2;    45.1;   -999;   -999;   17.5;eor
  2145;19740601;19740630;   5;   2;    89.7;   -999;   -999;   17.5;eor
  2145;19740701;19740731;   5;   2;   108.9;   -999;   -999;   26.2;eor
  2145;19740801;19740831;   5;   2;    65.5;   -999;   -999;   15.2;eor
  2145;19740901;19740930;   5;   2;    46.7;   -999;   -999;    9.3;eor
  2145;19741001;19741031;   5;   2;   103.0;   -999;   -999;   14.1;eor
  2145;19741101;19741130;   5;   2;    54.0;   -999;   -999;    8.8;eor
  2145;19741201;19741231;   5;   2;   101.9;   -999;   -999;   13.6;eor
  2145;19750101;19750131;   5;   2;    40.9;   -999;   -999;    9.4;eor
  2145;19750201;19750228;   5;   2;    12.5;   -999;   -999;   10.8;eor
  2145;19750301;19750331;   5;   2;    42.3;   -999;   -999;    9.2;eor
  2145;19750401;19750430;   5;   2;    34.1;   -999;   -999;    6.2;eor
  2145;19750501;19750531;   5;   2;    40.5;   -999;   -999;   23.2;eor
  2145;19750601;19750630;   5;   2;    74.3;   -999;   -999;   12.2;eor
  2145;19750701;19750731;   5;   2;    32.3;   -999;   -999;    9.6;eor
  2145;19750801;19750831;   5;   2;    59.7;   -999;   -999;   14.1;eor
  2145;19750901;19750930;   5;   2;    38.2;   -999;   -999;   15.2;eor
  2145;19751001;19751031;   5;   2;    23.3;   -999;   -999;    8.4;eor
  2145;19751101;19751130;   5;   2;    39.8;   -999;   -999;   15.1;eor
  2145;19751201;19751231;   5;   2;    11.1;   -999;   -999;    7.8;eor
  2145;19760101;19760131;   5;   2;    70.9;   -999;   -999;   10.9;eor
  2145;19760201;19760229;   5;   2;    11.6;   -999;   -999;    7.1;eor
  2145;19760301;19760331;   5;   2;    14.7;   -999;   -999;    4.6;eor
  2145;19760401;19760430;   5;   2;    11.3;   -999;   -999;    3.1;eor
  2145;19760501;19760531;   5;   2;    24.2;   -999;   -999;    7.8;eor
  2145;19760601;19760630;   5;   2;    26.0;   -999;   -999;   14.2;eor
  2145;19760701;19760731;   5;   2;    46.2;   -999;   -999;   14.5;eor
  2145;19760801;19760831;   5;   2;    35.8;   -999;   -999;    8.8;eor
  2145;19760901;19760930;   5;   2;    51.3;   -999;   -999;   12.9;eor
  2145;19761001;19761031;   5;   2;    32.3;   -999;   -999;   10.6;eor
  2145;19761101;19761130;   5;   2;    34.7;   -999;   -999;    9.2;eor
  2145;19761201;19761231;   5;   2;    46.4;   -999;   -999;   11.1;eor
