STATIONS_ID; MESS_DATUM_BEGINN; MESS_DATUM_ENDE; QUALITAETS_NIVEAU; ART; NIEDERSCHLAGSHOEHE;NEUSCHNEEHOEHE;SCHNEEHOEHE; max(NIEDERSCHLAGSHOEHE);eor
  2257;18980101;18980131;   5;   2;    49.0;   -999;   -999;-999;eor
  2257;18980201;18980228;   5;   2;   126.0;   -999;   -999;-999;eor
  2257;18980301;18980331;   5;   2;    80.0;   -999;   -999;-999;eor
  2257;18980401;18980430;   5;   2;    40.0;   -999;   -999;-999;eor
  2257;18980501;18980531;   5;   2;   121.0;   -999;   -999;-999;eor
  2257;18980601;18980630;   5;   2;    71.0;   -999;   -999;-999;eor
  2257;18980701;18980731;   5;   2;   121.0;   -999;   -999;-999;eor
  2257;18980801;18980831;   5;   2;    53.0;   -999;   -999;-999;eor
  2257;18980901;18980930;   5;   2;    19.0;   -999;   -999;-999;eor
  2257;18981001;18981031;   5;   2;    44.0;   -999;   -999;-999;eor
  2257;18981101;18981130;   5;   2;    16.0;   -999;   -999;-999;eor
  2257;18981201;18981231;   5;   2;    66.0;   -999;   -999;-999;eor
  2257;18990101;18990131;   5;   2;   101.0;   -999;   -999;-999;eor
  2257;18990201;18990228;   5;   2;    38.0;   -999;   -999;-999;eor
  2257;18990301;18990331;   5;   2;    28.0;   -999;   -999;-999;eor
  2257;18990401;18990430;   5;   2;    95.0;   -999;   -999;-999;eor
  2257;18990501;18990531;   5;   2;    94.0;   -999;   -999;-999;eor
  2257;18990601;18990630;   5;   2;    27.0;   -999;   -999;-999;eor
  2257;18990701;18990731;   5;   2;   120.0;   -999;   -999;-999;eor
  2257;18990801;18990831;   5;   2;     7.0;   -999;   -999;-999;eor
  2257;18990901;18990930;   5;   2;   143.0;   -999;   -999;-999;eor
  2257;18991001;18991031;   5;   2;    32.0;   -999;   -999;-999;eor
  2257;18991101;18991130;   5;   2;    49.0;   -999;   -999;-999;eor
  2257;18991201;18991231;   5;   2;    37.0;   -999;   -999;-999;eor
  2257;19000101;19000131;   5;   2;    93.0;   -999;   -999;-999;eor
  2257;19000201;19000228;   5;   2;    47.0;   -999;   -999;-999;eor
  2257;19000301;19000331;   5;   2;    17.0;   -999;   -999;-999;eor
  2257;19000401;19000430;   5;   2;    51.0;   -999;   -999;-999;eor
  2257;19000501;19000531;   5;   2;    33.0;   -999;   -999;-999;eor
  2257;19000601;19000630;   5;   2;   152.0;   -999;   -999;-999;eor
  2257;19000701;19000731;   5;   2;    89.0;   -999;   -999;-999;eor
  2257;19000801;19000831;   5;   2;    76.0;   -999;   -999;-999;eor
  2257;19000901;19000930;   5;   2;    33.0;   -999;   -999;-999;eor
  2257;19001001;19001031;   5;   2;   105.0;   -999;   -999;-999;eor
  2257;19001101;19001130;   5;   2;    34.0;   -999;   -999;-999;eor
  2257;19001201;19001231;   5;   2;   110.0;   -999;   -999;-999;eor
  2257;19010101;19010131;   5;   2;    58.0;   -999;   -999;-999;eor
  2257;19010201;19010228;   5;   2;    48.0;   -999;   -999;-999;eor
  2257;19010301;19010331;   5;   2;    48.0;   -999;   -999;-999;eor
  2257;19010401;19010430;   5;   2;    69.0;   -999;   -999;-999;eor
  2257;19010501;19010531;   5;   2;    23.0;   -999;   -999;-999;eor
  2257;19010601;19010630;   5;   2;    36.0;   -999;   -999;-999;eor
  2257;19010701;19010731;   5;   2;    49.0;   -999;   -999;-999;eor
  2257;19010801;19010831;   5;   2;    53.0;   -999;   -999;-999;eor
  2257;19010901;19010930;   5;   2;   110.0;   -999;   -999;-999;eor
  2257;19011001;19011031;   5;   2;    92.0;   -999;   -999;-999;eor
  2257;19011101;19011130;   5;   2;   139.0;   -999;   -999;-999;eor
  2257;19011201;19011231;   5;   2;    86.0;   -999;   -999;-999;eor
  2257;19020101;19020131;   5;   2;    82.0;   -999;   -999;-999;eor
  2257;19020201;19020228;   5;   2;    31.0;   -999;   -999;-999;eor
  2257;19020301;19020331;   5;   2;    69.0;   -999;   -999;-999;eor
  2257;19020401;19020430;   5;   2;    43.0;   -999;   -999;-999;eor
  2257;19020501;19020531;   5;   2;   107.0;   -999;   -999;-999;eor
  2257;19020601;19020630;   5;   2;    72.0;   -999;   -999;-999;eor
  2257;19020701;19020731;   5;   2;   121.0;   -999;   -999;-999;eor
  2257;19020801;19020831;   5;   2;    90.0;   -999;   -999;-999;eor
  2257;19020901;19020930;   5;   2;    53.0;   -999;   -999;-999;eor
  2257;19021001;19021031;   5;   2;    99.0;   -999;   -999;-999;eor
  2257;19021101;19021130;   5;   2;     8.0;   -999;   -999;-999;eor
  2257;19021201;19021231;   5;   2;    92.0;   -999;   -999;-999;eor
  2257;19030101;19030131;   5;   2;    44.0;   -999;   -999;-999;eor
  2257;19030201;19030228;   5;   2;    47.0;   -999;   -999;-999;eor
  2257;19030301;19030331;   5;   2;    55.0;   -999;   -999;-999;eor
  2257;19030401;19030430;   5;   2;   102.0;   -999;   -999;-999;eor
  2257;19030501;19030531;   5;   2;    68.0;   -999;   -999;-999;eor
  2257;19030601;19030630;   5;   2;    22.0;   -999;   -999;-999;eor
  2257;19030701;19030731;   5;   2;   109.0;   -999;   -999;-999;eor
  2257;19030801;19030831;   5;   2;   105.0;   -999;   -999;-999;eor
  2257;19030901;19030930;   5;   2;    78.0;   -999;   -999;-999;eor
  2257;19031001;19031031;   5;   2;    76.0;   -999;   -999;-999;eor
  2257;19031101;19031130;   5;   2;    79.0;   -999;   -999;-999;eor
  2257;19031201;19031231;   5;   2;    15.0;   -999;   -999;-999;eor
  2257;19040101;19040131;   5;   2;    54.0;   -999;   -999;-999;eor
  2257;19040201;19040229;   5;   2;    84.0;   -999;   -999;-999;eor
  2257;19040301;19040331;   5;   2;    35.0;   -999;   -999;-999;eor
  2257;19040401;19040430;   5;   2;    39.0;   -999;   -999;-999;eor
  2257;19040501;19040531;   5;   2;    63.0;   -999;   -999;-999;eor
  2257;19040601;19040630;   5;   2;    58.0;   -999;   -999;-999;eor
  2257;19040701;19040731;   5;   2;    55.0;   -999;   -999;-999;eor
  2257;19040801;19040831;   5;   2;    27.0;   -999;   -999;-999;eor
  2257;19040901;19040930;   5;   2;    57.0;   -999;   -999;-999;eor
  2257;19041001;19041031;   5;   2;    47.0;   -999;   -999;-999;eor
  2257;19041101;19041130;   5;   2;    87.0;   -999;   -999;-999;eor
  2257;19041201;19041231;   5;   2;    64.0;   -999;   -999;-999;eor
  2257;19050101;19050131;   5;   2;    66.0;   -999;   -999;-999;eor
  2257;19050201;19050228;   5;   2;    37.0;   -999;   -999;-999;eor
  2257;19050301;19050331;   5;   2;    87.0;   -999;   -999;-999;eor
  2257;19050401;19050430;   5;   2;    81.0;   -999;   -999;-999;eor
  2257;19050501;19050531;   5;   2;    16.0;   -999;   -999;-999;eor
  2257;19050601;19050630;   5;   2;    55.0;   -999;   -999;-999;eor
  2257;19050701;19050731;   5;   2;   150.0;   -999;   -999;-999;eor
  2257;19050801;19050831;   5;   2;    63.0;   -999;   -999;-999;eor
  2257;19050901;19050930;   5;   2;    65.0;   -999;   -999;-999;eor
  2257;19051001;19051031;   5;   2;   143.0;   -999;   -999;-999;eor
  2257;19051101;19051130;   5;   2;    38.0;   -999;   -999;-999;eor
  2257;19051201;19051231;   5;   2;    41.0;   -999;   -999;-999;eor
  2257;19060101;19060131;   5;   2;   100.0;   -999;   -999;-999;eor
  2257;19060201;19060228;   5;   2;    55.0;   -999;   -999;-999;eor
  2257;19060301;19060331;   5;   2;    92.0;   -999;   -999;-999;eor
  2257;19060401;19060430;   5;   2;    28.0;   -999;   -999;-999;eor
  2257;19060501;19060531;   5;   2;    67.0;   -999;   -999;-999;eor
  2257;19060601;19060630;   5;   2;   102.0;   -999;   -999;-999;eor
  2257;19060701;19060731;   5;   2;   125.0;   -999;   -999;-999;eor
  2257;19060801;19060831;   5;   2;    91.0;   -999;   -999;-999;eor
  2257;19060901;19060930;   5;   2;    52.0;   -999;   -999;-999;eor
  2257;19061001;19061031;   5;   2;    46.0;   -999;   -999;-999;eor
  2257;19061101;19061130;   5;   2;    97.0;   -999;   -999;-999;eor
  2257;19061201;19061231;   5;   2;   100.0;   -999;   -999;-999;eor
  2257;19070101;19070131;   5;   2;    58.0;   -999;   -999;-999;eor
  2257;19070201;19070228;   5;   2;    67.0;   -999;   -999;-999;eor
  2257;19070301;19070331;   5;   2;    56.0;   -999;   -999;-999;eor
  2257;19070401;19070430;   5;   2;    22.0;   -999;   -999;-999;eor
  2257;19070501;19070531;   5;   2;    63.0;   -999;   -999;-999;eor
  2257;19070601;19070630;   5;   2;   101.0;   -999;   -999;-999;eor
  2257;19070701;19070731;   5;   2;    72.0;   -999;   -999;-999;eor
  2257;19070801;19070831;   5;   2;   100.0;   -999;   -999;-999;eor
  2257;19070901;19070930;   5;   2;    48.0;   -999;   -999;-999;eor
  2257;19071001;19071031;   5;   2;    40.0;   -999;   -999;-999;eor
  2257;19071101;19071130;   5;   2;    24.0;   -999;   -999;-999;eor
  2257;19071201;19071231;   5;   2;    74.0;   -999;   -999;-999;eor
  2257;19080101;19080131;   5;   2;    54.0;   -999;   -999;-999;eor
  2257;19080201;19080229;   5;   2;    67.0;   -999;   -999;-999;eor
  2257;19080301;19080331;   5;   2;    46.0;   -999;   -999;-999;eor
  2257;19080401;19080430;   5;   2;    54.0;   -999;   -999;-999;eor
  2257;19080501;19080531;   5;   2;    97.0;   -999;   -999;-999;eor
  2257;19080601;19080630;   5;   2;    38.0;   -999;   -999;-999;eor
  2257;19080701;19080731;   5;   2;    60.0;   -999;   -999;-999;eor
  2257;19080801;19080831;   5;   2;   140.0;   -999;   -999;-999;eor
  2257;19080901;19080930;   5;   2;    33.0;   -999;   -999;-999;eor
  2257;19081001;19081031;   5;   2;     6.0;   -999;   -999;-999;eor
  2257;19081101;19081130;   5;   2;    49.0;   -999;   -999;-999;eor
  2257;19081201;19081231;   5;   2;    24.0;   -999;   -999;-999;eor
  2257;19090101;19090131;   5;   2;    31.0;   -999;   -999;-999;eor
  2257;19090201;19090228;   5;   2;    89.0;   -999;   -999;-999;eor
  2257;19090301;19090331;   5;   2;    41.0;   -999;   -999;-999;eor
  2257;19090401;19090430;   5;   2;    53.0;   -999;   -999;-999;eor
  2257;19090501;19090531;   5;   2;    37.0;   -999;   -999;-999;eor
  2257;19090601;19090630;   5;   2;    70.0;   -999;   -999;-999;eor
  2257;19090701;19090731;   5;   2;   113.0;   -999;   -999;-999;eor
  2257;19090801;19090831;   5;   2;    74.0;   -999;   -999;-999;eor
  2257;19090901;19090930;   5;   2;   100.0;   -999;   -999;-999;eor
  2257;19091001;19091031;   5;   2;    66.0;   -999;   -999;-999;eor
  2257;19091101;19091130;   5;   2;    87.0;   -999;   -999;-999;eor
  2257;19091201;19091231;   5;   2;   105.0;   -999;   -999;-999;eor
  2257;19100101;19100131;   5;   2;    72.0;   -999;   -999;-999;eor
  2257;19100201;19100228;   5;   2;    94.0;   -999;   -999;-999;eor
  2257;19100301;19100331;   5;   2;    38.0;   -999;   -999;-999;eor
  2257;19100401;19100430;   5;   2;    60.0;   -999;   -999;-999;eor
  2257;19100501;19100531;   5;   2;    68.0;   -999;   -999;-999;eor
  2257;19100601;19100630;   5;   2;    99.0;   -999;   -999;-999;eor
  2257;19100701;19100731;   5;   2;   211.0;   -999;   -999;-999;eor
  2257;19100801;19100831;   5;   2;   112.0;   -999;   -999;-999;eor
  2257;19100901;19100930;   5;   2;    59.0;   -999;   -999;-999;eor
  2257;19101001;19101031;   5;   2;    19.0;   -999;   -999;-999;eor
  2257;19101101;19101130;   5;   2;    73.0;   -999;   -999;-999;eor
  2257;19101201;19101231;   5;   2;    78.0;   -999;   -999;-999;eor
  2257;19110101;19110131;   5;   2;    32.0;   -999;   -999;-999;eor
  2257;19110201;19110228;   5;   2;    64.0;   -999;   -999;-999;eor
  2257;19110301;19110331;   5;   2;    40.0;   -999;   -999;-999;eor
  2257;19110401;19110430;   5;   2;    32.0;   -999;   -999;-999;eor
  2257;19110501;19110531;   5;   2;    35.0;   -999;   -999;-999;eor
  2257;19110601;19110630;   5;   2;    65.0;   -999;   -999;-999;eor
  2257;19110701;19110731;   5;   2;    31.0;   -999;   -999;-999;eor
  2257;19110801;19110831;   5;   2;    27.0;   -999;   -999;-999;eor
  2257;19110901;19110930;   5;   2;    27.0;   -999;   -999;-999;eor
  2257;19111001;19111031;   5;   2;    72.0;   -999;   -999;-999;eor
  2257;19111101;19111130;   5;   2;    44.0;   -999;   -999;-999;eor
  2257;19111201;19111231;   5;   2;    94.0;   -999;   -999;-999;eor
  2257;19120101;19120131;   5;   2;    74.0;   -999;   -999;-999;eor
  2257;19120201;19120229;   5;   2;    87.0;   -999;   -999;-999;eor
  2257;19120301;19120331;   5;   2;    71.0;   -999;   -999;-999;eor
  2257;19120401;19120430;   5;   2;    34.0;   -999;   -999;-999;eor
  2257;19120501;19120531;   5;   2;    90.0;   -999;   -999;-999;eor
  2257;19120601;19120630;   5;   2;   108.0;   -999;   -999;-999;eor
  2257;19120701;19120731;   5;   2;    48.0;   -999;   -999;-999;eor
  2257;19120801;19120831;   5;   2;   137.0;   -999;   -999;-999;eor
  2257;19120901;19120930;   5;   2;    61.0;   -999;   -999;-999;eor
  2257;19121001;19121031;   5;   2;    71.0;   -999;   -999;-999;eor
  2257;19121101;19121130;   5;   2;   107.0;   -999;   -999;-999;eor
  2257;19121201;19121231;   5;   2;    92.0;   -999;   -999;-999;eor
  2257;19130101;19130131;   5;   2;    68.0;   -999;   -999;-999;eor
  2257;19130201;19130228;   5;   2;    38.0;   -999;   -999;-999;eor
  2257;19130301;19130331;   5;   2;    78.0;   -999;   -999;-999;eor
  2257;19130401;19130430;   5;   2;    35.0;   -999;   -999;-999;eor
  2257;19130501;19130531;   5;   2;    66.0;   -999;   -999;-999;eor
  2257;19130601;19130630;   5;   2;    98.0;   -999;   -999;-999;eor
  2257;19130701;19130731;   5;   2;    91.0;   -999;   -999;-999;eor
  2257;19130801;19130831;   5;   2;    48.0;   -999;   -999;-999;eor
  2257;19130901;19130930;   5;   2;    57.0;   -999;   -999;-999;eor
  2257;19131001;19131031;   5;   2;    51.0;   -999;   -999;-999;eor
  2257;19131101;19131130;   5;   2;    78.0;   -999;   -999;-999;eor
  2257;19131201;19131231;   5;   2;   119.0;   -999;   -999;-999;eor
  2257;19140101;19140131;   5;   2;    58.0;   -999;   -999;-999;eor
  2257;19140201;19140228;   5;   2;    35.0;   -999;   -999;-999;eor
  2257;19140301;19140331;   5;   2;   127.0;   -999;   -999;-999;eor
  2257;19140401;19140430;   5;   2;    40.0;   -999;   -999;-999;eor
  2257;19140501;19140531;   5;   2;   109.0;   -999;   -999;-999;eor
  2257;19140601;19140630;   5;   2;    75.0;   -999;   -999;-999;eor
  2257;19140701;19140731;   5;   2;   129.0;   -999;   -999;-999;eor
  2257;19140801;19140831;   5;   2;    40.0;   -999;   -999;-999;eor
  2257;19140901;19140930;   5;   2;    79.0;   -999;   -999;-999;eor
  2257;19141001;19141031;   5;   2;    61.0;   -999;   -999;-999;eor
  2257;19141101;19141130;   5;   2;    37.0;   -999;   -999;-999;eor
  2257;19141201;19141231;   5;   2;    73.0;   -999;   -999;-999;eor
  2257;19150101;19150131;   5;   2;   119.0;   -999;   -999;-999;eor
  2257;19150201;19150228;   5;   2;    35.0;   -999;   -999;-999;eor
  2257;19150301;19150331;   5;   2;   129.0;   -999;   -999;-999;eor
  2257;19150401;19150430;   5;   2;    43.0;   -999;   -999;-999;eor
  2257;19150501;19150531;   5;   2;    28.0;   -999;   -999;-999;eor
  2257;19150601;19150630;   5;   2;    22.0;   -999;   -999;-999;eor
  2257;19150701;19150731;   5;   2;    98.0;   -999;   -999;-999;eor
  2257;19150801;19150831;   5;   2;    95.0;   -999;   -999;-999;eor
  2257;19150901;19150930;   5;   2;    42.0;   -999;   -999;-999;eor
  2257;19151001;19151031;   5;   2;    33.0;   -999;   -999;-999;eor
  2257;19151101;19151130;   5;   2;    60.0;   -999;   -999;-999;eor
  2257;19151201;19151231;   5;   2;   124.0;   -999;   -999;-999;eor
  2257;19160101;19160131;   5;   2;    99.0;   -999;   -999;-999;eor
  2257;19160201;19160229;   5;   2;    80.0;   -999;   -999;-999;eor
  2257;19160301;19160331;   5;   2;    41.0;   -999;   -999;-999;eor
  2257;19160401;19160430;   5;   2;    63.0;   -999;   -999;-999;eor
  2257;19160501;19160531;   5;   2;    82.0;   -999;   -999;-999;eor
  2257;19160601;19160630;   5;   2;   113.0;   -999;   -999;-999;eor
  2257;19160701;19160731;   5;   2;    87.0;   -999;   -999;-999;eor
  2257;19160801;19160831;   5;   2;    75.0;   -999;   -999;-999;eor
  2257;19160901;19160930;   5;   2;    38.0;   -999;   -999;-999;eor
  2257;19161001;19161031;   5;   2;    76.0;   -999;   -999;-999;eor
  2257;19161101;19161130;   5;   2;    54.0;   -999;   -999;-999;eor
  2257;19161201;19161231;   5;   2;    57.0;   -999;   -999;-999;eor
  2257;19170101;19170131;   5;   2;    69.0;   -999;   -999;-999;eor
  2257;19170201;19170228;   5;   2;    17.0;   -999;   -999;-999;eor
  2257;19170301;19170331;   5;   2;    40.0;   -999;   -999;-999;eor
  2257;19170401;19170430;   5;   2;    69.0;   -999;   -999;-999;eor
  2257;19170501;19170531;   5;   2;    22.0;   -999;   -999;-999;eor
  2257;19170601;19170630;   5;   2;    58.0;   -999;   -999;-999;eor
  2257;19170701;19170731;   5;   2;   131.0;   -999;   -999;-999;eor
  2257;19170801;19170831;   5;   2;    94.0;   -999;   -999;-999;eor
  2257;19170901;19170930;   5;   2;    35.0;   -999;   -999;-999;eor
  2257;19171001;19171031;   5;   2;   105.0;   -999;   -999;-999;eor
  2257;19171101;19171130;   5;   2;    59.0;   -999;   -999;-999;eor
  2257;19171201;19171231;   5;   2;    43.0;   -999;   -999;-999;eor
  2257;19180101;19180131;   5;   2;   115.0;   -999;   -999;-999;eor
  2257;19180201;19180228;   5;   2;    57.0;   -999;   -999;-999;eor
  2257;19180301;19180331;   5;   2;    31.0;   -999;   -999;-999;eor
  2257;19180401;19180430;   5;   2;    40.0;   -999;   -999;-999;eor
  2257;19180501;19180531;   5;   2;    14.0;   -999;   -999;-999;eor
  2257;19180601;19180630;   5;   2;    63.0;   -999;   -999;-999;eor
  2257;19180701;19180731;   5;   2;    73.0;   -999;   -999;-999;eor
  2257;19180801;19180831;   5;   2;   129.0;   -999;   -999;-999;eor
  2257;19180901;19180930;   5;   2;   100.0;   -999;   -999;-999;eor
  2257;19181001;19181031;   5;   2;    42.0;   -999;   -999;-999;eor
  2257;19181101;19181130;   5;   2;    25.0;   -999;   -999;-999;eor
  2257;19181201;19181231;   5;   2;   107.0;   -999;   -999;-999;eor
  2257;19190101;19190131;   5;   2;    27.0;   -999;   -999;-999;eor
  2257;19190201;19190228;   5;   2;    34.0;   -999;   -999;-999;eor
  2257;19190301;19190331;   5;   2;    64.0;   -999;   -999;-999;eor
  2257;19190401;19190430;   5;   2;    43.0;   -999;   -999;-999;eor
  2257;19190501;19190531;   5;   2;    13.0;   -999;   -999;-999;eor
  2257;19190601;19190630;   5;   2;    82.0;   -999;   -999;-999;eor
  2257;19190701;19190731;   5;   2;   121.0;   -999;   -999;-999;eor
  2257;19190801;19190831;   5;   2;    51.0;   -999;   -999;-999;eor
  2257;19190901;19190930;   5;   2;    50.0;   -999;   -999;-999;eor
  2257;19191001;19191031;   5;   2;    32.0;   -999;   -999;-999;eor
  2257;19191101;19191130;   5;   2;   106.0;   -999;   -999;-999;eor
  2257;19191201;19191231;   5;   2;   153.0;   -999;   -999;-999;eor
  2257;19200101;19200131;   5;   2;   115.0;   -999;   -999;-999;eor
  2257;19200201;19200229;   5;   2;    42.0;   -999;   -999;-999;eor
  2257;19200301;19200331;   5;   2;    21.0;   -999;   -999;-999;eor
  2257;19200401;19200430;   5;   2;    57.0;   -999;   -999;-999;eor
  2257;19200501;19200531;   5;   2;    64.0;   -999;   -999;-999;eor
  2257;19200601;19200630;   5;   2;    33.0;   -999;   -999;-999;eor
  2257;19200701;19200731;   5;   2;   110.0;   -999;   -999;-999;eor
  2257;19200801;19200831;   5;   2;   148.0;   -999;   -999;-999;eor
  2257;19200901;19200930;   5;   2;    70.0;   -999;   -999;-999;eor
  2257;19201001;19201031;   5;   2;    17.0;   -999;   -999;-999;eor
  2257;19201101;19201130;   5;   2;    17.0;   -999;   -999;-999;eor
  2257;19201201;19201231;   5;   2;    46.0;   -999;   -999;-999;eor
  2257;19210101;19210131;   5;   2;   136.0;   -999;   -999;-999;eor
  2257;19210201;19210228;   5;   2;    29.0;   -999;   -999;-999;eor
  2257;19210301;19210331;   5;   2;    16.0;   -999;   -999;-999;eor
  2257;19210401;19210430;   5;   2;    34.0;   -999;   -999;-999;eor
  2257;19210501;19210531;   5;   2;    38.0;   -999;   -999;-999;eor
  2257;19210601;19210630;   5;   2;    93.0;   -999;   -999;-999;eor
  2257;19210701;19210731;   5;   2;    32.0;   -999;   -999;-999;eor
  2257;19210801;19210831;   5;   2;    45.0;   -999;   -999;-999;eor
  2257;19210901;19210930;   5;   2;    39.0;   -999;   -999;-999;eor
  2257;19211001;19211031;   5;   2;    45.0;   -999;   -999;-999;eor
  2257;19211101;19211130;   5;   2;    46.0;   -999;   -999;-999;eor
  2257;19211201;19211231;   5;   2;    78.0;   -999;   -999;-999;eor
  2257;19220101;19220131;   5;   2;    91.0;   -999;   -999;-999;eor
  2257;19220201;19220228;   5;   2;    73.0;   -999;   -999;-999;eor
  2257;19220301;19220331;   5;   2;    44.0;   -999;   -999;-999;eor
  2257;19220401;19220430;   5;   2;    62.0;   -999;   -999;-999;eor
  2257;19220501;19220531;   5;   2;    53.0;   -999;   -999;-999;eor
  2257;19220601;19220630;   5;   2;    54.0;   -999;   -999;-999;eor
  2257;19220701;19220731;   5;   2;    66.0;   -999;   -999;-999;eor
  2257;19220801;19220831;   5;   2;    76.0;   -999;   -999;-999;eor
  2257;19220901;19220930;   5;   2;    78.0;   -999;   -999;-999;eor
  2257;19221001;19221031;   5;   2;    94.0;   -999;   -999;-999;eor
  2257;19221101;19221130;   5;   2;   110.0;   -999;   -999;-999;eor
  2257;19221201;19221231;   5;   2;    65.0;   -999;   -999;-999;eor
  2257;19230101;19230131;   5;   2;    65.0;   -999;   -999;-999;eor
  2257;19230201;19230228;   5;   2;    57.0;   -999;   -999;-999;eor
  2257;19230301;19230331;   5;   2;    41.0;   -999;   -999;-999;eor
  2257;19230401;19230430;   5;   2;    20.0;   -999;   -999;-999;eor
  2257;19230501;19230531;   5;   2;   156.0;   -999;   -999;-999;eor
  2257;19230601;19230630;   5;   2;    93.0;   -999;   -999;-999;eor
  2257;19230701;19230731;   5;   2;    69.0;   -999;   -999;-999;eor
  2257;19230801;19230831;   5;   2;   111.0;   -999;   -999;-999;eor
  2257;19230901;19230930;   5;   2;    69.0;   -999;   -999;-999;eor
  2257;19231001;19231031;   5;   2;   138.0;   -999;   -999;-999;eor
  2257;19231101;19231130;   5;   2;    55.0;   -999;   -999;-999;eor
  2257;19231201;19231231;   5;   2;    74.0;   -999;   -999;-999;eor
  2257;19240101;19240131;   5;   2;    43.0;   -999;   -999;-999;eor
  2257;19240201;19240229;   5;   2;    44.0;   -999;   -999;-999;eor
  2257;19240301;19240331;   5;   2;    26.0;   -999;   -999;-999;eor
  2257;19240401;19240430;   5;   2;    65.0;   -999;   -999;-999;eor
  2257;19240501;19240531;   5;   2;    74.0;   -999;   -999;-999;eor
  2257;19240601;19240630;   5;   2;    70.0;   -999;   -999;-999;eor
  2257;19240701;19240731;   5;   2;   122.0;   -999;   -999;-999;eor
  2257;19240801;19240831;   5;   2;   156.0;   -999;   -999;-999;eor
  2257;19240901;19240930;   5;   2;   143.0;   -999;   -999;-999;eor
  2257;19241001;19241031;   5;   2;    65.0;   -999;   -999;-999;eor
  2257;19241101;19241130;   5;   2;    39.0;   -999;   -999;-999;eor
  2257;19241201;19241231;   5;   2;    14.0;   -999;   -999;-999;eor
  2257;19250101;19250131;   5;   2;   119.0;   -999;   -999;-999;eor
  2257;19250201;19250228;   5;   2;    41.0;   -999;   -999;-999;eor
  2257;19250301;19250331;   5;   2;    80.0;   -999;   -999;-999;eor
  2257;19250401;19250430;   5;   2;    35.0;   -999;   -999;-999;eor
  2257;19250501;19250531;   5;   2;    52.0;   -999;   -999;-999;eor
  2257;19250601;19250630;   5;   2;    47.0;   -999;   -999;-999;eor
  2257;19250701;19250731;   5;   2;    67.0;   -999;   -999;-999;eor
  2257;19250801;19250831;   5;   2;    57.0;   -999;   -999;-999;eor
  2257;19250901;19250930;   5;   2;   109.0;   -999;   -999;-999;eor
  2257;19251001;19251031;   5;   2;    65.0;   -999;   -999;-999;eor
  2257;19251101;19251130;   5;   2;    64.0;   -999;   -999;-999;eor
  2257;19251201;19251231;   5;   2;   147.0;   -999;   -999;-999;eor
  2257;19260101;19260131;   5;   2;    99.0;   -999;   -999;-999;eor
  2257;19260201;19260228;   5;   2;    92.0;   -999;   -999;-999;eor
  2257;19260301;19260331;   5;   2;    72.0;   -999;   -999;-999;eor
  2257;19260401;19260430;   5;   2;    44.0;   -999;   -999;-999;eor
  2257;19260501;19260531;   5;   2;    70.0;   -999;   -999;-999;eor
  2257;19260601;19260630;   5;   2;    53.0;   -999;   -999;-999;eor
  2257;19260701;19260731;   5;   2;   149.0;   -999;   -999;-999;eor
  2257;19260801;19260831;   5;   2;    59.0;   -999;   -999;-999;eor
  2257;19260901;19260930;   5;   2;    66.0;   -999;   -999;-999;eor
  2257;19261001;19261031;   5;   2;   147.0;   -999;   -999;-999;eor
  2257;19261101;19261130;   5;   2;   108.0;   -999;   -999;-999;eor
  2257;19261201;19261231;   5;   2;    67.0;   -999;   -999;-999;eor
  2257;19270101;19270131;   5;   2;    44.0;   -999;   -999;-999;eor
  2257;19270201;19270228;   5;   2;    59.0;   -999;   -999;-999;eor
  2257;19270301;19270331;   5;   2;    52.0;   -999;   -999;-999;eor
  2257;19270401;19270430;   5;   2;   123.0;   -999;   -999;-999;eor
  2257;19270501;19270531;   5;   2;    43.0;   -999;   -999;-999;eor
  2257;19270601;19270630;   5;   2;    89.0;   -999;   -999;-999;eor
  2257;19270701;19270731;   5;   2;   165.0;   -999;   -999;-999;eor
  2257;19270801;19270831;   5;   2;   174.0;   -999;   -999;-999;eor
  2257;19270901;19270930;   5;   2;   107.0;   -999;   -999;-999;eor
  2257;19271001;19271031;   5;   2;    36.0;   -999;   -999;-999;eor
  2257;19271101;19271130;   5;   2;    66.0;   -999;   -999;-999;eor
  2257;19271201;19271231;   5;   2;    44.0;   -999;   -999;-999;eor
  2257;19280101;19280131;   5;   2;    75.0;   -999;   -999;-999;eor
  2257;19280201;19280229;   5;   2;    83.0;   -999;   -999;-999;eor
  2257;19280301;19280331;   5;   2;    14.0;   -999;   -999;-999;eor
  2257;19280401;19280430;   5;   2;    83.0;   -999;   -999;-999;eor
  2257;19280501;19280531;   5;   2;    96.0;   -999;   -999;-999;eor
  2257;19280601;19280630;   5;   2;    85.0;   -999;   -999;-999;eor
  2257;19280701;19280731;   5;   2;    55.0;   -999;   -999;-999;eor
  2257;19280801;19280831;   5;   2;   103.0;   -999;   -999;-999;eor
  2257;19280901;19280930;   5;   2;    53.0;   -999;   -999;-999;eor
  2257;19281001;19281031;   5;   2;   101.0;   -999;   -999;-999;eor
  2257;19281101;19281130;   5;   2;   148.0;   -999;   -999;-999;eor
  2257;19281201;19281231;   5;   2;    72.0;   -999;   -999;-999;eor
  2257;19290101;19290131;   5;   2;    25.0;   -999;   -999;-999;eor
  2257;19290201;19290228;   5;   2;    16.0;   -999;   -999;-999;eor
  2257;19290301;19290331;   5;   2;    13.0;   -999;   -999;-999;eor
  2257;19290401;19290430;   5;   2;    52.0;   -999;   -999;-999;eor
  2257;19290501;19290531;   5;   2;    11.0;   -999;   -999;-999;eor
  2257;19290601;19290630;   5;   2;    66.0;   -999;   -999;-999;eor
  2257;19290701;19290731;   5;   2;    41.0;   -999;   -999;-999;eor
  2257;19290801;19290831;   5;   2;    13.0;   -999;   -999;-999;eor
  2257;19290901;19290930;   5;   2;    33.0;   -999;   -999;-999;eor
  2257;19291001;19291031;   5;   2;   116.0;   -999;   -999;-999;eor
  2257;19291101;19291130;   5;   2;    48.0;   -999;   -999;-999;eor
  2257;19291201;19291231;   5;   2;    92.0;   -999;   -999;-999;eor
  2257;19300101;19300131;   5;   2;    44.0;   -999;   -999;-999;eor
  2257;19300201;19300228;   5;   2;    20.0;   -999;   -999;-999;eor
  2257;19300301;19300331;   5;   2;    31.0;   -999;   -999;-999;eor
  2257;19300401;19300430;   5;   2;    82.0;   -999;   -999;-999;eor
  2257;19300501;19300531;   5;   2;    48.0;   -999;   -999;-999;eor
  2257;19300601;19300630;   5;   2;    85.0;   -999;   -999;-999;eor
  2257;19300701;19300731;   5;   2;    86.0;   -999;   -999;-999;eor
  2257;19300801;19300831;   5;   2;   122.0;   -999;   -999;-999;eor
  2257;19300901;19300930;   5;   2;    86.0;   -999;   -999;-999;eor
  2257;19301001;19301031;   5;   2;    76.0;   -999;   -999;-999;eor
  2257;19301101;19301130;   5;   2;   145.0;   -999;   -999;-999;eor
  2257;19301201;19301231;   5;   2;    28.0;   -999;   -999;-999;eor
  2257;19310101;19310131;   5;   2;   122.0;   -999;   -999;-999;eor
  2257;19310201;19310228;   5;   2;    41.0;   -999;   -999;-999;eor
  2257;19310301;19310331;   5;   2;    32.0;   -999;   -999;-999;eor
  2257;19310401;19310430;   5;   2;    75.0;   -999;   -999;-999;eor
  2257;19310501;19310531;   5;   2;    74.0;   -999;   -999;-999;eor
  2257;19310601;19310630;   5;   2;    56.0;   -999;   -999;-999;eor
  2257;19310701;19310731;   5;   2;   117.0;   -999;   -999;-999;eor
  2257;19310801;19310831;   5;   2;   114.0;   -999;   -999;-999;eor
  2257;19310901;19310930;   5;   2;    64.0;   -999;   -999;-999;eor
  2257;19311001;19311031;   5;   2;    52.0;   -999;   -999;-999;eor
  2257;19311101;19311130;   5;   2;    19.0;   -999;   -999;-999;eor
  2257;19311201;19311231;   5;   2;    68.0;   -999;   -999;-999;eor
  2257;19320101;19320131;   5;   2;    79.0;   -999;   -999;-999;eor
  2257;19320201;19320229;   5;   2;    40.0;   -999;   -999;-999;eor
  2257;19320301;19320331;   5;   2;    31.0;   -999;   -999;-999;eor
  2257;19320401;19320430;   5;   2;    88.0;   -999;   -999;-999;eor
  2257;19320501;19320531;   5;   2;    78.0;   -999;   -999;-999;eor
  2257;19320601;19320630;   5;   2;    22.0;   -999;   -999;-999;eor
  2257;19320701;19320731;   5;   2;    58.0;   -999;   -999;-999;eor
  2257;19320801;19320831;   5;   2;    28.0;   -999;   -999;-999;eor
  2257;19320901;19320930;   5;   2;   108.0;   -999;   -999;-999;eor
  2257;19321001;19321031;   5;   2;   123.0;   -999;   -999;-999;eor
  2257;19321101;19321130;   5;   2;    48.0;   -999;   -999;-999;eor
  2257;19321201;19321231;   5;   2;    17.0;   -999;   -999;-999;eor
  2257;19330101;19330131;   5;   2;    32.0;   -999;   -999;-999;eor
  2257;19330201;19330228;   5;   2;    65.0;   -999;   -999;-999;eor
  2257;19330301;19330331;   5;   2;    40.0;   -999;   -999;-999;eor
  2257;19330401;19330430;   5;   2;    22.0;   -999;   -999;-999;eor
  2257;19330501;19330531;   5;   2;    61.0;   -999;   -999;-999;eor
  2257;19330601;19330630;   5;   2;   172.0;   -999;   -999;-999;eor
  2257;19330701;19330731;   5;   2;    50.0;   -999;   -999;-999;eor
  2257;19330801;19330831;   5;   2;    58.0;   -999;   -999;-999;eor
  2257;19330901;19330930;   5;   2;    45.0;   -999;   -999;-999;eor
  2257;19331001;19331031;   5;   2;    45.0;   -999;   -999;-999;eor
  2257;19331101;19331130;   5;   2;    61.0;   -999;   -999;-999;eor
  2257;19331201;19331231;   5;   2;    21.0;   -999;   -999;-999;eor
  2257;19340101;19340131;   5;   2;    57.0;   -999;   -999;-999;eor
  2257;19340201;19340228;   5;   2;    27.0;   -999;   -999;-999;eor
  2257;19340301;19340331;   5;   2;    28.0;   -999;   -999;-999;eor
  2257;19340401;19340430;   5;   2;    69.0;   -999;   -999;-999;eor
  2257;19340501;19340531;   5;   2;    55.0;   -999;   -999;-999;eor
  2257;19340601;19340630;   5;   2;    71.0;   -999;   -999;-999;eor
  2257;19340701;19340731;   5;   2;    77.0;   -999;   -999;-999;eor
  2257;19340801;19340831;   5;   2;    53.0;   -999;   -999;-999;eor
  2257;19340901;19340930;   5;   2;    35.0;   -999;   -999;-999;eor
  2257;19341001;19341031;   5;   2;    92.0;   -999;   -999;-999;eor
  2257;19341101;19341130;   5;   2;    49.0;   -999;   -999;-999;eor
  2257;19341201;19341231;   5;   2;    69.0;   -999;   -999;-999;eor
  2257;19350101;19350131;   5;   2;    74.0;   -999;   -999;-999;eor
  2257;19350201;19350228;   5;   2;    97.0;   -999;   -999;-999;eor
  2257;19350301;19350331;   5;   2;    40.0;   -999;   -999;-999;eor
  2257;19350401;19350430;   5;   2;   109.0;   -999;   -999;-999;eor
  2257;19350501;19350531;   5;   2;    48.0;   -999;   -999;-999;eor
  2257;19350601;19350630;   5;   2;    62.0;   -999;   -999;-999;eor
  2257;19350701;19350731;   5;   2;    40.0;   -999;   -999;-999;eor
  2257;19350801;19350831;   5;   2;    30.0;   -999;   -999;-999;eor
  2257;19350901;19350930;   5;   2;   118.0;   -999;   -999;-999;eor
  2257;19351001;19351031;   5;   2;    98.0;   -999;   -999;-999;eor
  2257;19351101;19351130;   5;   2;    39.0;   -999;   -999;-999;eor
  2257;19351201;19351231;   5;   2;    46.0;   -999;   -999;-999;eor
  2257;19360101;19360131;   5;   2;    74.0;   -999;   -999;-999;eor
  2257;19360201;19360229;   5;   2;   121.0;   -999;   -999;-999;eor
  2257;19360301;19360331;   5;   2;    18.0;   -999;   -999;-999;eor
  2257;19360401;19360430;   5;   2;   140.0;   -999;   -999;-999;eor
  2257;19360501;19360531;   5;   2;    62.0;   -999;   -999;-999;eor
  2257;19360601;19360630;   5;   2;    65.0;   -999;   -999;-999;eor
  2257;19360701;19360731;   5;   2;   123.0;   -999;   -999;-999;eor
  2257;19360801;19360831;   5;   2;    47.0;   -999;   -999;-999;eor
  2257;19360901;19360930;   5;   2;    98.0;   -999;   -999;-999;eor
  2257;19361001;19361031;   5;   2;    90.0;   -999;   -999;-999;eor
  2257;19361101;19361130;   5;   2;    64.0;   -999;   -999;-999;eor
  2257;19361201;19361231;   5;   2;    79.0;   -999;   -999;-999;eor
  2257;19370101;19370131;   5;   2;    60.0;   -999;   -999;-999;eor
  2257;19370201;19370228;   5;   2;   115.0;   -999;   -999;-999;eor
  2257;19370301;19370331;   5;   2;    69.0;   -999;   -999;-999;eor
  2257;19370401;19370430;   5;   2;    93.0;   -999;   -999;-999;eor
  2257;19370501;19370531;   5;   2;    59.0;   -999;   -999;-999;eor
  2257;19370601;19370630;   5;   2;    90.0;   -999;   -999;-999;eor
  2257;19370701;19370731;   5;   2;    48.0;   -999;   -999;-999;eor
  2257;19370801;19370831;   5;   2;    58.0;   -999;   -999;-999;eor
  2257;19370901;19370930;   5;   2;    50.0;   -999;   -999;-999;eor
  2257;19371001;19371031;   5;   2;    28.0;   -999;   -999;-999;eor
  2257;19371101;19371130;   5;   2;    34.0;   -999;   -999;-999;eor
  2257;19371201;19371231;   5;   2;    60.0;   -999;   -999;-999;eor
  2257;19380101;19380131;   5;   2;   161.0;   -999;   -999;-999;eor
  2257;19380201;19380228;   5;   2;    51.0;   -999;   -999;-999;eor
  2257;19380301;19380331;   5;   2;    30.0;   -999;   -999;-999;eor
  2257;19380401;19380430;   5;   2;    44.0;   -999;   -999;-999;eor
  2257;19380501;19380531;   5;   2;    52.0;   -999;   -999;-999;eor
  2257;19380601;19380630;   5;   2;    35.0;   -999;   -999;-999;eor
  2257;19380701;19380731;   5;   2;    53.0;   -999;   -999;-999;eor
  2257;19380801;19380831;   5;   2;    63.0;   -999;   -999;-999;eor
  2257;19380901;19380930;   5;   2;    85.0;   -999;   -999;-999;eor
  2257;19381001;19381031;   5;   2;    89.0;   -999;   -999;-999;eor
  2257;19381101;19381130;   5;   2;    65.0;   -999;   -999;-999;eor
  2257;19381201;19381231;   5;   2;    65.0;   -999;   -999;-999;eor
  2257;19390101;19390131;   5;   2;    97.0;   -999;   -999;-999;eor
  2257;19390201;19390228;   5;   2;    43.0;   -999;   -999;-999;eor
  2257;19390301;19390331;   5;   2;    77.0;   -999;   -999;-999;eor
  2257;19390401;19390430;   5;   2;    73.0;   -999;   -999;-999;eor
  2257;19390501;19390531;   5;   2;    31.0;   -999;   -999;-999;eor
  2257;19390601;19390630;   5;   2;    67.0;   -999;   -999;-999;eor
  2257;19390701;19390731;   5;   2;    83.0;   -999;   -999;-999;eor
  2257;19390801;19390831;   5;   2;   101.0;   -999;   -999;-999;eor
  2257;19390901;19390930;   5;   2;    65.0;   -999;   -999;-999;eor
  2257;19391001;19391031;   5;   2;    85.0;   -999;   -999;-999;eor
  2257;19391101;19391130;   5;   2;   138.0;   -999;   -999;-999;eor
  2257;19391201;19391231;   5;   2;    28.0;   -999;   -999;-999;eor
  2257;19400101;19400131;   5;   2;    31.0;   -999;   -999;-999;eor
  2257;19400201;19400229;   5;   2;    25.0;   -999;   -999;-999;eor
  2257;19400301;19400331;   5;   2;   106.0;   -999;   -999;-999;eor
  2257;19400401;19400430;   5;   2;    58.0;   -999;   -999;-999;eor
  2257;19400501;19400531;   5;   2;    54.0;   -999;   -999;-999;eor
  2257;19400601;19400630;   5;   2;   106.0;   -999;   -999;-999;eor
  2257;19400701;19400731;   5;   2;    78.0;   -999;   -999;-999;eor
  2257;19400801;19400831;   5;   2;    77.0;   -999;   -999;-999;eor
  2257;19400901;19400930;   5;   2;    65.0;   -999;   -999;-999;eor
  2257;19401001;19401031;   5;   2;    44.0;   -999;   -999;-999;eor
  2257;19401101;19401130;   5;   2;   125.0;   -999;   -999;-999;eor
  2257;19401201;19401231;   5;   2;   115.0;   -999;   -999;-999;eor
  2257;19410101;19410131;   5;   2;    38.0;   -999;   -999;   12.8;eor
  2257;19410201;19410228;   5;   2;    67.4;   -999;   -999;   17.6;eor
  2257;19410301;19410331;   5;   2;    52.0;   -999;   -999;   19.2;eor
  2257;19410401;19410430;   5;   2;    30.0;   -999;   -999;    5.9;eor
  2257;19410501;19410531;   5;   2;    56.6;   -999;   -999;   40.5;eor
  2257;19410601;19410630;   5;   2;    12.4;   -999;   -999;    2.2;eor
  2257;19410701;19410731;   5;   2;    67.3;   -999;   -999;   22.7;eor
  2257;19410801;19410831;   5;   2;   179.3;   -999;   -999;   20.2;eor
  2257;19410901;19410930;   5;   2;    43.3;   -999;   -999;   10.2;eor
  2257;19411001;19411031;   5;   2;   181.7;   -999;   -999;   43.5;eor
  2257;19411101;19411130;   5;   2;    30.2;   -999;   -999;    7.1;eor
  2257;19411201;19411231;   5;   2;   102.7;   -999;   -999;   15.2;eor
  2257;19420101;19420131;   5;   2;    42.0;   -999;   -999;    9.8;eor
  2257;19420201;19420228;   5;   2;    19.4;   -999;   -999;    5.6;eor
  2257;19420301;19420331;   5;   2;    34.2;   -999;   -999;   12.5;eor
  2257;19420401;19420430;   5;   2;    20.2;   -999;   -999;    4.0;eor
  2257;19420501;19420531;   5;   2;    74.4;   -999;   -999;   16.3;eor
  2257;19420601;19420630;   5;   2;    36.5;   -999;   -999;   11.4;eor
  2257;19420701;19420731;   5;   2;   113.6;   -999;   -999;   38.2;eor
  2257;19420801;19420831;   5;   2;    40.3;   -999;   -999;   14.5;eor
  2257;19420901;19420930;   5;   2;    48.1;   -999;   -999;   22.8;eor
  2257;19421001;19421031;   5;   2;    83.3;   -999;   -999;   13.6;eor
  2257;19421101;19421130;   5;   2;    69.0;   -999;   -999;    9.1;eor
  2257;19421201;19421231;   5;   2;    39.3;   -999;   -999;    9.4;eor
  2257;19430101;19430131;   5;   2;    46.7;   -999;   -999;    8.3;eor
  2257;19430201;19430228;   5;   2;    54.2;   -999;   -999;   10.9;eor
  2257;19430301;19430331;   5;   2;    29.7;   -999;   -999;   12.2;eor
  2257;19430401;19430430;   5;   2;    69.3;   -999;   -999;   14.0;eor
  2257;19430501;19430531;   5;   2;    29.3;   -999;   -999;    8.2;eor
  2257;19430601;19430630;   5;   2;    65.8;   -999;   -999;   10.1;eor
  2257;19430701;19430731;   5;   2;    63.2;   -999;   -999;   18.3;eor
  2257;19430801;19430831;   5;   2;   126.8;   -999;   -999;   19.8;eor
  2257;19430901;19430930;   5;   2;    56.8;   -999;   -999;   17.8;eor
  2257;19431001;19431031;   5;   2;     9.2;   -999;   -999;    3.9;eor
  2257;19431101;19431130;   5;   2;   105.6;   -999;   -999;   26.6;eor
  2257;19431201;19431231;   5;   2;    31.1;   -999;   -999;   10.1;eor
  2257;19440101;19440131;   5;   2;   119.2;   -999;   -999;   40.4;eor
  2257;19440201;19440229;   5;   2;    51.2;   -999;   -999;    9.1;eor
  2257;19440301;19440331;   5;   2;    59.7;   -999;   -999;   11.2;eor
  2257;19440401;19440430;   5;   2;    33.1;   -999;   -999;    7.2;eor
  2257;19440501;19440531;   5;   2;    45.4;   -999;   -999;    8.7;eor
  2257;19440601;19440630;   5;   2;   131.0;   -999;   -999;   26.0;eor
  2257;19440701;19440731;   5;   2;   145.2;   -999;   -999;   29.3;eor
  2257;19440801;19440831;   5;   2;    32.2;   -999;   -999;   10.6;eor
  2257;19440901;19440930;   5;   2;    30.5;   -999;   -999;    5.2;eor
  2257;19441001;19441031;   5;   2;    75.5;   -999;   -999;   13.3;eor
  2257;19441101;19441130;   5;   2;   144.5;   -999;   -999;   19.0;eor
  2257;19441201;19441231;   5;   2;    60.2;   -999;   -999;    9.8;eor
  2257;19470101;19470131;   5;   2;    30.1;   -999;   -999;    8.0;eor
  2257;19470201;19470228;   5;   2;    16.3;   -999;   -999;    4.8;eor
  2257;19470301;19470331;   5;   2;    78.3;   -999;   -999;   14.8;eor
  2257;19470401;19470430;   5;   2;    61.3;   -999;   -999;   12.4;eor
  2257;19470501;19470531;   5;   2;    37.5;   -999;   -999;   20.3;eor
  2257;19470601;19470630;   5;   2;    86.0;   -999;   -999;   29.5;eor
  2257;19470701;19470731;   5;   2;    44.6;   -999;   -999;   10.4;eor
  2257;19470801;19470831;   5;   2;    24.5;   -999;   -999;   10.2;eor
  2257;19470901;19470930;   5;   2;    42.5;   -999;   -999;   17.2;eor
  2257;19471001;19471031;   5;   2;    14.0;   -999;   -999;    4.1;eor
  2257;19471101;19471130;   5;   2;   130.3;   -999;   -999;   24.2;eor
  2257;19471201;19471231;   5;   2;   125.9;   -999;   -999;   27.2;eor
  2257;19480101;19480131;   5;   2;   111.8;   -999;   -999;   15.5;eor
  2257;19480201;19480229;   5;   2;    90.9;   -999;   -999;   20.6;eor
  2257;19480301;19480331;   5;   2;    23.4;   -999;   -999;    7.2;eor
  2257;19480401;19480430;   5;   2;    41.7;   -999;   -999;   12.5;eor
  2257;19480501;19480531;   5;   2;    68.3;   -999;   -999;   13.2;eor
  2257;19480601;19480630;   5;   2;    66.0;   -999;   -999;   13.2;eor
  2257;19480701;19480731;   5;   2;   179.3;   -999;   -999;   58.0;eor
  2257;19480801;19480831;   5;   2;    89.3;   -999;   -999;   18.8;eor
  2257;19480901;19480930;   5;   2;    33.4;   -999;   -999;    6.8;eor
  2257;19481001;19481031;   5;   2;    36.3;   -999;   -999;    5.1;eor
  2257;19481101;19481130;   5;   2;    30.2;   -999;   -999;    8.2;eor
  2257;19481201;19481231;   5;   2;    20.6;   -999;   -999;    5.2;eor
  2257;19490101;19490131;   5;   2;    22.6;   -999;   -999;    3.4;eor
  2257;19490201;19490228;   5;   2;    44.2;   -999;   -999;   11.5;eor
  2257;19490301;19490331;   5;   2;    45.8;   -999;   -999;    9.2;eor
  2257;19490401;19490430;   5;   2;    53.9;   -999;   -999;   17.4;eor
  2257;19490501;19490531;   5;   2;   106.0;   -999;   -999;   24.2;eor
  2257;19490601;19490630;   5;   2;    67.0;   -999;   -999;   12.2;eor
  2257;19490701;19490731;   5;   2;    61.5;   -999;   -999;   19.8;eor
  2257;19490801;19490831;   5;   2;    35.5;   -999;   -999;   11.1;eor
  2257;19490901;19490930;   5;   2;    44.6;   -999;   -999;   12.1;eor
  2257;19491001;19491031;   5;   2;    21.0;   -999;   -999;    6.1;eor
  2257;19491101;19491130;   5;   2;    92.9;   -999;   -999;   23.2;eor
  2257;19491201;19491231;   5;   2;    86.1;   -999;   -999;   14.0;eor
  2257;19500101;19500131;   5;   2;    65.4;   -999;   -999;   16.3;eor
  2257;19500201;19500228;   5;   2;    81.6;   -999;   -999;   18.4;eor
  2257;19500301;19500331;   5;   2;    12.0;   -999;   -999;    3.8;eor
  2257;19500401;19500430;   5;   2;    76.5;   -999;   -999;   11.3;eor
  2257;19500501;19500531;   5;   2;    74.8;   -999;   -999;   18.3;eor
  2257;19500601;19500630;   5;   2;    46.3;   -999;   -999;   19.2;eor
  2257;19500701;19500731;   5;   2;   108.5;   -999;   -999;   30.4;eor
  2257;19500801;19500831;   5;   2;    88.6;   -999;   -999;   22.1;eor
  2257;19500901;19500930;   5;   2;    65.2;   -999;   -999;   11.2;eor
  2257;19501001;19501031;   5;   2;    51.9;   -999;   -999;   13.4;eor
  2257;19501101;19501130;   5;   2;    82.9;   -999;   -999;   16.8;eor
  2257;19501201;19501231;   5;   2;    40.3;   -999;   -999;    9.2;eor
  2257;19510101;19510131;   5;   2;    68.6;   -999;   -999;   14.6;eor
  2257;19510201;19510228;   5;   2;    52.9;   -999;   -999;   12.6;eor
  2257;19510301;19510331;   5;   2;    87.1;   -999;   -999;   18.2;eor
  2257;19510401;19510430;   5;   2;    57.9;   -999;   -999;   12.3;eor
  2257;19510501;19510531;   5;   2;    82.9;   -999;   -999;   15.0;eor
  2257;19510601;19510630;   5;   2;    42.8;   -999;   -999;    7.1;eor
  2257;19510701;19510731;   5;   2;    84.6;   -999;   -999;   16.5;eor
  2257;19510801;19510831;   5;   2;    40.2;   -999;   -999;    5.8;eor
  2257;19510901;19510930;   5;   2;    66.5;   -999;   -999;   19.5;eor
  2257;19511001;19511031;   5;   2;    17.0;   -999;   -999;   13.0;eor
  2257;19511101;19511130;   5;   2;   149.0;   -999;   -999;   40.8;eor
  2257;19511201;19511231;   5;   2;    44.8;   -999;   -999;    9.3;eor
  2257;19520101;19520131;   5;   2;   103.2;   -999;   -999;   21.6;eor
  2257;19520201;19520229;   5;   2;    35.0;   -999;   -999;   10.2;eor
  2257;19520301;19520331;   5;   2;    60.2;   -999;   -999;   11.2;eor
  2257;19520401;19520430;   5;   2;    22.5;   -999;   -999;    6.1;eor
  2257;19520501;19520531;   5;   2;    33.0;   -999;   -999;    8.0;eor
  2257;19520601;19520630;   5;   2;    51.9;   -999;   -999;   16.7;eor
  2257;19520701;19520731;   5;   2;    41.9;   -999;   -999;   11.8;eor
  2257;19520801;19520831;   5;   2;    74.0;   -999;   -999;   12.8;eor
  2257;19520901;19520930;   5;   2;    42.9;   -999;   -999;    8.0;eor
  2257;19521001;19521031;   5;   2;    89.1;   -999;   -999;   12.1;eor
  2257;19521101;19521130;   5;   2;   105.7;   -999;   -999;   19.8;eor
  2257;19521201;19521231;   5;   2;    62.7;   -999;   -999;    9.3;eor
  2257;19530101;19530131;   5;   2;    61.3;   -999;   -999;   13.2;eor
  2257;19530201;19530228;   5;   2;    38.6;   -999;   -999;    7.1;eor
  2257;19530301;19530331;   5;   2;    22.5;   -999;   -999;    6.6;eor
  2257;19530401;19530430;   5;   2;    43.7;   -999;   -999;   12.2;eor
  2257;19530501;19530531;   5;   2;    75.4;   -999;   -999;   19.4;eor
  2257;19530601;19530630;   5;   2;    61.7;   -999;   -999;   18.4;eor
  2257;19530701;19530731;   5;   2;    71.6;   -999;   -999;   16.3;eor
  2257;19530801;19530831;   5;   2;    82.8;   -999;   -999;   17.8;eor
  2257;19530901;19530930;   5;   2;    39.7;   -999;   -999;   17.1;eor
  2257;19531001;19531031;   5;   2;    33.3;   -999;   -999;    6.6;eor
  2257;19531101;19531130;   5;   2;    13.4;   -999;   -999;    4.0;eor
  2257;19531201;19531231;   5;   2;    48.2;   -999;   -999;   17.2;eor
  2257;19540101;19540131;   5;   2;    72.5;   -999;   -999;   16.2;eor
  2257;19540201;19540228;   5;   2;    29.9;   -999;   -999;    9.0;eor
  2257;19540301;19540331;   5;   2;    31.7;   -999;   -999;    9.8;eor
  2257;19540401;19540430;   5;   2;    36.4;   -999;   -999;    9.8;eor
  2257;19540501;19540531;   5;   2;    38.8;   -999;   -999;   14.0;eor
  2257;19540601;19540630;   5;   2;    38.4;   -999;   -999;    7.4;eor
  2257;19540701;19540731;   5;   2;   227.5;   -999;   -999;   30.4;eor
  2257;19540801;19540831;   5;   2;   108.5;   -999;   -999;   23.6;eor
  2257;19540901;19540930;   5;   2;   110.2;   -999;   -999;   18.7;eor
  2257;19541001;19541031;   5;   2;   112.5;   -999;   -999;   22.5;eor
  2257;19541101;19541130;   5;   2;    46.5;   -999;   -999;    8.5;eor
  2257;19541201;19541231;   5;   2;   101.5;   -999;   -999;   14.8;eor
  2257;19550101;19550131;   5;   2;    47.6;   -999;   -999;   13.2;eor
  2257;19550201;19550228;   5;   2;    54.9;   -999;   -999;   13.6;eor
  2257;19550301;19550331;   5;   2;    56.6;   -999;   -999;    8.2;eor
  2257;19550401;19550430;   5;   2;    73.2;   -999;   -999;   16.2;eor
  2257;19550501;19550531;   5;   2;    79.8;   -999;   -999;   10.0;eor
  2257;19550601;19550630;   5;   2;    87.3;   -999;   -999;   22.2;eor
  2257;19550701;19550731;   5;   2;    84.6;   -999;   -999;   26.8;eor
  2257;19550801;19550831;   5;   2;    64.1;   -999;   -999;   13.6;eor
  2257;19550901;19550930;   5;   2;    71.6;   -999;   -999;   27.2;eor
  2257;19551001;19551031;   5;   2;    52.7;   -999;   -999;   15.2;eor
  2257;19551101;19551130;   5;   2;    36.6;   -999;   -999;    6.1;eor
  2257;19551201;19551231;   5;   2;   108.7;   -999;   -999;   16.3;eor
  2257;19560101;19560131;   5;   2;    73.0;   -999;   -999;   12.4;eor
  2257;19560201;19560229;   5;   2;    34.9;   -999;   -999;   10.2;eor
  2257;19560301;19560331;   5;   2;    48.7;   -999;   -999;   14.8;eor
  2257;19560401;19560430;   5;   2;    56.2;   -999;   -999;   13.3;eor
  2257;19560501;19560531;   5;   2;    46.2;   -999;   -999;   22.7;eor
  2257;19560601;19560630;   5;   2;   159.9;   -999;   -999;   57.1;eor
  2257;19560701;19560731;   5;   2;   209.7;   -999;   -999;   42.4;eor
  2257;19560801;19560831;   5;   2;   109.2;   -999;   -999;   19.7;eor
  2257;19560901;19560930;   5;   2;    92.6;   -999;   -999;   30.0;eor
  2257;19561001;19561031;   5;   2;    92.9;   -999;   -999;   26.6;eor
  2257;19561101;19561130;   5;   2;    62.0;   -999;   -999;   11.2;eor
  2257;19561201;19561231;   5;   2;    41.9;   -999;   -999;    5.2;eor
  2257;19570101;19570131;   5;   2;    68.2;   -999;   -999;   17.3;eor
  2257;19570201;19570228;   5;   2;    88.6;   -999;   -999;   11.0;eor
  2257;19570301;19570331;   5;   2;    79.3;   -999;   -999;   22.3;eor
  2257;19570401;19570430;   5;   2;    10.8;   -999;   -999;    5.1;eor
  2257;19570501;19570531;   5;   2;    64.9;   -999;   -999;   12.0;eor
  2257;19570601;19570630;   5;   2;    71.3;   -999;   -999;   20.5;eor
  2257;19570701;19570731;   5;   2;   106.5;   -999;   -999;   35.8;eor
  2257;19570801;19570831;   5;   2;   109.9;   -999;   -999;   25.8;eor
  2257;19570901;19570930;   5;   2;   186.2;   -999;   -999;   33.8;eor
  2257;19571001;19571031;   5;   2;    37.6;   -999;   -999;    6.5;eor
  2257;19571101;19571130;   5;   2;    46.6;   -999;   -999;   10.1;eor
  2257;19571201;19571231;   5;   2;    78.6;   -999;   -999;   14.2;eor
  2257;19580101;19580131;   5;   2;    73.1;   -999;   -999;   10.2;eor
  2257;19580201;19580228;   5;   2;   127.6;   -999;   -999;   32.5;eor
  2257;19580301;19580331;   5;   2;    35.7;   -999;   -999;    4.5;eor
  2257;19580401;19580430;   5;   2;    66.6;   -999;   -999;   17.2;eor
  2257;19580501;19580531;   5;   2;    76.1;   -999;   -999;   12.0;eor
  2257;19580601;19580630;   5;   2;    93.6;   -999;   -999;   24.6;eor
  2257;19580701;19580731;   5;   2;    95.0;   -999;   -999;   19.0;eor
  2257;19580801;19580831;   5;   2;   131.3;   -999;   -999;   26.2;eor
  2257;19580901;19580930;   5;   2;    51.9;   -999;   -999;   15.4;eor
  2257;19581001;19581031;   5;   2;    76.8;   -999;   -999;   16.2;eor
  2257;19581101;19581130;   5;   2;    28.0;   -999;   -999;    8.2;eor
  2257;19581201;19581231;   5;   2;    88.0;   -999;   -999;   16.7;eor
  2257;19590101;19590131;   5;   2;    89.4;   -999;   -999;   10.2;eor
  2257;19590201;19590228;   5;   2;     4.1;   -999;   -999;    2.8;eor
  2257;19590301;19590331;   5;   2;    43.0;   -999;   -999;   12.2;eor
  2257;19590401;19590430;   5;   2;    42.7;   -999;   -999;    7.5;eor
  2257;19590501;19590531;   5;   2;    10.5;   -999;   -999;    3.0;eor
  2257;19590601;19590630;   5;   2;    31.3;   -999;   -999;    6.4;eor
  2257;19590701;19590731;   5;   2;    75.1;   -999;   -999;   32.1;eor
  2257;19590801;19590831;   5;   2;    24.1;   -999;   -999;   12.6;eor
  2257;19590901;19590930;   5;   2;     5.1;   -999;   -999;    3.8;eor
  2257;19591001;19591031;   5;   2;    45.8;   -999;   -999;   17.7;eor
  2257;19591101;19591130;   5;   2;    37.4;   -999;   -999;   12.2;eor
  2257;19591201;19591231;   5;   2;    55.2;   -999;   -999;   14.1;eor
  2257;19600101;19600131;   5;   2;    98.0;   -999;   -999;   11.6;eor
  2257;19600201;19600229;   5;   2;    52.6;   -999;   -999;    6.1;eor
  2257;19600301;19600331;   5;   2;    27.4;   -999;   -999;    7.0;eor
  2257;19600401;19600430;   5;   2;    58.8;   -999;   -999;    8.6;eor
  2257;19600501;19600531;   5;   2;    71.7;   -999;   -999;   12.0;eor
  2257;19600601;19600630;   5;   2;    35.8;   -999;   -999;   10.6;eor
  2257;19600701;19600731;   5;   2;    88.1;   -999;   -999;   17.0;eor
  2257;19600801;19600831;   5;   2;   153.6;   -999;   -999;   25.2;eor
  2257;19600901;19600930;   5;   2;    36.1;   -999;   -999;    9.5;eor
  2257;19601001;19601031;   5;   2;   136.5;   -999;   -999;   23.2;eor
  2257;19601101;19601130;   5;   2;   121.0;   -999;   -999;   15.2;eor
  2257;19601201;19601230;-999;-999;    -999;   -999;   -999;   34.2;eor
  2257;19961001;19961031;   9;   2;   106.0;      0;      0;   28.4;eor
  2257;19961101;19961130;   9;   2;   103.0;      3;      3;   16.4;eor
  2257;19961201;19961231;   9;   2;    48.6;      7;     30;   16.9;eor
  2257;19970101;19970131;   9;   2;    10.3;      4;     89;    3.5;eor
  2257;19970201;19970228;   9;   2;   107.8;      1;      1;   20.3;eor
  2257;19970301;19970331;   9;   2;    44.6;      0;      0;   17.0;eor
  2257;19970401;19970430;   9;   2;    39.0;      1;      1;    8.3;eor
  2257;19970501;19970531;   9;   2;    53.6;      0;      0;   12.2;eor
  2257;19970601;19970630;   9;   2;    67.6;      0;      0;   15.6;eor
  2257;19970701;19970731;   9;   2;    78.4;      0;      0;   10.0;eor
  2257;19970801;19970831;   9;   2;    47.8;      0;      0;   13.7;eor
  2257;19970901;19970930;   9;   2;    27.8;      0;      0;   15.5;eor
  2257;19971001;19971031;   9;   2;    55.9;      0;      0;   13.2;eor
  2257;19971101;19971130;   9;   2;    53.4;      0;      0;   12.7;eor
  2257;19971201;19971231;   9;   2;    81.4;   -999;   -999;   10.0;eor
  2257;19980101;19980131;   9;   2;    59.0;      3;      3;   18.6;eor
  2257;19980201;19980228;   9;   2;    21.9;   -999;   -999;    8.0;eor
  2257;19980301;19980331;   9;   2;   104.2;      0;      0;   25.0;eor
  2257;19980401;19980430;   9;   2;   105.9;      0;      0;   20.5;eor
  2257;19980501;19980531;   9;   2;    85.9;      0;      0;   24.4;eor
  2257;19980601;19980630;   9;   2;   120.0;      0;      0;   16.2;eor
  2257;19980701;19980731;   9;   2;    71.2;      0;      0;   12.5;eor
  2257;19980801;19980831;   9;   2;   108.9;      0;      0;   23.6;eor
  2257;19980901;19980930;   9;   2;   143.0;      0;      0;   38.3;eor
  2257;19981001;19981031;   9;   2;   212.7;      0;      0;   34.5;eor
  2257;19981101;19981130;   9;   2;    88.9;      4;     12;   15.1;eor
  2257;19981201;19981231;   9;   2;    68.8;     12;     59;   10.0;eor
  2257;19990101;19990131;   9;   2;    75.2;      6;      6;   10.0;eor
  2257;19990201;19990228;   9;   2;    93.9;     16;     95;   22.5;eor
  2257;19990301;19990331;   9;   2;    78.4;      0;      0;   20.0;eor
  2257;19990401;19990430;   9;   2;    65.0;      2;      2;   11.1;eor
  2257;19990501;19990531;   9;   2;    80.6;      0;      0;   24.0;eor
  2257;19990601;19990630;   9;   2;    76.8;      0;      0;   20.0;eor
  2257;19990701;19990731;   9;   2;   131.5;      0;      0;   47.5;eor
  2257;19990801;19990831;   9;   2;    93.1;      0;      0;   30.0;eor
  2257;19990901;19990930;   9;   2;    68.9;      0;      0;   18.0;eor
  2257;19991001;19991031;   9;   2;    55.6;      0;      0;   25.5;eor
  2257;19991101;19991130;   9;   2;    80.7;     13;     21;   16.5;eor
  2257;19991201;19991231;   9;   2;   116.6;      5;      9;   18.3;eor
  2257;20000101;20000131;   9;   2;   103.1;   -999;   -999;   35.0;eor
  2257;20000201;20000229;   9;   2;   104.2;   -999;   -999;   21.0;eor
  2257;20000301;20000331;   9;   2;   121.3;   -999;   -999;   37.2;eor
  2257;20000401;20000430;   9;   2;    33.5;   -999;   -999;   12.0;eor
  2257;20000501;20000531;   9;   2;    38.5;   -999;   -999;   12.0;eor
  2257;20000601;20000630;   9;   2;    40.8;   -999;   -999;    7.3;eor
  2257;20000701;20000731;   9;   2;   119.1;   -999;   -999;   28.0;eor
  2257;20000801;20000831;   9;   2;    66.7;   -999;   -999;   14.0;eor
  2257;20000901;20000930;   9;   2;    72.5;   -999;   -999;   14.0;eor
  2257;20001001;20001031;   9;   2;    51.7;   -999;   -999;   12.0;eor
  2257;20001101;20001130;   9;   2;    33.3;   -999;   -999;    6.2;eor
  2257;20001201;20001231;   9;   2;    58.7;   -999;   -999;   10.5;eor
  2257;20010101;20010131;   9;   2;    66.8;      7;     10;   20.0;eor
  2257;20010201;20010228;   9;   2;    67.5;     14;     19;   21.0;eor
  2257;20010301;20010331;   9;   2;    74.7;   -999;   -999;   12.0;eor
  2257;20010701;20010731;   9;   2;    65.3;      0;      0;   23.8;eor
  2257;20010801;20010831;   9;   2;    52.3;      0;      0;   10.6;eor
  2257;20010901;20010930;   9;   2;   156.0;      0;      0;   25.1;eor
  2257;20011001;20011031;   9;   2;    42.7;      0;      0;   11.0;eor
  2257;20011101;20011130;   9;   2;    86.9;      0;      0;   15.4;eor
  2257;20011201;20011231;   9;   2;    95.9;   -999;   -999;   14.0;eor
  2257;20020101;20020131;   9;   2;    61.8;   -999;   -999;   11.2;eor
  2257;20020201;20020228;   9;   2;   113.0;   -999;   -999;   22.5;eor
  2257;20020301;20020331;   9;   2;    42.7;   -999;   -999;    8.4;eor
  2257;20020401;20020430;   9;   2;    71.5;   -999;   -999;   10.1;eor
  2257;20020501;20020531;   9;   2;    91.0;   -999;   -999;   22.0;eor
  2257;20020901;20020930;   9;   2;    66.5;   -999;   -999;   25.0;eor
  2257;20021001;20021031;   9;   2;    93.5;   -999;   -999;   21.0;eor
  2257;20021101;20021130;   9;   2;   120.7;   -999;   -999;   24.0;eor
  2257;20021201;20021231;   9;   2;   120.4;   -999;   -999;   27.0;eor
  2257;20030101;20030131;   9;   2;   105.0;   -999;   -999;   19.1;eor
  2257;20030201;20030228;   9;   2;    32.4;     13;     35;    7.5;eor
  2257;20030301;20030331;   9;   2;    35.8;      0;      0;   15.5;eor
  2257;20030401;20030430;   9;   2;    58.9;      0;      0;   15.1;eor
  2257;20030501;20030531;   9;   2;    55.4;   -999;   -999;   10.9;eor
  2257;20030601;20030630;   9;   2;   115.0;      0;      0;   58.6;eor
  2257;20030701;20030731;   9;   2;    46.0;      0;      0;   10.0;eor
  2257;20030901;20030930;   9;   2;    91.8;      0;      0;   26.7;eor
  2257;20031001;20031031;   9;   2;   110.4;      0;      0;   43.0;eor
  2257;20031101;20031130;   9;   2;    38.7;      0;      0;   11.2;eor
  2257;20031201;20031231;   9;   2;    70.6;      0;      0;   23.0;eor
  2257;20040101;20040131;   9;   2;   133.2;      6;     10;   24.0;eor
  2257;20040301;20040331;   9;   2;    36.5;   -999;   -999;    8.0;eor
