STATIONS_ID; MESS_DATUM_BEGINN; MESS_DATUM_ENDE; QUALITAETS_NIVEAU; ART; NIEDERSCHLAGSHOEHE;NEUSCHNEEHOEHE;SCHNEEHOEHE; max(NIEDERSCHLAGSHOEHE);eor
 13925;20080701;20080731;  10;   2;    82.3;      0;      0;   31.9;eor
 13925;20080801;20080831;  10;   2;    66.9;      0;      0;   15.7;eor
 13925;20080901;20080930;  10;   2;    32.3;      0;      0;    9.2;eor
 13925;20081001;20081031;  10;   2;    47.7;      0;      0;    7.5;eor
 13925;20081101;20081130;  10;   2;    16.0;     12;     14;    5.2;eor
 13925;20081201;20081231;  10;   2;    42.8;      4;     11;    8.7;eor
 13925;20090101;20090131;  10;   2;    33.4;      5;     43;   10.2;eor
 13925;20090201;20090228;  10;   2;    37.1;      8;     12;    9.0;eor
 13925;20090301;20090331;  10;   2;    29.4;      0;      0;   10.2;eor
 13925;20090401;20090430;  10;   2;    33.8;      0;      0;   10.1;eor
 13925;20090501;20090531;  10;   2;    47.9;      0;      0;   10.7;eor
 13925;20090601;20090630;  10;   2;    66.7;      0;      0;   31.2;eor
 13925;20090701;20090731;  10;   2;    62.6;      0;      0;   13.1;eor
 13925;20090801;20090831;  10;   2;    36.0;      0;      0;   10.8;eor
 13925;20090901;20090930;  10;   2;    29.7;      0;      0;   15.7;eor
 13925;20091001;20091031;  10;   2;    46.5;      0;      0;   11.9;eor
 13925;20091101;20091130;  10;   2;    69.4;      0;      0;   11.2;eor
 13925;20091201;20091231;  10;   2;    67.9;     19;     38;   11.9;eor
 13925;20100101;20100131;  10;   2;    66.9;     58;    346;   10.3;eor
 13925;20100201;20100228;  10;   2;    56.4;     35;    273;    9.7;eor
 13925;20100301;20100331;  10;   2;    25.6;      6;     10;    6.8;eor
 13925;20100401;20100430;  10;   2;    13.8;   -999;   -999;    6.1;eor
 13925;20100501;20100531;  10;   2;   114.5;   -999;   -999;   25.6;eor
 13925;20100601;20100630;  10;   2;    61.0;   -999;   -999;   23.1;eor
 13925;20100701;20100731;  10;   2;    92.0;   -999;   -999;   29.6;eor
 13925;20100801;20100831;  10;   2;   120.8;   -999;   -999;   26.6;eor
 13925;20100901;20100930;  10;   2;    48.5;   -999;   -999;   20.1;eor
 13925;20101001;20101031;  10;   2;    21.7;   -999;   -999;    4.8;eor
 13925;20101101;20101130;   7;   2;    49.6;      8;     10;    9.8;eor
 13925;20101201;20101231;   7;   2;    95.8;     75;    373;   12.6;eor
 13925;20110101;20110131;   3;   2;    31.9;      4;    108;    6.3;eor
 13925;20110201;20110228;   3;   2;    24.7;      9;     22;    4.9;eor
 13925;20110301;20110331;   3;   2;    11.4;      0;      0;    5.9;eor
 13925;20110401;20110430;   3;   2;    20.7;      0;      0;   14.6;eor
 13925;20110501;20110531;   3;   2;    23.8;      0;      0;    9.7;eor
 13925;20110601;20110630;   3;   2;    60.0;      0;      0;   15.3;eor
 13925;20110701;20110731;   3;   2;    59.0;      0;      0;   10.3;eor
 13925;20110801;20110831;   3;   2;    77.7;      0;      0;   24.9;eor
 13925;20110901;20110930;   3;   2;    20.5;      0;      0;   13.6;eor
 13925;20111001;20111031;   3;   2;    21.6;      0;      0;    9.3;eor
 13925;20111101;20111130;   3;   2;     4.0;      0;      0;    1.7;eor
 13925;20111201;20111231;   3;   2;    97.3;      2;      2;   23.0;eor
 13925;20120101;20120131;   3;   2;    49.4;      1;      1;    9.5;eor
 13925;20120201;20120229;   3;   2;     7.2;      6;     33;    3.4;eor
 13925;20120301;20120331;   3;   2;    10.1;      0;      0;    3.1;eor
 13925;20120401;20120430;   3;   2;    30.5;      0;      0;    4.5;eor
 13925;20120501;20120531;   3;   2;    27.7;      0;      0;    7.3;eor
 13925;20120601;20120630;   3;   2;    82.4;      0;      0;   13.3;eor
 13925;20120701;20120731;   3;   2;    56.7;      0;      0;   21.8;eor
 13925;20120801;20120831;   3;   2;    66.3;      0;      0;   25.2;eor
 13925;20120901;20120930;   3;   2;    28.1;      0;      0;    6.7;eor
 13925;20121001;20121031;   3;   2;    64.0;      2;      2;   14.4;eor
 13925;20121101;20121130;   3;   2;    41.7;      0;      0;    9.6;eor
 13925;20121201;20121231;   3;   2;    61.4;     12;     27;   12.5;eor
 13925;20130101;20130131;   3;   2;    20.2;     11;     63;    5.0;eor
 13925;20130201;20130228;   3;   2;    29.3;     27;     56;    3.9;eor
 13925;20130301;20130331;   3;   2;    33.8;     18;     55;   12.0;eor
 13925;20130401;20130430;   3;   2;    57.3;      0;      0;   15.7;eor
 13925;20130501;20130531;   3;   2;   141.3;      0;      0;   41.0;eor
 13925;20130601;20130630;   3;   2;    52.7;      0;      0;   19.3;eor
 13925;20130701;20130731;   3;   2;    11.9;      0;      0;    5.4;eor
 13925;20130801;20130831;   3;   2;    42.4;      0;      0;   14.7;eor
 13925;20130901;20130930;   3;   2;    62.0;      0;      0;   18.7;eor
 13925;20131001;20131031;   3;   2;    98.6;      0;      0;   19.6;eor
 13925;20131101;20131130;   3;   2;    62.7;      0;      0;   16.1;eor
 13925;20131201;20131231;   3;   2;    28.4;      0;      0;   12.8;eor
 13925;20140101;20140131;   3;   2;    28.3;   -999;   -999;    5.8;eor
 13925;20140201;20140228;   3;   2;    39.6;   -999;   -999;   12.6;eor
 13925;20140301;20140331;   3;   2;     6.4;   -999;   -999;    2.4;eor
 13925;20140401;20140430;   3;   2;    15.5;   -999;   -999;    5.1;eor
 13925;20140501;20140531;   3;   2;    52.7;   -999;   -999;   14.8;eor
 13925;20140601;20140630;   3;   2;    26.2;   -999;   -999;   11.5;eor
 13925;20140701;20140731;   3;   2;   171.5;   -999;   -999;   35.1;eor
 13925;20140801;20140831;   3;   2;   106.7;   -999;   -999;   25.3;eor
 13925;20140901;20140930;   3;   2;    50.9;   -999;   -999;   29.5;eor
 13925;20141001;20141031;   3;   2;    63.6;   -999;   -999;   13.1;eor
 13925;20141101;20141130;   3;   2;    57.1;   -999;   -999;   17.5;eor
 13925;20141201;20141231;   3;   2;    54.0;     18;     44;   12.9;eor
