STATIONS_ID; MESS_DATUM_BEGINN; MESS_DATUM_ENDE; QUALITAETS_NIVEAU; ART; NIEDERSCHLAGSHOEHE;NEUSCHNEEHOEHE;SCHNEEHOEHE; max(NIEDERSCHLAGSHOEHE);eor
  2638;19280101;19280131;   5;   2;    35.0;   -999;   -999;-999;eor
  2638;19280201;19280229;   5;   2;    60.0;   -999;   -999;-999;eor
  2638;19280301;19280331;   5;   2;    30.0;   -999;   -999;-999;eor
  2638;19280401;19280430;   5;   2;    53.0;   -999;   -999;-999;eor
  2638;19280501;19280531;   5;   2;    57.0;   -999;   -999;-999;eor
  2638;19280601;19280630;   5;   2;    64.0;   -999;   -999;-999;eor
  2638;19280701;19280731;   5;   2;    10.0;   -999;   -999;-999;eor
  2638;19280801;19280831;   5;   2;    88.0;   -999;   -999;-999;eor
  2638;19280901;19280930;   5;   2;    14.0;   -999;   -999;-999;eor
  2638;19281001;19281031;   5;   2;    72.0;   -999;   -999;-999;eor
  2638;19281101;19281130;   5;   2;    90.0;   -999;   -999;-999;eor
  2638;19281201;19281231;   5;   2;    72.0;   -999;   -999;-999;eor
  2638;19290101;19290131;   5;   2;    34.0;   -999;   -999;-999;eor
  2638;19290201;19290228;   5;   2;    20.0;   -999;   -999;-999;eor
  2638;19290301;19290331;   5;   2;    13.0;   -999;   -999;-999;eor
  2638;19290401;19290430;   5;   2;    50.0;   -999;   -999;-999;eor
  2638;19290501;19290531;   5;   2;    96.0;   -999;   -999;-999;eor
  2638;19290601;19290630;   5;   2;    58.0;   -999;   -999;-999;eor
  2638;19290701;19290731;   5;   2;    99.0;   -999;   -999;-999;eor
  2638;19290801;19290831;   5;   2;    88.0;   -999;   -999;-999;eor
  2638;19290901;19290930;   5;   2;    36.0;   -999;   -999;-999;eor
  2638;19291001;19291031;   5;   2;    97.0;   -999;   -999;-999;eor
  2638;19291101;19291130;   5;   2;    33.0;   -999;   -999;-999;eor
  2638;19291201;19291231;   5;   2;    78.0;   -999;   -999;-999;eor
  2638;19300101;19300131;   5;   2;    37.0;   -999;   -999;-999;eor
  2638;19300201;19300228;   5;   2;    24.0;   -999;   -999;-999;eor
  2638;19300301;19300331;   5;   2;    35.0;   -999;   -999;-999;eor
  2638;19300401;19300430;   5;   2;   135.0;   -999;   -999;-999;eor
  2638;19300501;19300531;   5;   2;   124.0;   -999;   -999;-999;eor
  2638;19300601;19300630;   5;   2;    82.0;   -999;   -999;-999;eor
  2638;19300701;19300731;   5;   2;   149.0;   -999;   -999;-999;eor
  2638;19300801;19300831;   5;   2;   108.0;   -999;   -999;-999;eor
  2638;19300901;19300930;   5;   2;    82.0;   -999;   -999;-999;eor
  2638;19301001;19301031;   5;   2;   115.0;   -999;   -999;-999;eor
  2638;19301101;19301130;   5;   2;    90.0;   -999;   -999;-999;eor
  2638;19301201;19301231;   5;   2;    24.0;   -999;   -999;-999;eor
  2638;19310101;19310131;   5;   2;    73.0;   -999;   -999;-999;eor
  2638;19310201;19310228;   5;   2;    47.0;   -999;   -999;-999;eor
  2638;19310301;19310331;   5;   2;    70.0;   -999;   -999;-999;eor
  2638;19310401;19310430;   5;   2;    58.0;   -999;   -999;-999;eor
  2638;19310501;19310531;   5;   2;    96.0;   -999;   -999;-999;eor
  2638;19310601;19310630;   5;   2;   108.0;   -999;   -999;-999;eor
  2638;19310701;19310731;   5;   2;   142.0;   -999;   -999;-999;eor
  2638;19310801;19310831;   5;   2;   119.0;   -999;   -999;-999;eor
  2638;19310901;19310930;   5;   2;    73.0;   -999;   -999;-999;eor
  2638;19311001;19311031;   5;   2;    66.0;   -999;   -999;-999;eor
  2638;19311101;19311130;   5;   2;    16.0;   -999;   -999;-999;eor
  2638;19311201;19311231;   5;   2;    44.0;   -999;   -999;-999;eor
  2638;19320101;19320131;   5;   2;    36.0;   -999;   -999;-999;eor
  2638;19320201;19320229;   5;   2;    10.0;   -999;   -999;-999;eor
  2638;19320301;19320331;   5;   2;    45.0;   -999;   -999;-999;eor
  2638;19320401;19320430;   5;   2;    49.0;   -999;   -999;-999;eor
  2638;19320501;19320531;   5;   2;    92.0;   -999;   -999;-999;eor
  2638;19320601;19320630;   5;   2;   135.0;   -999;   -999;-999;eor
  2638;19320701;19320731;   5;   2;   150.0;   -999;   -999;-999;eor
  2638;19320801;19320831;   5;   2;    52.0;   -999;   -999;-999;eor
  2638;19320901;19320930;   5;   2;    38.0;   -999;   -999;-999;eor
  2638;19321001;19321031;   5;   2;    60.0;   -999;   -999;-999;eor
  2638;19321101;19321130;   5;   2;    33.0;   -999;   -999;-999;eor
  2638;19321201;19321231;   5;   2;    10.0;   -999;   -999;-999;eor
  2638;19330101;19330131;   5;   2;    30.0;   -999;   -999;-999;eor
  2638;19330201;19330228;   5;   2;    40.0;   -999;   -999;-999;eor
  2638;19330301;19330331;   5;   2;    34.0;   -999;   -999;-999;eor
  2638;19330401;19330430;   5;   2;    48.0;   -999;   -999;-999;eor
  2638;19330501;19330531;   5;   2;   130.0;   -999;   -999;-999;eor
  2638;19330601;19330630;   5;   2;   151.0;   -999;   -999;-999;eor
  2638;19330701;19330731;   5;   2;    57.0;   -999;   -999;-999;eor
  2638;19330801;19330831;   5;   2;    22.0;   -999;   -999;-999;eor
  2638;19330901;19330930;   5;   2;    73.0;   -999;   -999;-999;eor
  2638;19331001;19331031;   5;   2;    75.0;   -999;   -999;-999;eor
  2638;19331101;19331130;   5;   2;    54.0;   -999;   -999;-999;eor
  2638;19331201;19331231;   5;   2;    14.0;   -999;   -999;-999;eor
  2638;19340101;19340131;   5;   2;    47.0;   -999;   -999;-999;eor
  2638;19340201;19340228;   5;   2;    16.0;   -999;   -999;-999;eor
  2638;19340301;19340331;   5;   2;    49.0;   -999;   -999;-999;eor
  2638;19340401;19340430;   5;   2;    25.0;   -999;   -999;-999;eor
  2638;19340501;19340531;   5;   2;    22.0;   -999;   -999;-999;eor
  2638;19340601;19340630;   5;   2;    12.1;   -999;   -999;-999;eor
  2638;19340701;19340731;   5;   2;    67.0;   -999;   -999;-999;eor
  2638;19340801;19340831;   5;   2;   112.0;   -999;   -999;-999;eor
  2638;19340901;19340930;   5;   2;    78.0;   -999;   -999;-999;eor
  2638;19341001;19341031;   5;   2;    45.0;   -999;   -999;-999;eor
  2638;19341101;19341130;   5;   2;    36.0;   -999;   -999;-999;eor
  2638;19341201;19341231;   5;   2;    25.0;   -999;   -999;-999;eor
  2638;19350101;19350131;   5;   2;    72.0;   -999;   -999;-999;eor
  2638;19350201;19350228;   5;   2;    77.0;   -999;   -999;-999;eor
  2638;19350301;19350331;   5;   2;    42.0;   -999;   -999;-999;eor
  2638;19350401;19350430;   5;   2;    95.0;   -999;   -999;-999;eor
  2638;19350501;19350531;   5;   2;    78.0;   -999;   -999;-999;eor
  2638;19350601;19350630;   5;   2;    73.0;   -999;   -999;-999;eor
  2638;19350701;19350731;   5;   2;    31.0;   -999;   -999;-999;eor
  2638;19350801;19350831;   5;   2;   157.0;   -999;   -999;-999;eor
  2638;19350901;19350930;   5;   2;    51.0;   -999;   -999;-999;eor
  2638;19351001;19351031;   5;   2;   120.0;   -999;   -999;-999;eor
  2638;19351101;19351130;   5;   2;    17.0;   -999;   -999;-999;eor
  2638;19351201;19351231;   5;   2;    77.0;   -999;   -999;-999;eor
  2638;19360101;19360131;   5;   2;   113.0;   -999;   -999;-999;eor
  2638;19360201;19360229;   5;   2;    48.0;   -999;   -999;-999;eor
  2638;19360301;19360331;   5;   2;    44.0;   -999;   -999;-999;eor
  2638;19360401;19360430;   5;   2;    89.0;   -999;   -999;-999;eor
  2638;19360501;19360531;   5;   2;    54.0;   -999;   -999;-999;eor
  2638;19360601;19360630;   5;   2;   168.0;   -999;   -999;-999;eor
  2638;19360701;19360731;   5;   2;   218.0;   -999;   -999;-999;eor
  2638;19360801;19360831;   5;   2;   105.0;   -999;   -999;-999;eor
  2638;19360901;19360930;   5;   2;   129.0;   -999;   -999;-999;eor
  2638;19361001;19361031;   5;   2;    42.0;   -999;   -999;-999;eor
  2638;19361101;19361130;   5;   2;    39.0;   -999;   -999;-999;eor
  2638;19361201;19361231;   5;   2;    47.0;   -999;   -999;-999;eor
  2638;19370101;19370131;   5;   2;    37.0;   -999;   -999;-999;eor
  2638;19370201;19370228;   5;   2;    87.0;   -999;   -999;-999;eor
  2638;19370301;19370331;   5;   2;    92.0;   -999;   -999;-999;eor
  2638;19370401;19370430;   5;   2;    67.0;   -999;   -999;-999;eor
  2638;19370501;19370531;   5;   2;    71.0;   -999;   -999;-999;eor
  2638;19370601;19370630;   5;   2;   113.0;   -999;   -999;-999;eor
  2638;19370701;19370731;   5;   2;   140.0;   -999;   -999;-999;eor
  2638;19370801;19370831;   5;   2;    86.0;   -999;   -999;-999;eor
  2638;19370901;19370930;   5;   2;   110.0;   -999;   -999;-999;eor
  2638;19371001;19371031;   5;   2;    52.0;   -999;   -999;-999;eor
  2638;19371101;19371130;   5;   2;    30.0;   -999;   -999;-999;eor
  2638;19371201;19371231;   5;   2;    31.0;   -999;   -999;-999;eor
  2638;19380101;19380131;   5;   2;    96.0;   -999;   -999;-999;eor
  2638;19380201;19380228;   5;   2;    48.0;   -999;   -999;-999;eor
  2638;19380301;19380331;   5;   2;    19.0;   -999;   -999;-999;eor
  2638;19380401;19380430;   5;   2;    37.0;   -999;   -999;-999;eor
  2638;19380501;19380531;   5;   2;   104.0;   -999;   -999;-999;eor
  2638;19380601;19380630;   5;   2;   138.0;   -999;   -999;-999;eor
  2638;19380701;19380731;   5;   2;   168.0;   -999;   -999;-999;eor
  2638;19380801;19380831;   5;   2;   223.0;   -999;   -999;-999;eor
  2638;19380901;19380930;   5;   2;    90.0;   -999;   -999;-999;eor
  2638;19381001;19381031;   5;   2;    58.0;   -999;   -999;-999;eor
  2638;19381101;19381130;   5;   2;    21.0;   -999;   -999;-999;eor
  2638;19381201;19381231;   5;   2;    41.0;   -999;   -999;-999;eor
  2638;19390101;19390131;   5;   2;    52.0;   -999;   -999;-999;eor
  2638;19390201;19390228;   5;   2;    15.0;   -999;   -999;-999;eor
  2638;19390301;19390331;   5;   2;    87.0;   -999;   -999;-999;eor
  2638;19390401;19390430;   5;   2;    57.0;   -999;   -999;-999;eor
  2638;19390501;19390531;   5;   2;   199.0;   -999;   -999;-999;eor
  2638;19390601;19390630;   5;   2;   107.0;   -999;   -999;-999;eor
  2638;19390701;19390731;   5;   2;   209.0;   -999;   -999;-999;eor
  2638;19390801;19390831;   5;   2;   135.0;   -999;   -999;-999;eor
  2638;19390901;19390930;   5;   2;   151.0;   -999;   -999;-999;eor
  2638;19391001;19391031;   5;   2;   177.0;   -999;   -999;-999;eor
  2638;19391101;19391130;   5;   2;    70.0;   -999;   -999;-999;eor
  2638;19391201;19391231;   5;   2;    71.0;   -999;   -999;-999;eor
  2638;19400101;19400131;   5;   2;    24.0;   -999;   -999;-999;eor
  2638;19400201;19400229;   5;   2;    35.0;   -999;   -999;-999;eor
  2638;19400301;19400331;   5;   2;    66.0;   -999;   -999;-999;eor
  2638;19400401;19400430;   5;   2;    51.0;   -999;   -999;-999;eor
  2638;19400501;19400531;   5;   2;   129.0;   -999;   -999;-999;eor
  2638;19400601;19400630;   5;   2;   148.0;   -999;   -999;-999;eor
  2638;19400701;19400731;   5;   2;   131.0;   -999;   -999;-999;eor
  2638;19400801;19400831;   5;   2;    80.0;   -999;   -999;-999;eor
  2638;19400901;19400930;   5;   2;   240.0;   -999;   -999;-999;eor
  2638;19401001;19401031;   5;   2;    45.0;   -999;   -999;-999;eor
  2638;19401101;19401130;   5;   2;    99.0;   -999;   -999;-999;eor
  2638;19401201;19401231;   5;   2;    60.0;   -999;   -999;-999;eor
  2638;19410101;19410131;   5;   2;    58.0;   -999;   -999;-999;eor
  2638;19410201;19410228;   5;   2;    41.0;   -999;   -999;-999;eor
  2638;19410301;19410331;   5;   2;    33.0;   -999;   -999;-999;eor
  2638;19410401;19410430;   5;   2;    45.0;   -999;   -999;-999;eor
  2638;19410501;19410531;   5;   2;    84.0;   -999;   -999;-999;eor
  2638;19410601;19410630;   5;   2;    98.0;   -999;   -999;-999;eor
  2638;19410701;19410731;   5;   2;    54.0;   -999;   -999;-999;eor
  2638;19410801;19410831;   5;   2;   120.0;   -999;   -999;-999;eor
  2638;19410901;19410930;   5;   2;    13.0;   -999;   -999;-999;eor
  2638;19411001;19411031;   5;   2;    82.0;   -999;   -999;-999;eor
  2638;19411101;19411130;   5;   2;    26.0;   -999;   -999;-999;eor
  2638;19411201;19411231;   5;   2;    39.0;   -999;   -999;-999;eor
  2638;19420101;19420131;   5;   2;    63.0;   -999;   -999;-999;eor
  2638;19420201;19420228;   5;   2;    35.0;   -999;   -999;-999;eor
  2638;19420301;19420331;   5;   2;    39.0;   -999;   -999;-999;eor
  2638;19420401;19420430;   5;   2;    47.0;   -999;   -999;-999;eor
  2638;19420501;19420531;   5;   2;   147.0;   -999;   -999;-999;eor
  2638;19420601;19420630;   5;   2;   100.0;   -999;   -999;-999;eor
  2638;19420701;19420731;   5;   2;   151.0;   -999;   -999;-999;eor
  2638;19420801;19420831;   5;   2;    63.0;   -999;   -999;-999;eor
  2638;19420901;19420930;   5;   2;    87.0;   -999;   -999;-999;eor
  2638;19421001;19421031;   5;   2;    50.0;   -999;   -999;-999;eor
  2638;19421101;19421130;   5;   2;    61.0;   -999;   -999;-999;eor
  2638;19421201;19421231;   5;   2;    17.0;   -999;   -999;-999;eor
  2638;19430101;19430131;   5;   2;    66.0;   -999;   -999;-999;eor
  2638;19430201;19430228;   5;   2;    32.0;   -999;   -999;-999;eor
  2638;19430301;19430331;   5;   2;    39.0;   -999;   -999;-999;eor
  2638;19430401;19430430;   5;   2;    54.0;   -999;   -999;-999;eor
  2638;19430501;19430531;   5;   2;    50.0;   -999;   -999;-999;eor
  2638;19430601;19430630;   5;   2;   100.0;   -999;   -999;-999;eor
  2638;19430701;19430731;   5;   2;   112.0;   -999;   -999;-999;eor
  2638;19430801;19430831;   5;   2;    30.0;   -999;   -999;-999;eor
  2638;19430901;19430930;   5;   2;   117.0;   -999;   -999;-999;eor
  2638;19431001;19431031;   5;   2;     3.0;   -999;   -999;-999;eor
  2638;19431101;19431130;   5;   2;    55.0;   -999;   -999;-999;eor
  2638;19431201;19431231;   5;   2;    34.0;   -999;   -999;-999;eor
  2638;19440101;19440131;   5;   2;    47.0;   -999;   -999;-999;eor
  2638;19440201;19440229;   5;   2;    73.0;   -999;   -999;-999;eor
  2638;19440301;19440331;   5;   2;    42.0;   -999;   -999;-999;eor
  2638;19440401;19440430;   5;   2;    50.0;   -999;   -999;-999;eor
  2638;19440501;19440531;   5;   2;    26.0;   -999;   -999;-999;eor
  2638;19440601;19440630;   5;   2;   107.0;   -999;   -999;-999;eor
  2638;19440701;19440731;   5;   2;   108.0;   -999;   -999;-999;eor
  2638;19440801;19440831;   5;   2;    41.0;   -999;   -999;-999;eor
  2638;19440901;19440930;   5;   2;   123.0;   -999;   -999;-999;eor
  2638;19441001;19441031;   5;   2;    71.0;   -999;   -999;-999;eor
  2638;19441101;19441130;   5;   2;   184.0;   -999;   -999;-999;eor
  2638;19441201;19441231;   5;   2;    52.0;   -999;   -999;-999;eor
  2638;19450101;19450131;   5;   2;    45.0;   -999;   -999;-999;eor
  2638;19450201;19450228;   5;   2;    52.0;   -999;   -999;-999;eor
  2638;19450301;19450331;   5;   2;    71.0;   -999;   -999;-999;eor
  2638;19450401;19450430;   5;   2;    61.0;   -999;   -999;-999;eor
  2638;19450501;19450531;   5;   2;    43.0;   -999;   -999;-999;eor
  2638;19450601;19450630;   5;   2;    83.0;   -999;   -999;-999;eor
  2638;19450701;19450731;   5;   2;    47.0;   -999;   -999;-999;eor
  2638;19450801;19450831;   5;   2;   217.0;   -999;   -999;-999;eor
  2638;19450901;19450930;   5;   2;    89.0;   -999;   -999;-999;eor
  2638;19451001;19451031;   5;   2;    47.0;   -999;   -999;-999;eor
  2638;19451101;19451130;   5;   2;    56.0;   -999;   -999;-999;eor
  2638;19451201;19451231;   5;   2;    57.0;   -999;   -999;-999;eor
  2638;19460101;19460131;   5;   2;    45.0;   -999;   -999;-999;eor
  2638;19460201;19460228;   5;   2;    90.0;   -999;   -999;-999;eor
  2638;19460301;19460331;   5;   2;    27.0;   -999;   -999;-999;eor
  2638;19460401;19460430;   5;   2;    22.0;   -999;   -999;-999;eor
  2638;19460501;19460531;   5;   2;    93.0;   -999;   -999;-999;eor
  2638;19460601;19460630;   5;   2;   201.0;   -999;   -999;-999;eor
  2638;19460701;19460731;   5;   2;   121.0;   -999;   -999;-999;eor
  2638;19460801;19460831;   5;   2;   115.0;   -999;   -999;-999;eor
  2638;19460901;19460930;   5;   2;    73.0;   -999;   -999;-999;eor
  2638;19461001;19461031;   5;   2;    43.0;   -999;   -999;-999;eor
  2638;19461101;19461130;   5;   2;    19.0;   -999;   -999;-999;eor
  2638;19461201;19461231;   5;   2;    24.0;   -999;   -999;-999;eor
  2638;19470101;19470131;   5;   2;    34.6;   -999;    439;    7.0;eor
  2638;19470201;19470228;   5;   2;    27.3;   -999;    443;    5.8;eor
  2638;19470301;19470331;   5;   2;    68.7;   -999;    166;   16.1;eor
  2638;19470401;19470430;   5;   2;    27.6;   -999;      0;    6.5;eor
  2638;19470501;19470531;   5;   2;    86.4;   -999;      0;   23.0;eor
  2638;19470601;19470630;   5;   2;    87.3;   -999;      0;   25.3;eor
  2638;19470701;19470731;   5;   2;    60.9;   -999;      0;   33.7;eor
  2638;19470801;19470831;   5;   2;    40.4;   -999;      0;   13.6;eor
  2638;19470901;19470930;   5;   2;    54.8;   -999;      0;   18.5;eor
  2638;19471001;19471031;   5;   2;    22.4;   -999;      0;    6.7;eor
  2638;19471101;19471130;   5;   2;    83.0;   -999;     40;   17.4;eor
  2638;19471201;19471231;   5;   2;   111.7;   -999;    489;   20.2;eor
  2638;19480101;19480131;   5;   2;    77.9;   -999;    225;   18.6;eor
  2638;19480201;19480229;   5;   2;    41.5;   -999;    104;    9.0;eor
  2638;19480301;19480331;   5;   2;    22.1;   -999;     13;   13.3;eor
  2638;19480401;19480430;   5;   2;    54.6;   -999;      1;   11.8;eor
  2638;19480501;19480531;   5;   2;    33.5;   -999;      0;    9.1;eor
  2638;19480601;19480630;   5;   2;   128.1;   -999;      0;   21.6;eor
  2638;19480701;19480731;   5;   2;   213.0;   -999;      0;   30.1;eor
  2638;19480801;19480831;   5;   2;    88.9;   -999;      0;   21.7;eor
  2638;19480901;19480930;   5;   2;    52.0;   -999;      0;   30.6;eor
  2638;19481001;19481031;   5;   2;    18.9;   -999;      0;    5.7;eor
  2638;19481101;19481130;   5;   2;    31.5;   -999;      0;   13.9;eor
  2638;19481201;19481231;   5;   2;    27.2;   -999;    159;   10.9;eor
  2638;19490101;19490131;   5;   2;    41.9;   -999;    623;    8.1;eor
  2638;19490201;19490228;   5;   2;    14.0;   -999;    302;    6.8;eor
  2638;19490301;19490331;   5;   2;    30.2;   -999;    214;    7.8;eor
  2638;19490401;19490430;   5;   2;    67.9;   -999;     10;   17.3;eor
  2638;19490501;19490531;   5;   2;    90.6;   -999;      2;   12.4;eor
  2638;19490601;19490630;   5;   2;    36.8;   -999;      0;    9.0;eor
  2638;19490701;19490731;   5;   2;    28.6;   -999;      0;   18.1;eor
  2638;19490801;19490831;   5;   2;    48.3;   -999;      0;   12.4;eor
  2638;19490901;19490930;   5;   2;    50.1;   -999;      0;   12.2;eor
  2638;19491001;19491031;   5;   2;     3.2;   -999;      0;    1.8;eor
  2638;19491101;19491130;   5;   2;    41.5;   -999;     34;   10.9;eor
  2638;19491201;19491231;   5;   2;    68.6;   -999;     97;   12.0;eor
  2638;19500101;19500131;   5;   2;    19.3;   -999;     95;    5.0;eor
  2638;19500201;19500228;   5;   2;    86.8;   -999;     77;   26.3;eor
  2638;19500301;19500331;   5;   2;    11.4;   -999;     83;    3.2;eor
  2638;19500401;19500430;   5;   2;    73.4;   -999;     36;    8.5;eor
  2638;19500501;19500531;   5;   2;    78.4;   -999;      0;   16.2;eor
  2638;19500601;19500630;   5;   2;    71.6;   -999;      0;   18.7;eor
  2638;19500701;19500731;   5;   2;    68.6;   -999;      0;   13.1;eor
  2638;19500801;19500831;   5;   2;   133.8;   -999;      0;   25.0;eor
  2638;19500901;19500930;   5;   2;   108.6;   -999;      0;   17.1;eor
  2638;19501001;19501031;   5;   2;    28.2;   -999;      5;   11.5;eor
  2638;19501101;19501130;   5;   2;   133.1;   -999;    105;   23.1;eor
  2638;19501201;19501231;   5;   2;    20.4;   -999;    258;    4.0;eor
  2638;19510101;19510131;   5;   2;    51.3;   -999;    137;   13.8;eor
  2638;19510201;19510228;   5;   2;    51.8;   -999;    183;   10.1;eor
  2638;19510301;19510331;   5;   2;    50.0;   -999;    337;   13.2;eor
  2638;19510401;19510430;   5;   2;    35.3;   -999;     13;    7.6;eor
  2638;19510501;19510531;   5;   2;   103.9;   -999;      0;   18.6;eor
  2638;19510601;19510630;   5;   2;   121.8;   -999;      0;   26.5;eor
  2638;19510701;19510731;   5;   2;    60.5;   -999;      0;   13.9;eor
  2638;19510801;19510831;   5;   2;   124.6;   -999;      0;   25.1;eor
  2638;19510901;19510930;   5;   2;    53.9;   -999;      0;   10.5;eor
  2638;19511001;19511031;   5;   2;    36.2;   -999;     15;   26.9;eor
  2638;19511101;19511130;   5;   2;    53.1;   -999;     10;    9.5;eor
  2638;19511201;19511231;   5;   2;    32.7;   -999;     87;    8.9;eor
  2638;19520101;19520131;   5;   2;    61.1;   -999;    401;   10.8;eor
  2638;19520201;19520229;   5;   2;    47.1;   -999;   1923;   10.2;eor
  2638;19520301;19520331;   5;   2;    72.2;   -999;    283;    9.0;eor
  2638;19520401;19520430;   5;   2;    94.6;   -999;     85;   28.8;eor
  2638;19520501;19520531;   5;   2;    73.2;   -999;      0;   14.3;eor
  2638;19520601;19520630;   5;   2;    47.5;   -999;      0;   11.6;eor
  2638;19520701;19520731;   5;   2;    26.9;   -999;      0;   10.5;eor
  2638;19520801;19520831;   5;   2;    37.5;   -999;      0;    8.9;eor
  2638;19520901;19520930;   5;   2;    61.4;   -999;      2;    7.0;eor
  2638;19521001;19521031;   5;   2;    99.8;   -999;      2;   18.6;eor
  2638;19521101;19521130;   5;   2;    97.1;   -999;    425;   14.8;eor
  2638;19521201;19521231;   5;   2;    62.3;   -999;    331;   11.2;eor
  2638;19530101;19530131;   5;   2;    21.9;   -999;    583;   10.3;eor
  2638;19530201;19530228;   5;   2;    45.5;   -999;   1197;   23.0;eor
  2638;19530301;19530331;   5;   2;     7.6;   -999;    193;    5.1;eor
  2638;19530401;19530430;   5;   2;    48.0;   -999;      9;   13.2;eor
  2638;19530501;19530531;   5;   2;    59.6;   -999;      1;   25.6;eor
  2638;19530601;19530630;   5;   2;   242.4;   -999;      0;   55.5;eor
  2638;19530701;19530731;   5;   2;   115.1;   -999;      0;   36.3;eor
  2638;19530801;19530831;   5;   2;    41.4;   -999;      0;   14.9;eor
  2638;19530901;19530930;   5;   2;    61.9;   -999;      0;   10.4;eor
  2638;19531001;19531031;   5;   2;    39.5;   -999;      0;   21.3;eor
  2638;19531101;19531130;   5;   2;     4.8;   -999;      0;    2.3;eor
  2638;19531201;19531231;   5;   2;    17.6;   -999;     72;    6.6;eor
  2638;19540101;19540131;   5;   2;    48.8;   -999;    776;   12.1;eor
  2638;19540201;19540228;   5;   2;    33.0;   -999;    181;   14.1;eor
  2638;19540301;19540331;   5;   2;     9.5;   -999;    281;    3.9;eor
  2638;19540401;19540430;   5;   2;    55.2;   -999;    118;   12.9;eor
  2638;19540501;19540531;   5;   2;    62.2;   -999;      0;   12.7;eor
  2638;19540601;19540630;   5;   2;    75.0;   -999;      0;   20.5;eor
  2638;19540701;19540731;   5;   2;   109.4;   -999;      0;   44.0;eor
  2638;19540801;19540831;   5;   2;   134.0;   -999;      0;   28.7;eor
  2638;19540901;19540930;   5;   2;   122.2;   -999;      2;   24.7;eor
  2638;19541001;19541031;   5;   2;    60.0;   -999;      0;   13.1;eor
  2638;19541101;19541130;   5;   2;    32.8;   -999;     35;    6.1;eor
  2638;19541201;19541231;   5;   2;    74.2;   -999;    140;   13.0;eor
  2638;19550101;19550131;   5;   2;   101.5;   -999;     24;   26.8;eor
  2638;19550201;19550228;   5;   2;    59.5;   -999;    314;    9.7;eor
  2638;19550301;19550331;   5;   2;    33.0;   -999;    285;    9.6;eor
  2638;19550401;19550430;   5;   2;    19.5;   -999;      6;    6.7;eor
  2638;19550501;19550531;   5;   2;    93.7;   -999;      1;   24.7;eor
  2638;19550601;19550630;   5;   2;   101.6;   -999;      0;   41.6;eor
  2638;19550701;19550731;   5;   2;   164.1;   -999;      0;   40.5;eor
  2638;19550801;19550831;   5;   2;    58.4;   -999;      0;   11.7;eor
  2638;19550901;19550930;   5;   2;    59.3;   -999;      0;   13.5;eor
  2638;19551001;19551031;   5;   2;    30.3;   -999;      1;   10.1;eor
  2638;19551101;19551130;   5;   2;    16.0;   -999;     80;    4.9;eor
  2638;19551201;19551231;   5;   2;    53.3;   -999;     37;   11.2;eor
  2638;19560101;19560131;   5;   2;    48.1;   -999;     68;   12.3;eor
  2638;19560201;19560229;   5;   2;    21.1;   -999;    390;    4.9;eor
  2638;19560301;19560331;   5;   2;    55.9;   -999;     29;   14.1;eor
  2638;19560401;19560430;   5;   2;    81.8;   -999;     54;   22.5;eor
  2638;19560501;19560531;   5;   2;    90.9;   -999;      0;   19.2;eor
  2638;19560601;19560630;   5;   2;    82.9;   -999;      0;   19.6;eor
  2638;19560701;19560731;   5;   2;   128.2;   -999;      0;   23.8;eor
  2638;19560801;19560831;   5;   2;   197.6;   -999;      0;   76.7;eor
  2638;19560901;19560930;   5;   2;    44.9;   -999;      0;   12.9;eor
  2638;19561001;19561031;   5;   2;    87.3;   -999;     46;   24.3;eor
  2638;19561101;19561130;   5;   2;    50.9;   -999;     50;   16.5;eor
  2638;19561201;19561231;   5;   2;    21.6;   -999;    123;    7.2;eor
  2638;19570101;19570131;   5;   2;    24.2;   -999;    326;    3.5;eor
  2638;19570201;19570228;   5;   2;    75.9;   -999;    185;   13.1;eor
  2638;19570301;19570331;   5;   2;    31.3;   -999;      0;    9.8;eor
  2638;19570401;19570430;   5;   2;    45.1;   -999;      6;   15.0;eor
  2638;19570501;19570531;   5;   2;    46.4;   -999;      3;   17.9;eor
  2638;19570601;19570630;   5;   2;   149.5;   -999;      0;   26.7;eor
  2638;19570701;19570731;   5;   2;   160.7;   -999;      0;   32.7;eor
  2638;19570801;19570831;   5;   2;    89.6;   -999;      0;   21.5;eor
  2638;19570901;19570930;   5;   2;    68.2;   -999;      0;    9.4;eor
  2638;19571001;19571031;   5;   2;    29.0;   -999;      0;   24.3;eor
  2638;19571101;19571130;   5;   2;    26.7;   -999;      0;    5.7;eor
  2638;19571201;19571231;   5;   2;    23.0;   -999;     92;   12.9;eor
  2638;19580101;19580131;   5;   2;    74.0;   -999;    793;   15.4;eor
  2638;19580201;19580228;   5;   2;    92.2;   -999;    481;   15.0;eor
  2638;19580301;19580331;   5;   2;    27.8;   -999;    339;    8.9;eor
  2638;19580401;19580430;   5;   2;    63.6;   -999;    151;   18.6;eor
  2638;19580501;19580531;   5;   2;    80.6;   -999;      0;   29.7;eor
  2638;19580601;19580630;   5;   2;    90.3;   -999;      0;   23.8;eor
  2638;19580701;19580731;   5;   2;   122.3;   -999;      0;   21.1;eor
  2638;19580801;19580831;   5;   2;   129.4;   -999;      0;   46.0;eor
  2638;19580901;19580930;   5;   2;   107.8;   -999;      0;   32.1;eor
  2638;19581001;19581031;   5;   2;    95.4;   -999;      0;   23.8;eor
  2638;19581101;19581130;   5;   2;    41.0;   -999;      3;   15.9;eor
  2638;19581201;19581231;   5;   2;    65.6;   -999;    105;   17.7;eor
  2638;19590101;19590131;   5;   2;    88.1;   -999;    626;   12.5;eor
  2638;19590201;19590228;   5;   2;     3.8;   -999;    116;    2.2;eor
  2638;19590301;19590331;   5;   2;    66.5;   -999;      5;   14.1;eor
  2638;19590401;19590430;   5;   2;    56.9;   -999;      1;   23.1;eor
  2638;19590501;19590531;   5;   2;    65.3;   -999;      0;   18.9;eor
  2638;19590601;19590630;   5;   2;   174.9;   -999;      0;   43.3;eor
  2638;19590701;19590731;   5;   2;    54.8;   -999;      0;   14.4;eor
  2638;19590801;19590831;   5;   2;    58.0;   -999;      0;   21.8;eor
  2638;19590901;19590930;   5;   2;    32.9;   -999;      0;   16.6;eor
  2638;19591001;19591031;   5;   2;    90.0;   -999;     51;   33.4;eor
  2638;19591101;19591130;   5;   2;    24.5;   -999;    232;    7.8;eor
  2638;19591201;19591231;   5;   2;    41.6;   -999;     24;    9.6;eor
  2638;19600101;19600131;   5;   2;    31.5;     14;    131;    7.0;eor
  2638;19600201;19600229;   5;   2;    56.9;     35;    232;   11.0;eor
  2638;19600301;19600331;   5;   2;    43.4;      8;     12;    7.0;eor
  2638;19600401;19600430;   5;   2;    52.9;      7;      8;   10.3;eor
  2638;19600501;19600531;   5;   2;   112.6;      0;      1;   15.8;eor
  2638;19600601;19600630;   5;   2;   131.6;      0;      0;   62.3;eor
  2638;19600701;19600731;   5;   2;   177.3;      0;      0;   69.4;eor
  2638;19600801;19600831;   5;   2;   144.7;      0;      0;   32.6;eor
  2638;19600901;19600930;   5;   2;    33.9;      0;      0;   11.0;eor
  2638;19601001;19601031;   5;   2;   110.1;     28;     71;   22.2;eor
  2638;19601101;19601130;   5;   2;    66.4;      1;      1;   11.1;eor
  2638;19601201;19601231;   5;   2;    45.4;     36;    317;    9.1;eor
  2638;19610101;19610131;   5;   2;    48.4;     36;    715;    6.8;eor
  2638;19610201;19610228;   5;   2;    48.2;     33;    217;   12.5;eor
  2638;19610301;19610331;   5;   2;    25.3;     23;     34;    6.5;eor
  2638;19610401;19610430;   5;   2;    87.6;      0;      0;   15.6;eor
  2638;19610501;19610531;   5;   2;   103.5;      8;      8;   17.2;eor
  2638;19610601;19610630;   5;   2;    91.6;      0;      0;   31.2;eor
  2638;19610701;19610731;   5;   2;   107.3;      0;      0;   22.0;eor
  2638;19610801;19610831;   5;   2;    99.7;      0;      0;   18.1;eor
  2638;19610901;19610930;   5;   2;    58.1;      0;      0;   15.4;eor
  2638;19611001;19611031;   5;   2;    46.5;      5;      8;   17.3;eor
  2638;19611101;19611130;   5;   2;    28.0;     14;     35;   10.0;eor
  2638;19611201;19611231;   5;   2;    69.5;      6;     14;   19.8;eor
  2638;19620101;19620131;   5;   2;    82.5;     50;    290;   23.4;eor
  2638;19620201;19620228;   5;   2;    57.8;     68;    825;   23.4;eor
  2638;19620301;19620331;   5;   2;    93.9;     28;    515;   25.9;eor
  2638;19620401;19620430;   5;   2;    50.2;     23;     47;   13.9;eor
  2638;19620501;19620531;   5;   2;    75.4;      2;      2;   12.8;eor
  2638;19620601;19620630;   5;   2;    55.0;      8;     10;   21.3;eor
  2638;19620701;19620731;   5;   2;    48.7;      0;      0;   10.8;eor
  2638;19620801;19620831;   5;   2;    81.0;      0;      0;   16.4;eor
  2638;19620901;19620930;   5;   2;    75.0;      0;      0;   29.9;eor
  2638;19621001;19621031;   5;   2;     7.6;      0;      0;    3.9;eor
  2638;19621101;19621130;   5;   2;    17.3;     28;    130;    5.9;eor
  2638;19621201;19621231;   5;   2;    55.1;     53;    629;   16.1;eor
  2638;19630101;19630131;   5;   2;    24.6;     31;    905;    5.9;eor
  2638;19630201;19630228;   5;   2;    39.2;     65;   1716;    7.3;eor
  2638;19630301;19630331;   5;   2;    65.3;     14;    866;   17.6;eor
  2638;19630401;19630430;   5;   2;    65.0;     21;    105;   20.5;eor
  2638;19630501;19630531;   5;   2;    88.3;      0;      0;   20.6;eor
  2638;19630601;19630630;   5;   2;   173.9;      0;      0;   32.8;eor
  2638;19630701;19630731;   5;   2;    94.5;      0;      0;   53.2;eor
  2638;19630801;19630831;   5;   2;   189.5;      0;      0;   32.9;eor
  2638;19630901;19630930;   5;   2;    65.3;      0;      0;   14.7;eor
  2638;19631001;19631031;   5;   2;    45.6;      0;      0;   19.1;eor
  2638;19631101;19631130;   5;   2;   111.9;      1;      1;   19.1;eor
  2638;19631201;19631231;   5;   2;     3.2;      7;     67;    1.9;eor
  2638;19640101;19640131;   5;   2;    17.7;     16;     55;    8.4;eor
  2638;19640201;19640229;   5;   2;    40.0;     29;    194;   12.0;eor
  2638;19640301;19640331;   5;   2;    76.0;     33;    132;   17.2;eor
  2638;19640401;19640430;   5;   2;    54.3;      5;      8;   13.9;eor
  2638;19640501;19640531;   5;   2;   143.4;      0;      0;   32.6;eor
  2638;19640601;19640630;   5;   2;    58.3;      0;      0;   21.1;eor
  2638;19640701;19640731;   5;   2;    30.7;      0;      0;   17.0;eor
  2638;19640801;19640831;   5;   2;   129.6;      0;      0;   33.1;eor
  2638;19640901;19640930;   5;   2;    56.7;      0;      0;   20.3;eor
  2638;19641001;19641031;   5;   2;    51.0;      1;      1;   22.2;eor
  2638;19641101;19641130;   5;   2;    71.3;     20;     35;   14.2;eor
  2638;19641201;19641231;   5;   2;    31.2;     46;    385;    5.9;eor
  2638;19650101;19650131;   5;   2;    49.8;     36;    610;   12.4;eor
  2638;19650201;19650228;   5;   2;    54.6;     59;   1304;    7.3;eor
  2638;19650301;19650331;   5;   2;    72.3;     26;   1129;   13.6;eor
  2638;19650401;19650430;   5;   2;    99.1;     22;     50;   13.0;eor
  2638;19650501;19650531;   5;   2;   170.9;      0;      0;   34.9;eor
  2638;19650601;19650630;   5;   2;   126.9;      0;      0;   21.0;eor
  2638;19650701;19650731;   5;   2;   149.2;      0;      0;   36.6;eor
  2638;19650801;19650831;   5;   2;   107.7;      0;      0;   27.7;eor
  2638;19650901;19650930;   5;   2;    95.0;      0;      0;   19.2;eor
  2638;19651001;19651031;   5;   2;    13.9;      0;      0;    6.7;eor
  2638;19651101;19651130;   5;   2;   112.3;     42;    151;   17.5;eor
  2638;19651201;19651231;   5;   2;   105.7;     62;    179;   14.8;eor
  2638;19660101;19660131;   5;   2;    43.6;     34;    487;    9.8;eor
  2638;19660201;19660228;   5;   2;    60.6;      7;     23;   17.5;eor
  2638;19660301;19660331;   5;   2;    81.7;     84;    292;   18.8;eor
  2638;19660401;19660430;   5;   2;    83.7;      0;     61;   18.8;eor
  2638;19660501;19660531;   5;   2;    84.2;      0;      0;   12.5;eor
  2638;19660601;19660630;   5;   2;   104.1;      0;      0;   24.8;eor
  2638;19660701;19660731;   5;   2;   117.0;      0;      0;   18.8;eor
  2638;19660801;19660831;   5;   2;   157.4;      0;      0;   34.5;eor
  2638;19660901;19660930;   5;   2;    26.3;      0;      0;    9.2;eor
  2638;19661001;19661031;   5;   2;    56.1;      5;      9;   15.7;eor
  2638;19661101;19661130;   5;   2;    40.8;     42;    227;   16.2;eor
  2638;19661201;19661231;   5;   2;   106.7;     77;    393;   16.4;eor
  2638;19670101;19670131;   5;   2;    57.3;     28;    315;   15.4;eor
  2638;19670201;19670228;   5;   2;    31.9;     18;     92;    8.5;eor
  2638;19670301;19670331;   5;   2;    75.4;     54;    108;   10.6;eor
  2638;19670401;19670430;   5;   2;    33.5;     21;     25;    6.6;eor
  2638;19670501;19670531;   5;   2;   117.7;      4;      6;   23.0;eor
  2638;19670601;19670630;   5;   2;   102.6;      0;      0;   24.4;eor
  2638;19670701;19670731;   5;   2;    97.8;      0;      0;   45.8;eor
  2638;19670801;19670831;   5;   2;   117.7;      0;      0;   20.6;eor
  2638;19670901;19670930;   5;   2;    84.4;      0;      0;   13.6;eor
  2638;19671001;19671031;   5;   2;    23.3;      0;      0;    7.6;eor
  2638;19671101;19671130;   5;   2;    54.7;     10;     22;   23.7;eor
  2638;19671201;19671231;   5;   2;    47.9;     41;    260;   16.8;eor
  2638;19680101;19680131;   5;   2;   123.8;    111;    982;   32.7;eor
  2638;19680201;19680229;   5;   2;    53.1;     23;    742;   12.3;eor
  2638;19680301;19680331;   5;   2;    41.5;     43;    577;    7.5;eor
  2638;19680401;19680430;   5;   2;   101.1;      3;      3;   32.7;eor
  2638;19680501;19680531;   5;   2;   117.6;      0;      0;   18.8;eor
  2638;19680601;19680630;   5;   2;   100.9;      0;      0;   22.3;eor
  2638;19680701;19680731;   5;   2;    68.2;      0;      0;   11.8;eor
  2638;19680801;19680831;   5;   2;   171.5;      0;      0;   40.2;eor
  2638;19680901;19680930;   5;   2;   158.8;      0;      0;   42.7;eor
  2638;19681001;19681031;   5;   2;    44.4;      0;      0;   18.1;eor
  2638;19681101;19681130;   5;   2;    22.9;      4;     21;   13.2;eor
  2638;19681201;19681231;   5;   2;    32.6;     22;     99;   10.3;eor
  2638;19690101;19690131;   5;   2;    47.1;     39;    820;   16.8;eor
  2638;19690201;19690228;   5;   2;    56.4;     60;    635;   13.8;eor
  2638;19690301;19690331;   5;   2;    43.9;     14;    135;   10.6;eor
  2638;19690401;19690430;   5;   2;    55.2;     14;     23;    8.6;eor
  2638;19690501;19690531;   5;   2;   102.9;      0;      0;   20.6;eor
  2638;19690601;19690630;   5;   2;   146.4;      0;      0;   20.8;eor
  2638;19690701;19690731;   5;   2;    73.3;      0;      0;   10.4;eor
  2638;19690801;19690831;   5;   2;   200.3;      0;      0;   62.4;eor
  2638;19690901;19690930;   5;   2;    33.3;      0;      0;   17.1;eor
  2638;19691001;19691031;   5;   2;    10.4;      0;      0;    9.7;eor
  2638;19691101;19691130;   5;   2;    77.5;     39;    149;   20.4;eor
  2638;19691201;19691231;   5;   2;    42.2;     41;   1223;   10.6;eor
  2638;19700101;19700131;   5;   2;    48.0;      7;    623;   10.4;eor
  2638;19700201;19700228;   5;   2;   150.5;    108;   1094;   20.6;eor
  2638;19700301;19700331;   5;   2;    45.9;     55;   1593;    7.4;eor
  2638;19700401;19700430;   5;   2;    82.9;     49;    631;   19.1;eor
  2638;19700501;19700531;   5;   2;    99.1;      5;      8;   28.6;eor
  2638;19700601;19700630;   5;   2;   126.8;      0;      0;   38.1;eor
  2638;19700701;19700731;   5;   2;    76.7;      0;      0;   16.4;eor
  2638;19700801;19700831;   5;   2;   131.8;      0;      0;   29.2;eor
  2638;19700901;19700930;   5;   2;    28.5;      0;      0;    7.7;eor
  2638;19701001;19701031;   5;   2;    44.8;      1;      1;    8.9;eor
  2638;19701101;19701130;   5;   2;    63.4;      7;     11;   17.6;eor
  2638;19701201;19701231;   5;   2;    25.7;   -999;   -999;    5.9;eor
  2638;19710101;19710131;   5;   2;    14.5;      6;    185;    4.8;eor
  2638;19710201;19710228;   5;   2;    47.3;     38;    316;   13.4;eor
  2638;19710301;19710331;   5;   2;    43.4;     45;    820;   14.0;eor
  2638;19710401;19710430;   5;   2;    22.6;      0;      0;    8.4;eor
  2638;19710501;19710531;   5;   2;    71.2;      0;      0;   18.2;eor
  2638;19710601;19710630;   5;   2;   188.8;      0;      0;   31.1;eor
  2638;19710701;19710731;   5;   2;    64.3;      0;      0;   36.4;eor
  2638;19710801;19710831;   5;   2;    98.1;      0;      0;   17.8;eor
  2638;19710901;19710930;   5;   2;    17.4;      0;      0;    8.4;eor
  2638;19711001;19711031;   5;   2;    27.9;      0;      0;   14.7;eor
  2638;19711101;19711130;   5;   2;    78.2;     43;    212;   19.4;eor
  2638;19711201;19711231;   5;   2;    21.0;     13;    262;    9.0;eor
  2638;19720101;19720131;   5;   2;    16.3;     19;    173;    5.1;eor
  2638;19720201;19720229;   5;   2;     7.1;      3;     82;    2.4;eor
  2638;19720301;19720331;   5;   2;    26.8;     16;     25;   14.3;eor
  2638;19720401;19720430;   5;   2;    78.6;     19;     31;   13.9;eor
  2638;19720501;19720531;   5;   2;    72.3;      0;      0;   10.8;eor
  2638;19720601;19720630;   5;   2;   163.5;      0;      0;   31.4;eor
  2638;19720701;19720731;   5;   2;    72.9;      0;      0;   17.7;eor
  2638;19720801;19720831;   5;   2;   106.1;      0;      0;   37.0;eor
  2638;19720901;19720930;   5;   2;    48.5;      0;      0;   14.8;eor
  2638;19721001;19721031;   5;   2;    30.8;      5;     10;   16.8;eor
  2638;19721101;19721130;   5;   2;   125.2;     44;    165;   26.7;eor
  2638;19721201;19721231;   5;   2;    27.1;     17;    172;   15.9;eor
  2638;19730101;19730131;   5;   2;    27.2;     19;    140;    9.9;eor
  2638;19730201;19730228;   5;   2;    55.7;     66;    758;   12.3;eor
  2638;19730301;19730331;   5;   2;    34.6;     27;   1366;    6.4;eor
  2638;19730401;19730430;   5;   2;   110.1;     73;    529;   41.8;eor
  2638;19730501;19730531;   5;   2;    71.5;      0;      0;   13.3;eor
  2638;19730601;19730630;   5;   2;   169.4;      0;      0;   47.1;eor
  2638;19730701;19730731;   5;   2;   121.3;      0;      0;   24.1;eor
  2638;19730801;19730831;   5;   2;    57.0;      0;      0;   18.2;eor
  2638;19730901;19730930;   5;   2;    33.8;      0;      0;   13.4;eor
  2638;19731001;19731031;   5;   2;   107.7;      0;      0;   31.4;eor
  2638;19731101;19731130;   5;   2;    86.2;     25;     67;   23.9;eor
  2638;19731201;19731231;   5;   2;    37.5;     42;    458;    9.2;eor
  2638;19740101;19740131;   5;   2;    24.5;      8;     79;    6.7;eor
  2638;19740201;19740228;   5;   2;    78.3;     53;    208;   21.8;eor
  2638;19740301;19740331;   5;   2;    47.3;     14;    321;   12.9;eor
  2638;19740401;19740430;   5;   2;    10.2;      1;      1;    3.6;eor
  2638;19740501;19740531;   5;   2;    93.3;      0;      0;   18.8;eor
  2638;19740601;19740630;   5;   2;   126.3;      0;      0;   35.5;eor
  2638;19740701;19740731;   5;   2;    90.1;      0;      0;   23.2;eor
  2638;19740801;19740831;   5;   2;    72.3;      0;      0;   13.9;eor
  2638;19740901;19740930;   5;   2;    65.9;      0;      0;   14.8;eor
  2638;19741001;19741031;   5;   2;   109.4;     39;     90;   16.9;eor
  2638;19741101;19741130;   5;   2;    67.2;     36;    197;   12.0;eor
  2638;19741201;19741231;   5;   2;    78.1;     47;    186;   13.5;eor
  2638;19750101;19750131;   5;   2;    54.7;     15;     74;   11.4;eor
  2638;19750201;19750228;   5;   2;    10.5;      8;     18;    5.3;eor
  2638;19750301;19750331;   5;   2;    55.7;     53;    232;    8.7;eor
  2638;19750401;19750430;   5;   2;    54.1;     25;    233;   11.8;eor
  2638;19750501;19750531;   5;   2;    61.0;      0;      0;   11.6;eor
  2638;19750601;19750630;   5;   2;   246.4;      0;      0;   48.8;eor
  2638;19750701;19750731;   5;   2;    70.8;      0;      0;   19.4;eor
  2638;19750801;19750831;   5;   2;   184.0;      0;      0;   42.2;eor
  2638;19750901;19750930;   5;   2;    54.4;      0;      0;   16.1;eor
  2638;19751001;19751031;   5;   2;    41.0;      5;      5;   16.9;eor
  2638;19751101;19751130;   5;   2;    76.5;     26;    126;   19.4;eor
  2638;19751201;19751231;   5;   2;    10.9;     16;    175;    4.3;eor
  2638;19760101;19760131;   5;   2;    44.7;     36;    237;    8.3;eor
  2638;19760201;19760229;   5;   2;    18.0;     19;    433;    4.6;eor
  2638;19760301;19760331;   5;   2;    19.5;     17;     21;    5.8;eor
  2638;19760401;19760430;   5;   2;    55.3;     35;     63;   19.1;eor
  2638;19760501;19760531;   5;   2;    53.0;      0;      0;   13.1;eor
  2638;19760601;19760630;   5;   2;    48.9;      0;      0;   27.4;eor
  2638;19760701;19760731;   5;   2;   134.6;      0;      0;   38.1;eor
  2638;19760801;19760831;   5;   2;    29.8;      0;      0;    8.1;eor
  2638;19760901;19760930;   5;   2;    81.7;      0;      0;   17.7;eor
  2638;19761001;19761031;   5;   2;    45.2;      0;      0;   17.1;eor
  2638;19761101;19761130;   5;   2;    69.0;     20;     61;   11.1;eor
  2638;19761201;19761231;   5;   2;    47.2;     46;    292;   10.2;eor
  2638;19770101;19770131;   5;   2;    63.5;     46;    477;   15.5;eor
  2638;19770201;19770228;   5;   2;    92.9;     10;     41;   19.4;eor
  2638;19770301;19770331;   5;   2;    39.3;      6;     20;   14.6;eor
  2638;19770401;19770430;   5;   2;   121.7;     32;     79;   33.8;eor
  2638;19770501;19770531;   5;   2;    56.9;      0;      0;   16.1;eor
  2638;19770601;19770630;   5;   2;   170.6;      0;      0;   35.7;eor
  2638;19770701;19770731;   5;   2;    76.0;      0;      0;   15.6;eor
  2638;19770801;19770831;   5;   2;    96.7;      0;      0;   15.1;eor
  2638;19770901;19770930;   5;   2;    66.3;      0;      0;   42.7;eor
  2638;19771001;19771031;   5;   2;    92.3;      0;      0;   27.5;eor
  2638;19771101;19771130;   5;   2;   104.5;     50;    317;   18.0;eor
  2638;19771201;19771231;   5;   2;    52.4;      5;    178;   17.2;eor
  2638;19780101;19780131;   5;   2;    46.3;     50;    581;    9.1;eor
  2638;19780201;19780228;   5;   2;    78.8;     89;   1445;   15.3;eor
  2638;19780301;19780331;   5;   2;    76.7;     38;    150;   23.1;eor
  2638;19780401;19780430;   5;   2;    64.7;      8;      8;   19.6;eor
  2638;19780501;19780531;   5;   2;   207.9;      0;      0;   65.9;eor
  2638;19780601;19780630;   5;   2;    76.6;      0;      0;   15.4;eor
  2638;19780701;19780731;   5;   2;    79.9;      0;      0;   16.2;eor
  2638;19780801;19780831;   5;   2;   198.2;      0;      0;   77.3;eor
  2638;19780901;19780930;   5;   2;    53.6;      0;      0;    8.6;eor
  2638;19781001;19781031;   5;   2;    64.3;      0;      0;   23.8;eor
  2638;19781101;19781130;   5;   2;    14.7;     10;     32;    5.0;eor
  2638;19781201;19781231;   5;   2;    68.5;     13;    140;   11.3;eor
  2638;19790101;19790131;   5;   2;    90.0;     68;    561;   35.9;eor
  2638;19790201;19790228;   5;   2;    76.7;     15;    227;   16.6;eor
  2638;19790301;19790331;   5;   2;    98.4;     26;     63;   19.3;eor
  2638;19790401;19790430;   5;   2;    69.9;      9;     22;   13.6;eor
  2638;19790501;19790531;   5;   2;    41.8;     13;     13;   13.4;eor
  2638;19790601;19790630;   5;   2;    87.5;      0;      0;   19.0;eor
  2638;19790701;19790731;   5;   2;    90.1;      0;      0;   23.6;eor
  2638;19790801;19790831;   5;   2;    79.2;      0;      0;   13.1;eor
  2638;19790901;19790930;   5;   2;    81.7;      0;      0;   14.1;eor
  2638;19791001;19791031;   5;   2;    24.3;      0;      0;    6.4;eor
  2638;19791101;19791130;   5;   2;   106.9;     25;    171;   45.8;eor
  2638;19791201;19791231;   5;   2;    84.9;     47;    205;   14.7;eor
  2638;19800101;19800131;   5;   2;    61.8;     66;    946;   10.4;eor
  2638;19800201;19800229;   5;   2;    43.1;      5;     77;   11.1;eor
  2638;19800301;19800331;   5;   2;    46.0;     15;     21;   14.5;eor
  2638;19800401;19800430;   5;   2;   118.1;     84;    243;   19.8;eor
  2638;19800501;19800531;   5;   2;    66.8;      0;      0;   14.3;eor
  2638;19800601;19800630;   5;   2;   161.4;      0;      0;   46.8;eor
  2638;19800701;19800731;   5;   2;    92.4;      0;      0;   16.1;eor
  2638;19800801;19800831;   5;   2;   100.6;      0;      0;   35.4;eor
  2638;19800901;19800930;   5;   2;    27.6;      0;      0;    9.8;eor
  2638;19801001;19801031;   5;   2;    99.5;      0;      0;   19.2;eor
  2638;19801101;19801130;   5;   2;    30.8;     30;     56;    6.8;eor
  2638;19801201;19801231;   5;   2;    60.2;     69;    550;   10.3;eor
  2638;19810101;19810131;  10;   2;    94.5;    110;   1457;   12.9;eor
  2638;19810201;19810228;  10;   2;    22.9;     21;    881;    5.6;eor
  2638;19810301;19810331;  10;   2;    47.2;      9;    213;    7.7;eor
  2638;19810401;19810430;  10;   2;    34.5;     14;     23;   10.0;eor
  2638;19810501;19810531;  10;   2;   154.3;      5;      5;   26.6;eor
  2638;19810601;19810630;  10;   2;    66.0;      0;      0;   20.8;eor
  2638;19810701;19810731;  10;   2;   110.5;      0;      0;   21.9;eor
  2638;19810801;19810831;  10;   2;    41.0;      0;      0;   12.8;eor
  2638;19810901;19810930;  10;   2;    86.3;      0;      0;   23.9;eor
  2638;19811001;19811031;  10;   2;   160.3;     16;     28;   21.1;eor
  2638;19811101;19811130;  10;   2;    51.9;     27;     55;   12.0;eor
  2638;19811201;19811231;  10;   2;   158.6;    148;   1568;   20.5;eor
  2638;19820101;19820131;  10;   2;    96.2;     54;    704;   29.0;eor
  2638;19820201;19820228;  10;   2;     8.1;      7;    356;    3.1;eor
  2638;19820301;19820331;  10;   2;    51.4;     40;    366;   10.4;eor
  2638;19820401;19820430;  10;   2;    31.9;     13;     15;    9.2;eor
  2638;19820501;19820531;  10;   2;    76.1;      6;      6;   15.8;eor
  2638;19820601;19820630;  10;   2;   124.0;      0;      0;   24.1;eor
  2638;19820701;19820731;  10;   2;   146.5;      0;      0;   54.8;eor
  2638;19820801;19820831;  10;   2;   117.9;      0;      0;   16.3;eor
  2638;19820901;19820930;  10;   2;    38.9;      0;      0;   14.6;eor
  2638;19821001;19821031;  10;   2;   122.9;      5;      5;   35.0;eor
  2638;19821101;19821130;  10;   2;    37.7;     14;     23;    9.7;eor
  2638;19821201;19821231;  10;   2;   100.7;     45;    132;   27.1;eor
  2638;19830101;19830131;  10;   2;    79.2;     41;    120;   15.5;eor
  2638;19830201;19830228;  10;   2;    52.4;     49;    796;   12.9;eor
  2638;19830301;19830331;  10;   2;    80.0;     27;    171;   13.0;eor
  2638;19830401;19830430;  10;   2;   122.1;     44;     97;   19.9;eor
  2638;19830501;19830531;  10;   2;   162.2;      0;      0;   33.1;eor
  2638;19830601;19830630;  10;   2;    87.1;      0;      0;   31.1;eor
  2638;19830701;19830731;  10;   2;    38.2;      0;      0;   12.8;eor
  2638;19830801;19830831;  10;   2;    71.7;      0;      0;   34.5;eor
  2638;19830901;19830930;  10;   2;    47.9;      0;      0;   13.6;eor
  2638;19831001;19831031;  10;   2;    18.7;      0;      0;    5.2;eor
  2638;19831101;19831130;  10;   2;    54.1;      0;      0;   16.5;eor
  2638;19831201;19831231;  10;   2;    25.3;     20;    154;    5.3;eor
  2638;19840101;19840131;  10;   2;    88.7;     80;    493;   11.4;eor
  2638;19840201;19840229;  10;   2;    65.1;     65;   1135;   13.2;eor
  2638;19840301;19840331;  10;   2;    37.1;     35;   1377;   10.1;eor
  2638;19840401;19840430;  10;   2;    27.2;     11;    133;    9.4;eor
  2638;19840501;19840531;  10;   2;   145.5;      0;      0;   25.3;eor
  2638;19840601;19840630;  10;   2;    89.5;      0;      0;   19.1;eor
  2638;19840701;19840731;  10;   2;    67.2;      0;      0;   14.8;eor
  2638;19840801;19840831;  10;   2;    64.1;      0;      0;   30.0;eor
  2638;19840901;19840930;  10;   2;   111.6;      0;      0;   19.6;eor
  2638;19841001;19841031;  10;   2;    43.0;      0;      0;   22.3;eor
  2638;19841101;19841130;  10;   2;    52.5;      0;      0;   26.1;eor
  2638;19841201;19841231;  10;   2;    39.0;     22;     83;   11.2;eor
  2638;19850101;19850131;  10;   2;    46.7;     37;    651;    7.6;eor
  2638;19850201;19850228;  10;   2;    27.6;     11;    102;    7.8;eor
  2638;19850301;19850331;  10;   2;    47.3;     52;    209;   15.4;eor
  2638;19850401;19850430;  10;   2;    68.0;     18;     30;   13.4;eor
  2638;19850501;19850531;  10;   2;   141.9;      5;      6;   30.0;eor
  2638;19850601;19850630;  10;   2;    83.6;      0;      0;   14.8;eor
  2638;19850701;19850731;  10;   2;    56.9;      0;      0;   19.9;eor
  2638;19850801;19850831;  10;   2;    75.3;      0;      0;   19.0;eor
  2638;19850901;19850930;  10;   2;    44.6;      0;      0;   24.5;eor
  2638;19851001;19851031;  10;   2;    28.8;      0;      0;   17.6;eor
  2638;19851101;19851130;  10;   2;    70.1;     32;    153;   19.0;eor
  2638;19851201;19851231;  10;   2;    35.3;      8;     43;    7.6;eor
  2638;19860101;19860131;  10;   2;   110.7;     95;    479;   24.0;eor
  2638;19860201;19860228;  10;   2;    43.8;     60;    922;   15.8;eor
  2638;19860301;19860331;  10;   2;    50.5;     15;    761;    8.1;eor
  2638;19860401;19860430;  10;   2;   153.2;     29;    108;   27.3;eor
  2638;19860501;19860531;  10;   2;   131.3;      0;      0;   22.3;eor
  2638;19860601;19860630;  10;   2;   132.7;      0;      0;   31.9;eor
  2638;19860701;19860731;  10;   2;    69.1;      0;      0;   29.8;eor
  2638;19860801;19860831;  10;   2;   147.6;      0;      0;   49.7;eor
  2638;19860901;19860930;  10;   2;    51.0;      0;      0;   21.5;eor
  2638;19861001;19861031;  10;   2;    79.5;      0;      0;   32.8;eor
  2638;19861101;19861130;  10;   2;    31.8;      0;      0;   10.4;eor
  2638;19861201;19861231;  10;   2;    99.0;     84;    371;   27.9;eor
  2638;19870101;19870131;  10;   2;    35.4;     28;    498;   13.3;eor
  2638;19870201;19870228;  10;   2;    77.4;     45;    339;   16.8;eor
  2638;19870301;19870331;  10;   2;    59.0;     50;    353;   16.4;eor
  2638;19870401;19870430;  10;   2;    45.8;      5;      5;   22.0;eor
  2638;19870501;19870531;  10;   2;   132.0;     16;     24;   20.6;eor
  2638;19870601;19870630;  10;   2;   145.0;      0;      0;   23.5;eor
  2638;19870701;19870731;  10;   2;   188.5;      0;      0;   84.6;eor
  2638;19870801;19870831;  10;   2;    74.7;      0;      0;   14.4;eor
  2638;19870901;19870930;  10;   2;    89.7;      0;      0;   30.2;eor
  2638;19871001;19871031;  10;   2;    55.5;      0;      0;   18.3;eor
  2638;19871101;19871130;  10;   2;    78.6;     15;     74;   12.4;eor
  2638;19871201;19871231;  10;   2;    45.0;      1;     44;   18.4;eor
  2638;19880101;19880131;  10;   2;    61.6;     24;     48;   16.8;eor
  2638;19880201;19880229;  10;   2;   101.5;     96;    448;    9.5;eor
  2638;19880301;19880331;  10;   2;   144.9;     90;   1378;   16.2;eor
  2638;19880401;19880430;  10;   2;    53.7;     16;     34;   20.3;eor
  2638;19880501;19880531;  10;   2;   124.0;      0;      0;   52.9;eor
  2638;19880601;19880630;  10;   2;    97.5;      0;      0;   23.4;eor
  2638;19880701;19880731;  10;   2;   100.8;      0;      0;   17.9;eor
  2638;19880801;19880831;  10;   2;   115.0;      0;      0;   44.5;eor
  2638;19880901;19880930;  10;   2;    78.7;      0;      0;   15.9;eor
  2638;19881001;19881031;  10;   2;    84.4;      0;      0;   16.8;eor
  2638;19881101;19881130;  10;   2;    35.7;     22;    140;   10.5;eor
  2638;19881201;19881231;  10;   2;   116.9;     56;    226;   32.9;eor
  2638;19890101;19890131;  10;   2;     8.9;      2;      2;    2.7;eor
  2638;19890201;19890228;  10;   2;    44.0;     12;     25;   11.8;eor
  2638;19890301;19890331;  10;   2;    22.1;     13;     32;    3.2;eor
  2638;19890401;19890430;  10;   2;   143.9;      5;      5;   43.0;eor
  2638;19890501;19890531;  10;   2;    47.9;      0;      0;   12.9;eor
  2638;19890601;19890630;  10;   2;   108.5;      0;      0;   33.0;eor
  2638;19890701;19890731;  10;   2;   111.3;      0;      0;   22.6;eor
  2638;19890801;19890831;  10;   2;    87.0;      0;      0;   34.9;eor
  2638;19890901;19890930;  10;   2;    27.3;      0;      0;   13.6;eor
  2638;19891001;19891031;  10;   2;    61.4;      0;      0;   14.5;eor
  2638;19891101;19891130;  10;   2;    26.8;      3;      3;   13.0;eor
  2638;19891201;19891231;  10;   2;    81.0;      1;      1;   29.0;eor
  2638;19900101;19900131;  10;   2;    19.3;      6;     12;    5.4;eor
  2638;19900201;19900228;  10;   2;   115.1;     30;     54;   26.2;eor
  2638;19900301;19900331;  10;   2;    29.9;     15;     33;    6.7;eor
  2638;19900401;19900430;  10;   2;    69.8;     22;     40;   14.8;eor
  2638;19900501;19900531;  10;   2;    52.4;      0;      0;    8.3;eor
  2638;19900601;19900630;  10;   2;   117.2;      0;      0;   17.6;eor
  2638;19900701;19900731;  10;   2;    48.4;      0;      0;   13.8;eor
  2638;19900801;19900831;  10;   2;    70.7;      0;      0;   24.0;eor
  2638;19900901;19900930;  10;   2;    89.3;      0;      0;   26.8;eor
  2638;19901001;19901031;  10;   2;    82.1;      0;      0;   23.7;eor
  2638;19901101;19901130;  10;   2;    83.1;     46;    242;   24.2;eor
  2638;19901201;19901231;  10;   2;    49.6;     31;    651;    8.1;eor
  2638;19910101;19910131;   9;   2;    41.5;     30;    192;    7.2;eor
  2638;19910201;19910228;   9;   2;    16.7;     16;    413;    3.8;eor
  2638;19910301;19910331;   9;   2;    50.7;      0;      6;   13.8;eor
  2638;19910401;19910430;   9;   2;    38.8;     10;     10;    5.8;eor
  2638;19910501;19910531;   9;   2;    84.7;      8;      8;   31.7;eor
  2638;19910601;19910630;   9;   2;    97.7;      0;      0;   25.9;eor
  2638;19910701;19910731;   9;   2;   105.5;      0;      0;   21.1;eor
  2638;19910801;19910831;   9;   2;    17.8;      0;      0;    6.0;eor
  2638;19910901;19910930;   9;   2;    66.5;      0;      0;   25.4;eor
  2638;19911001;19911031;   9;   2;    41.9;      5;     15;   13.4;eor
  2638;19911101;19911130;   9;   2;    74.5;     27;     70;   23.6;eor
  2638;19911201;19911231;   9;   2;    57.6;     30;     81;   14.4;eor
  2638;19920101;19920131;   9;   2;    16.5;     13;    166;    6.6;eor
  2638;19920201;19920229;   9;   2;    46.3;     35;    167;    8.8;eor
  2638;19920301;19920331;   9;   2;    81.6;     19;     29;   15.9;eor
  2638;19920401;19920430;   9;   2;    63.8;     25;     40;   23.1;eor
  2638;19920501;19920531;   9;   2;    30.5;      0;      0;    7.7;eor
  2638;19920601;19920630;   9;   2;   176.3;      0;      0;   42.1;eor
  2638;19920701;19920731;   9;   2;   141.2;      0;      0;   33.4;eor
  2638;19920801;19920831;   9;   2;    81.6;      0;      0;   25.6;eor
  2638;19920901;19920930;   9;   2;    42.1;      0;      0;    8.7;eor
  2638;19921001;19921031;   9;   2;    95.9;     13;     24;   21.6;eor
  2638;19921101;19921130;   9;   2;   121.9;      3;      7;   16.0;eor
  2638;19921201;19921231;   9;   2;    49.8;      7;     20;   15.6;eor
  2638;19930101;19930131;   9;   2;    46.5;     17;     46;   12.7;eor
  2638;19930201;19930228;   9;   2;    31.3;     29;    185;    9.6;eor
  2638;19930301;19930331;   9;   2;    28.3;      6;    247;    9.3;eor
  2638;19930401;19930430;   9;   2;    47.9;      4;      6;    7.8;eor
  2638;19930501;19930531;   9;   2;    82.4;      0;      0;   22.5;eor
  2638;19930601;19930630;   9;   2;   100.1;      0;      0;   23.0;eor
  2638;19930701;19930731;   9;   2;   167.3;      0;      0;   28.4;eor
  2638;19930801;19930831;   9;   2;   110.5;      0;      0;   24.8;eor
  2638;19930901;19930930;   9;   2;    76.0;      0;      0;   18.8;eor
  2638;19931001;19931031;   9;   2;    83.6;      4;      5;   29.7;eor
  2638;19931101;19931130;   9;   2;    30.8;     13;    115;    7.5;eor
  2638;19931201;19931231;   9;   2;   109.4;     77;    240;   14.0;eor
  2638;19940101;19940131;   9;   2;    54.6;     31;     73;    8.3;eor
  2638;19940201;19940228;   9;   2;    32.8;     14;    116;    5.9;eor
  2638;19940301;19940331;   9;   2;    48.4;      1;      1;   11.3;eor
  2638;19940401;19940430;   9;   2;    91.0;     37;     48;   11.5;eor
  2638;19940501;19940531;   9;   2;   158.8;      0;      0;   56.9;eor
  2638;19940601;19940630;   9;   2;    96.8;      0;      0;   19.4;eor
  2638;19940701;19940731;   9;   2;   227.1;      0;      0;   59.4;eor
  2638;19940801;19940831;   9;   2;   151.4;      0;      0;   38.8;eor
  2638;19940901;19940930;   9;   2;   141.3;      0;      0;   46.8;eor
  2638;19941001;19941031;   9;   2;    45.6;      0;      0;    8.6;eor
  2638;19941101;19941130;   9;   2;    29.9;      0;      0;    5.7;eor
  2638;19941201;19941231;   9;   2;    80.0;      8;     36;   16.2;eor
  2638;19950101;19950131;   9;   2;   100.3;     81;    663;   18.1;eor
  2638;19950201;19950228;   9;   2;    62.5;     18;     29;   10.0;eor
  2638;19950301;19950331;   9;   2;    91.8;     54;    160;   25.3;eor
  2638;19950401;19950430;   9;   2;    86.4;      1;     32;   18.0;eor
  2638;19950501;19950531;   9;   2;   157.1;      2;      2;   36.9;eor
  2638;19950601;19950630;   9;   2;    81.6;      0;      0;   18.3;eor
  2638;19950701;19950731;   9;   2;   103.9;      0;      0;   24.2;eor
  2638;19950801;19950831;   9;   2;   113.9;      0;      0;   23.0;eor
  2638;19950901;19950930;   9;   2;    77.9;      0;      0;   21.6;eor
  2638;19951001;19951031;   9;   2;    20.7;      0;      0;    4.9;eor
  2638;19951101;19951130;   9;   2;    95.0;     29;     91;   21.7;eor
  2638;19951201;19951231;   9;   2;    62.6;     23;     90;   21.0;eor
  2638;19960101;19960131;   9;   2;     3.2;      0;     28;    1.5;eor
  2638;19960201;19960229;   9;   2;    44.9;     56;    508;    9.9;eor
  2638;19960301;19960331;   9;   2;    23.4;      8;    279;    8.6;eor
  2638;19960401;19960430;   9;   2;    35.3;      4;      6;    8.6;eor
  2638;19960501;19960531;   9;   2;   109.5;      0;      0;   14.3;eor
  2638;19960601;19960630;   9;   2;   172.6;      0;      0;   43.7;eor
  2638;19960701;19960731;   9;   2;   141.6;      0;      0;   47.6;eor
  2638;19960801;19960831;   9;   2;   117.3;      0;      0;   22.5;eor
  2638;19960901;19960930;   9;   2;    43.0;      0;      0;    8.3;eor
  2638;19961001;19961031;   9;   2;    79.9;      0;      0;   25.7;eor
  2638;19961101;19961130;   9;   2;    95.6;     45;    106;   17.1;eor
  2638;19961201;19961231;   9;   2;    60.2;     27;    393;   16.5;eor
  2638;19970101;19970131;   9;   2;     5.7;      3;    194;    3.5;eor
  2638;19970201;19970228;   9;   2;    77.7;     26;     51;   21.7;eor
  2638;19970301;19970331;   9;   2;    29.9;      6;     11;    6.5;eor
  2638;19970401;19970430;   9;   2;    44.7;      4;      4;    8.2;eor
  2638;19970501;19970531;   9;   2;    57.4;      5;      5;   14.7;eor
  2638;19970601;19970630;   9;   2;   173.8;      0;      0;   39.7;eor
  2638;19970701;19970731;   9;   2;   104.5;      0;      0;   17.2;eor
  2638;19970801;19970831;   9;   2;    58.1;      0;      0;   27.5;eor
  2638;19970901;19970930;   9;   2;    33.1;      0;      0;   14.0;eor
  2638;19971001;19971031;   9;   2;    56.8;      0;      0;   16.1;eor
  2638;19971101;19971130;   9;   2;    23.9;      0;      0;    9.9;eor
  2638;19971201;19971231;   9;   2;    87.6;     29;     96;   23.6;eor
  2638;19980101;19980131;   9;   2;    47.7;     29;    216;   10.3;eor
  2638;19980201;19980228;   9;   2;    23.4;      0;    168;   14.5;eor
  2638;19980301;19980331;   9;   2;    58.8;     37;     72;   16.7;eor
  2638;19980401;19980430;   9;   2;    80.9;     29;     68;   22.0;eor
  2638;19980501;19980531;   9;   2;    49.9;      0;      0;   20.2;eor
  2638;19980601;19980630;   9;   2;    84.6;      0;      0;   19.0;eor
  2638;19980701;19980731;   9;   2;    76.0;      0;      0;   15.8;eor
  2638;19980801;19980831;   9;   2;    55.6;      0;      0;   18.8;eor
  2638;19980901;19980930;   9;   2;   103.1;      0;      0;   19.6;eor
  2638;19981001;19981031;   9;   2;   143.3;      2;      2;   25.5;eor
  2638;19981101;19981130;   9;   2;    65.6;     34;    237;   12.4;eor
  2638;19981201;19981231;   9;   2;    46.4;     44;    383;   12.7;eor
  2638;19990101;19990131;   9;   2;    66.6;     73;    238;   18.1;eor
  2638;19990201;19990228;   9;   2;   104.4;    133;   1040;   16.9;eor
  2638;19990301;19990331;   9;   2;    50.6;     25;    165;   11.8;eor
  2638;19990401;19990430;   9;   2;   102.8;     11;     11;   21.5;eor
  2638;19990501;19990531;   9;   2;   132.2;      0;      0;   21.7;eor
  2638;19990601;19990630;   9;   2;   120.0;      0;      0;   22.7;eor
  2638;19990701;19990731;   9;   2;   100.9;      0;      0;   28.3;eor
  2638;19990801;19990831;   9;   2;    59.2;      0;      0;   19.2;eor
  2638;19990901;19990930;   9;   2;    64.9;      0;      0;   17.4;eor
  2638;19991001;19991031;   9;   2;    47.0;      0;      0;   10.5;eor
  2638;19991101;19991130;   9;   2;    64.3;     52;    277;   14.8;eor
  2638;19991201;19991231;   9;   2;   106.4;    101;    315;   16.9;eor
  2638;20000601;20000630;-999;-999;    -999;   -999;   -999;   10.6;eor
  2638;20000704;20000731;-999;-999;    -999;   -999;   -999;   16.4;eor
  2638;20000801;20000831;-999;-999;    -999;   -999;   -999;    8.5;eor
  2638;20000902;20000930;-999;-999;    -999;   -999;   -999;   44.6;eor
  2638;20001001;20001031;-999;-999;    -999;   -999;   -999;   19.4;eor
  2638;20001102;20001130;-999;-999;    -999;   -999;   -999;   14.0;eor
  2638;20001201;20001231;-999;-999;    -999;   -999;   -999;    5.8;eor
  2638;20010101;20010131;-999;-999;    -999;   -999;   -999;   12.1;eor
  2638;20010201;20010228;-999;-999;    -999;   -999;   -999;   25.8;eor
  2638;20010301;20010331;-999;-999;    -999;   -999;   -999;   15.6;eor
  2638;20010420;20010430;-999;-999;    -999;   -999;   -999;   16.4;eor
  2638;20010501;20010522;-999;-999;    -999;   -999;   -999;   28.5;eor
  2638;20010607;20010630;-999;-999;    -999;   -999;   -999;   15.2;eor
  2638;20010701;20010731;-999;-999;    -999;   -999;   -999;    8.8;eor
  2638;20010801;20010831;-999;-999;    -999;   -999;   -999;    9.5;eor
  2638;20010901;20010930;   9;   2;   133.0;   -999;   -999;   20.4;eor
  2638;20011001;20011031;-999;-999;    -999;   -999;   -999;   18.3;eor
  2638;20011101;20011130;   9;   2;    86.5;   -999;   -999;   14.8;eor
  2638;20011201;20011231;-999;-999;    -999;   -999;   -999;   17.9;eor
  2638;20020101;20020131;-999;-999;    -999;   -999;   -999;    8.7;eor
  2638;20020201;20020228;   9;   2;   106.3;   -999;   -999;   27.3;eor
  2638;20020301;20020331;   9;   2;    70.6;   -999;   -999;   30.9;eor
  2638;20020401;20020430;-999;-999;    -999;   -999;   -999;   16.0;eor
  2638;20020501;20020531;   9;   2;   150.3;   -999;   -999;   25.1;eor
  2638;20020601;20020630;   9;   2;   124.3;   -999;   -999;   50.9;eor
  2638;20020701;20020731;-999;-999;    -999;   -999;   -999;   27.6;eor
  2638;20020801;20020831;-999;-999;    -999;   -999;   -999;   63.0;eor
  2638;20020901;20020930;-999;-999;    -999;   -999;   -999;   22.4;eor
  2638;20021001;20021031;-999;-999;    -999;   -999;   -999;   20.4;eor
  2638;20021101;20021130;-999;-999;    -999;   -999;   -999;   21.5;eor
  2638;20021201;20021231;-999;-999;    -999;   -999;   -999;    9.9;eor
  2638;20030101;20030131;-999;-999;    -999;   -999;   -999;   16.7;eor
  2638;20030201;20030228;   9;   2;    29.3;   -999;   -999;    9.6;eor
  2638;20030301;20030331;-999;-999;    -999;   -999;   -999;    7.1;eor
  2638;20030401;20030430;   9;   2;    54.4;   -999;   -999;   11.4;eor
  2638;20030502;20030531;-999;-999;    -999;   -999;   -999;   23.8;eor
  2638;20030601;20030630;   9;   2;    44.4;   -999;   -999;   10.6;eor
  2638;20030701;20030731;   9;   2;    62.3;   -999;   -999;   11.9;eor
  2638;20030801;20030831;-999;-999;    -999;   -999;   -999;   20.7;eor
  2638;20030901;20030930;   9;   2;    34.1;   -999;   -999;   14.9;eor
  2638;20031001;20031031;-999;-999;    -999;   -999;   -999;   20.8;eor
  2638;20031101;20031130;   9;   2;    61.9;   -999;   -999;   26.0;eor
  2638;20031201;20031231;   9;   2;    40.6;   -999;   -999;    9.9;eor
  2638;20040101;20040131;   9;   2;   142.3;   -999;   -999;   26.4;eor
  2638;20040201;20040229;   9;   2;    35.7;   -999;   -999;   10.9;eor
  2638;20040301;20040331;   9;   2;    44.2;   -999;   -999;   13.3;eor
  2638;20040401;20040430;   9;   2;    27.8;   -999;   -999;    7.1;eor
  2638;20040501;20040531;   9;   2;    68.0;   -999;   -999;   34.5;eor
  2638;20040601;20040630;   9;   2;    86.9;   -999;   -999;   25.8;eor
  2638;20040701;20040731;-999;-999;    -999;   -999;   -999;   23.6;eor
  2638;20040801;20040831;-999;-999;    -999;   -999;   -999;   29.3;eor
  2638;20040901;20040930;   9;   2;    41.4;   -999;   -999;    9.2;eor
  2638;20041001;20041031;   9;   2;   138.5;   -999;   -999;   24.6;eor
  2638;20041101;20041130;   9;   2;    32.1;   -999;   -999;    6.5;eor
  2638;20041201;20041231;   9;   2;    76.7;   -999;   -999;   17.7;eor
  2638;20050101;20050131;   9;   2;    59.4;   -999;   -999;    8.8;eor
  2638;20050201;20050228;-999;-999;    -999;   -999;   -999;   22.9;eor
  2638;20050301;20050331;   9;   2;    97.6;   -999;   -999;   23.3;eor
  2638;20050401;20050430;-999;-999;    -999;   -999;   -999;   17.6;eor
  2638;20050501;20050531;   9;   2;   114.0;   -999;   -999;   21.5;eor
  2638;20050601;20050630;   9;   2;    71.9;   -999;   -999;   44.0;eor
  2638;20050701;20050731;   9;   2;    85.9;   -999;   -999;   18.1;eor
  2638;20050801;20050831;   9;   2;    87.5;   -999;   -999;   16.5;eor
  2638;20050901;20050930;   9;   2;    41.5;   -999;   -999;   13.9;eor
  2638;20051001;20051031;   9;   2;    82.6;   -999;   -999;   25.2;eor
  2638;20051101;20051130;   9;   2;    39.2;   -999;   -999;   12.0;eor
  2638;20051201;20051231;   9;   2;    54.4;   -999;   -999;   10.0;eor
  2638;20060101;20060131;   9;   2;    19.4;   -999;   -999;    7.9;eor
  2638;20060201;20060228;   9;   2;    45.5;   -999;   -999;   10.2;eor
  2638;20060301;20060331;-999;-999;    -999;   -999;   -999;   31.3;eor
  2638;20060401;20060430;   9;   2;   125.1;   -999;   -999;   31.7;eor
  2638;20060501;20060531;   9;   2;   122.7;   -999;   -999;   16.5;eor
  2638;20060601;20060630;   9;   2;    61.9;   -999;   -999;   20.3;eor
  2638;20060701;20060731;   9;   2;    76.3;   -999;   -999;   27.0;eor
  2638;20060801;20060831;   9;   2;   188.7;   -999;   -999;   41.6;eor
  2638;20060901;20060930;   9;   2;    79.0;   -999;   -999;   27.9;eor
  2638;20061001;20061031;   9;   2;    51.8;   -999;   -999;   17.4;eor
  2638;20061101;20061130;   9;   2;    34.5;   -999;   -999;    5.9;eor
  2638;20061201;20061231;   9;   2;    49.4;   -999;   -999;   12.4;eor
  2638;20070101;20070131;   9;   2;    83.7;   -999;   -999;   13.4;eor
  2638;20070201;20070228;   9;   2;    49.7;   -999;   -999;    7.4;eor
  2638;20070301;20070331;   9;   2;    93.0;   -999;   -999;   17.2;eor
  2638;20070401;20070430;   9;   2;     3.2;   -999;   -999;    2.3;eor
  2638;20070501;20070531;   9;   2;   157.3;   -999;   -999;   27.8;eor
  2638;20070601;20070630;   9;   2;   123.8;   -999;   -999;   13.9;eor
  2638;20070701;20070731;   9;   2;   128.3;   -999;   -999;   17.2;eor
  2638;20070801;20070831;   9;   2;    86.8;   -999;   -999;   28.7;eor
  2638;20070901;20070930;   9;   2;    60.4;   -999;   -999;   12.7;eor
  2638;20071001;20071031;   9;   2;    16.6;   -999;   -999;   12.8;eor
  2638;20071101;20071130;   9;   2;    78.5;   -999;   -999;   11.7;eor
  2638;20071201;20071231;   9;   2;    69.2;   -999;   -999;   14.0;eor
  2638;20080101;20080131;   9;   2;    44.8;   -999;   -999;    8.9;eor
  2638;20080201;20080229;   9;   2;    27.2;   -999;   -999;    7.0;eor
  2638;20080301;20080331;   9;   2;    90.0;   -999;   -999;   14.3;eor
  2638;20080401;20080430;   9;   2;   117.3;   -999;   -999;   38.9;eor
  2638;20080501;20080531;   9;   2;    62.6;   -999;   -999;   18.7;eor
  2638;20080601;20080630;   9;   2;    95.0;   -999;   -999;   35.7;eor
  2638;20080701;20080731;   9;   2;   101.5;   -999;   -999;   15.6;eor
  2638;20080801;20080831;   9;   2;   107.7;   -999;   -999;   49.4;eor
  2638;20080901;20080930;   9;   2;    66.4;   -999;   -999;   18.8;eor
  2638;20081001;20081031;   9;   2;    85.6;   -999;   -999;   25.7;eor
  2638;20081101;20081130;   9;   2;    42.7;   -999;   -999;   17.2;eor
  2638;20081201;20081231;   9;   2;    59.4;   -999;    501;    9.9;eor
  2638;20090101;20090131;   9;   2;    25.7;   -999;    449;   11.1;eor
  2638;20090201;20090228;   9;   2;    67.6;   -999;    613;   10.7;eor
  2638;20090301;20090331;   9;   2;   101.2;   -999;    876;   26.5;eor
  2638;20090401;20090430;   9;   2;    29.9;   -999;   -999;    8.9;eor
  2638;20090501;20090531;   9;   2;   131.7;   -999;   -999;   21.5;eor
  2638;20090601;20090630;   9;   2;    91.4;   -999;   -999;   21.4;eor
  2638;20090701;20090731;   9;   2;   147.0;   -999;   -999;   41.7;eor
  2638;20090801;20090831;   9;   2;    32.3;   -999;   -999;   10.3;eor
  2638;20090901;20090930;   9;   2;    43.8;   -999;   -999;   10.3;eor
  2638;20091001;20091031;   9;   2;    97.8;   -999;   -999;   33.4;eor
  2638;20091101;20091130;   9;   2;    81.6;   -999;   -999;   18.4;eor
  2638;20091201;20091231;   9;   2;    81.6;   -999;    132;   13.6;eor
  2638;20100101;20100131;   9;   2;    49.6;   -999;    324;    9.2;eor
  2638;20100201;20100228;   9;   2;    42.4;   -999;    515;    7.8;eor
  2638;20100301;20100331;   9;   2;    47.0;   -999;     44;   10.9;eor
  2638;20100401;20100430;   9;   2;    27.6;   -999;      8;    8.6;eor
  2638;20100501;20100531;   9;   2;   117.8;   -999;   -999;   18.1;eor
  2638;20100601;20100630;   9;   2;    78.2;   -999;   -999;   42.5;eor
  2638;20100701;20100731;   9;   2;   117.8;   -999;   -999;   18.7;eor
  2638;20100801;20100831;   9;   2;   161.0;   -999;   -999;   36.9;eor
  2638;20100901;20100930;   9;   2;    76.1;   -999;   -999;   29.5;eor
  2638;20101001;20101031;  10;   2;    30.3;   -999;   -999;    7.1;eor
  2638;20101101;20101130;   7;   2;    73.3;   -999;   -999;   15.4;eor
  2638;20101201;20101231;   7;   2;   117.8;   -999;    352;   19.6;eor
  2638;20110101;20110131;   3;   2;    46.8;   -999;    149;   11.4;eor
  2638;20110201;20110228;   3;   2;    17.1;   -999;     58;    6.6;eor
  2638;20110301;20110331;   3;   2;    29.1;   -999;      0;    7.8;eor
  2638;20110401;20110430;   3;   2;    24.8;   -999;      0;   12.7;eor
  2638;20110501;20110531;   3;   2;    46.8;   -999;   -999;   15.6;eor
  2638;20110601;20110630;   3;   2;    94.3;   -999;   -999;   26.0;eor
  2638;20110701;20110731;   3;   2;   164.8;   -999;   -999;   50.5;eor
  2638;20110801;20110831;   3;   2;   101.1;   -999;   -999;   24.5;eor
  2638;20110901;20110930;   3;   2;    47.7;   -999;   -999;   14.5;eor
  2638;20111001;20111031;   3;   2;    58.7;   -999;      8;   20.2;eor
  2638;20111101;20111130;   3;   2;     0.6;   -999;      0;    0.3;eor
  2638;20111201;20111231;   3;   2;   164.0;   -999;     46;   22.0;eor
  2638;20120101;20120131;   3;   2;   101.2;   -999;    185;   19.9;eor
  2638;20120201;20120229;   3;   2;    20.6;   -999;    502;   11.3;eor
  2638;20120301;20120331;   3;   2;    16.9;   -999;     15;    6.6;eor
  2638;20120401;20120430;   3;   2;    66.6;   -999;      0;   12.8;eor
  2638;20120501;20120531;   3;   2;   110.0;   -999;   -999;   22.6;eor
  2638;20120601;20120630;   3;   2;   140.9;   -999;   -999;   28.9;eor
  2638;20120701;20120731;   3;   2;   135.5;   -999;   -999;   30.4;eor
  2638;20120801;20120831;   3;   2;   118.5;   -999;   -999;   24.3;eor
  2638;20120901;20120930;   3;   2;    60.8;   -999;   -999;   13.5;eor
  2638;20121001;20121031;   3;   2;    84.9;   -999;   -999;   17.8;eor
  2638;20121101;20121130;   3;   2;   123.7;   -999;     40;   29.2;eor
  2638;20121201;20121231;   3;   2;    89.2;   -999;    341;   13.7;eor
  2638;20130101;20130131;   3;   2;    40.0;   -999;    124;    7.7;eor
  2638;20130201;20130228;   3;   2;    86.9;   -999;   -999;   32.5;eor
  2638;20130301;20130331;   3;   2;    43.7;   -999;   -999;    7.9;eor
  2638;20130401;20130430;   3;   2;    84.4;   -999;     21;   17.7;eor
  2638;20130501;20130531;   3;   2;   173.9;   -999;   -999;   80.9;eor
  2638;20130601;20130630;   3;   2;    73.9;   -999;   -999;   35.0;eor
  2638;20130701;20130731;   3;   2;    78.9;   -999;   -999;   34.6;eor
  2638;20130801;20130831;   3;   2;    67.6;   -999;   -999;   14.7;eor
  2638;20130901;20130930;   3;   2;   141.3;   -999;   -999;   40.1;eor
  2638;20131001;20131031;   3;   2;   101.1;   -999;      0;   27.2;eor
  2638;20131101;20131130;   3;   2;    94.1;   -999;     49;   27.6;eor
  2638;20131201;20131231;   3;   2;    55.7;   -999;    116;   20.8;eor
  2638;20140101;20140131;   3;   2;    40.6;   -999;     47;    7.5;eor
  2638;20140201;20140228;   3;   2;    62.0;   -999;     83;   23.1;eor
  2638;20140301;20140331;   3;   2;    23.7;   -999;     25;   11.7;eor
  2638;20140401;20140430;   3;   2;    69.9;   -999;   -999;   19.0;eor
  2638;20140501;20140531;   3;   2;    47.2;   -999;   -999;    8.0;eor
  2638;20140601;20140630;   3;   2;    82.0;   -999;   -999;   27.0;eor
  2638;20140701;20140731;   3;   2;   258.7;   -999;   -999;   59.4;eor
  2638;20140801;20140831;   3;   2;    81.6;   -999;   -999;   16.0;eor
  2638;20140901;20140930;   3;   2;    82.2;   -999;   -999;   31.3;eor
  2638;20141001;20141031;   3;   2;    90.6;   -999;   -999;   27.4;eor
  2638;20141101;20141130;   3;   2;    82.9;   -999;   -999;   28.5;eor
  2638;20141201;20141231;   3;   2;    56.1;   -999;     69;   12.9;eor
