STATIONS_ID; MESS_DATUM_BEGINN; MESS_DATUM_ENDE; QUALITAETS_NIVEAU; ART; NIEDERSCHLAGSHOEHE;NEUSCHNEEHOEHE;SCHNEEHOEHE; max(NIEDERSCHLAGSHOEHE);eor
  5943;19510101;19510131;   5;   2;    60.6;   -999;    197;   24.6;eor
  5943;19510201;19510228;   5;   2;    19.1;   -999;     10;    8.7;eor
  5943;19510301;19510331;   5;   2;    44.0;   -999;     78;   11.0;eor
  5943;19510401;19510430;   5;   2;    57.3;   -999;      0;   20.9;eor
  5943;19510501;19510531;   5;   2;    61.2;   -999;      0;   17.3;eor
  5943;19510601;19510630;   5;   2;   131.0;   -999;      0;   23.4;eor
  5943;19510701;19510731;   5;   2;    44.0;   -999;      0;   15.2;eor
  5943;19510801;19510831;   5;   2;    63.7;   -999;      0;   34.3;eor
  5943;19510901;19510930;   5;   2;    28.7;   -999;      0;    7.2;eor
  5943;19511001;19511031;   5;   2;     7.2;   -999;      0;    3.0;eor
  5943;19511101;19511130;   5;   2;    66.5;   -999;      0;   14.0;eor
  5943;19511201;19511231;   5;   2;    38.4;   -999;     23;    7.5;eor
  5943;19520101;19520131;   5;   2;    60.7;   -999;    244;   15.8;eor
  5943;19520201;19520229;   5;   2;    53.7;   -999;    479;   12.3;eor
  5943;19520301;19520331;   5;   2;    75.6;   -999;     63;   14.1;eor
  5943;19520401;19520430;   5;   2;    31.5;   -999;     13;    5.9;eor
  5943;19520501;19520531;   5;   2;    89.3;   -999;      0;   13.0;eor
  5943;19520601;19520630;   5;   2;    55.8;   -999;      0;   20.6;eor
  5943;19520701;19520731;   5;   2;    36.9;   -999;      0;   12.2;eor
  5943;19520801;19520831;   5;   2;   102.8;   -999;      0;   32.8;eor
  5943;19520901;19520930;   5;   2;   126.1;   -999;      0;   43.8;eor
  5943;19521001;19521031;   5;   2;    76.4;   -999;      0;   12.6;eor
  5943;19521101;19521130;   5;   2;    62.6;   -999;     33;   14.2;eor
  5943;19521201;19521231;   5;   2;    20.3;   -999;    206;    6.0;eor
  5943;19530101;19530131;   5;   2;    83.7;   -999;    738;    9.2;eor
  5943;19530201;19530228;   5;   2;    47.1;   -999;    368;   14.2;eor
  5943;19530301;19530331;   5;   2;    28.5;   -999;     29;   10.3;eor
  5943;19530401;19530430;   5;   2;    36.8;   -999;      0;    9.7;eor
  5943;19530501;19530531;   5;   2;    90.4;   -999;      1;   15.3;eor
  5943;19530601;19530630;   5;   2;   110.0;   -999;      0;   19.5;eor
  5943;19530701;19530731;   5;   2;   147.7;   -999;      0;   32.2;eor
  5943;19530801;19530831;   5;   2;    28.1;   -999;      0;    9.2;eor
  5943;19530901;19530930;   5;   2;    38.4;   -999;      0;   11.8;eor
  5943;19531001;19531031;   5;   2;    19.3;   -999;      0;   10.9;eor
  5943;19531101;19531130;   5;   2;    18.4;   -999;      0;    8.1;eor
  5943;19531201;19531231;   5;   2;    21.5;   -999;     11;    7.8;eor
  5943;19540101;19540131;   5;   2;    58.2;   -999;    277;   21.4;eor
  5943;19540201;19540228;   5;   2;    10.1;   -999;    201;    3.1;eor
  5943;19540301;19540331;   5;   2;    19.0;   -999;      2;    6.1;eor
  5943;19540401;19540430;   5;   2;   123.6;   -999;      8;   23.7;eor
  5943;19540501;19540531;   5;   2;    54.7;   -999;      0;   17.5;eor
  5943;19540601;19540630;   5;   2;    48.9;   -999;      0;   31.0;eor
  5943;19540701;19540731;   5;   2;   289.8;   -999;      0;   76.2;eor
  5943;19540801;19540831;   5;   2;   131.1;   -999;      0;  102.2;eor
  5943;19540901;19540930;   5;   2;   110.3;   -999;      0;   43.1;eor
  5943;19541001;19541031;   5;   2;    65.2;   -999;      0;   15.3;eor
  5943;19541101;19541130;   5;   2;    33.9;   -999;     19;   10.2;eor
  5943;19541201;19541231;   5;   2;   114.6;   -999;     24;   16.8;eor
  5943;19550101;19550131;   5;   2;    43.8;   -999;    347;   12.5;eor
  5943;19550201;19550228;   5;   2;    32.8;   -999;    333;    5.7;eor
  5943;19550301;19550331;   5;   2;    41.6;   -999;    392;   12.3;eor
  5943;19550401;19550430;   5;   2;   123.3;   -999;      9;   33.9;eor
  5943;19550501;19550531;   5;   2;    58.8;   -999;      0;   15.0;eor
  5943;19550601;19550630;   5;   2;    89.0;   -999;      0;   17.4;eor
  5943;19550701;19550731;   5;   2;   257.9;   -999;      0;   32.3;eor
  5943;19550801;19550831;   5;   2;   106.0;   -999;      0;   38.1;eor
  5943;19550901;19550930;   5;   2;    40.8;   -999;      0;   12.1;eor
  5943;19551001;19551031;   5;   2;    48.9;   -999;      0;   15.4;eor
  5943;19551101;19551130;   5;   2;    32.4;   -999;     10;    6.7;eor
  5943;19551201;19551231;   5;   2;    67.6;   -999;     18;    7.2;eor
  5943;19560101;19560131;   5;   2;    21.9;   -999;     48;    6.0;eor
  5943;19560201;19560229;   5;   2;    45.2;   -999;    807;    9.0;eor
  5943;19560301;19560331;   5;   2;    52.0;   -999;    219;   13.6;eor
  5943;19560401;19560430;   5;   2;    95.1;   -999;     44;   15.2;eor
  5943;19560501;19560531;   5;   2;    47.9;   -999;      0;   10.5;eor
  5943;19560601;19560630;   5;   2;   161.4;   -999;      0;   38.3;eor
  5943;19560701;19560731;   5;   2;   101.6;   -999;      0;   42.5;eor
  5943;19560801;19560831;   5;   2;    57.4;   -999;      0;   18.3;eor
  5943;19560901;19560930;   5;   2;    55.4;   -999;      0;   20.0;eor
  5943;19561001;19561031;   5;   2;   123.1;   -999;      0;   35.0;eor
  5943;19561101;19561130;   5;   2;    97.1;   -999;      1;   24.2;eor
  5943;19561201;19561231;   5;   2;    75.0;   -999;    129;   14.5;eor
  5943;19570101;19570131;   5;   2;    34.9;   -999;    109;    9.6;eor
  5943;19570201;19570228;   5;   2;    54.6;   -999;     44;   10.2;eor
  5943;19570301;19570331;   5;   2;   111.8;   -999;     25;   27.0;eor
  5943;19570401;19570430;   5;   2;    40.3;   -999;     10;    7.5;eor
  5943;19570501;19570531;   5;   2;    25.5;   -999;      2;    6.3;eor
  5943;19570601;19570630;   5;   2;    48.5;   -999;      0;   10.7;eor
  5943;19570701;19570731;   5;   2;   406.7;   -999;      0;   97.2;eor
  5943;19570801;19570831;   5;   2;    97.2;   -999;      0;   27.8;eor
  5943;19570901;19570930;   5;   2;    84.9;   -999;      0;   13.8;eor
  5943;19571001;19571031;   5;   2;    18.2;   -999;      0;    5.8;eor
  5943;19571101;19571130;   5;   2;    46.1;   -999;      0;   16.0;eor
  5943;19571201;19571231;   5;   2;    50.6;   -999;     90;   12.0;eor
  5943;19580101;19580131;   5;   2;    58.2;   -999;    229;    9.3;eor
  5943;19580201;19580228;   5;   2;    60.5;   -999;    112;   12.1;eor
  5943;19580301;19580331;   5;   2;    49.4;   -999;    404;   20.9;eor
  5943;19580401;19580430;   5;   2;    71.7;   -999;     10;   16.8;eor
  5943;19580501;19580531;   5;   2;    75.2;   -999;      0;    9.0;eor
  5943;19580601;19580630;   5;   2;   120.4;   -999;      0;   35.1;eor
  5943;19580701;19580731;   5;   2;   174.8;   -999;      0;   75.8;eor
  5943;19580801;19580831;   5;   2;    69.7;   -999;      0;   28.1;eor
  5943;19580901;19580930;   5;   2;    44.7;   -999;      0;   16.4;eor
  5943;19581001;19581031;   5;   2;   114.9;   -999;      0;   16.1;eor
  5943;19581101;19581130;   5;   2;    32.7;   -999;      0;   12.5;eor
  5943;19581201;19581231;   5;   2;    70.8;   -999;     69;   15.6;eor
  5943;19590101;19590131;   5;   2;    35.5;   -999;     97;   16.1;eor
  5943;19590201;19590228;   5;   2;    17.6;   -999;    368;    6.7;eor
  5943;19590301;19590331;   5;   2;    21.7;   -999;      0;    6.0;eor
  5943;19590401;19590430;   5;   2;   125.7;   -999;      0;   28.8;eor
  5943;19590501;19590531;   5;   2;   101.3;   -999;      0;   39.1;eor
  5943;19590601;19590630;   5;   2;    24.0;   -999;      0;    7.0;eor
  5943;19590701;19590731;   5;   2;   308.5;   -999;      0;   65.6;eor
  5943;19590801;19590831;   5;   2;    51.4;   -999;      0;   18.0;eor
  5943;19590901;19590930;   5;   2;     2.5;   -999;      0;    2.4;eor
  5943;19591001;19591031;   5;   2;    39.2;   -999;      0;   18.4;eor
  5943;19591101;19591130;   5;   2;    17.3;   -999;      0;    5.5;eor
  5943;19591201;19591231;   5;   2;    57.5;   -999;     47;    7.2;eor
  5943;19600101;19600131;   5;   2;   100.4;   -999;    382;   20.5;eor
  5943;19600201;19600229;   5;   2;    20.5;   -999;    204;    7.6;eor
  5943;19600301;19600331;   5;   2;    88.7;   -999;    119;   27.2;eor
  5943;19600401;19600430;   5;   2;    73.9;   -999;     21;   16.9;eor
  5943;19600501;19600531;   5;   2;    99.1;   -999;      0;   38.6;eor
  5943;19600601;19600630;   5;   2;    60.7;   -999;      0;   22.5;eor
  5943;19600701;19600731;   5;   2;   104.1;   -999;      0;   38.5;eor
  5943;19600801;19600831;   5;   2;   100.3;   -999;      0;   20.8;eor
  5943;19600901;19600930;   5;   2;    31.1;   -999;      0;    8.5;eor
  5943;19601001;19601031;   5;   2;   249.5;   -999;      0;   55.6;eor
  5943;19601101;19601130;   5;   2;    45.1;   -999;      0;    9.2;eor
  5943;19601201;19601231;   5;   2;    53.6;   -999;     41;   10.2;eor
  5943;19610101;19610131;   5;   2;    23.9;   -999;    151;    6.4;eor
  5943;19610201;19610228;   5;   2;   109.4;   -999;     49;   32.0;eor
  5943;19610301;19610331;   5;   2;    89.2;   -999;      7;   17.0;eor
  5943;19610401;19610430;   5;   2;    98.0;   -999;      0;   22.7;eor
  5943;19610501;19610531;   5;   2;   164.4;   -999;      0;   31.2;eor
  5943;19610601;19610630;   5;   2;   102.2;   -999;      0;   25.2;eor
  5943;19610701;19610731;   5;   2;    78.1;   -999;      0;   14.6;eor
  5943;19610801;19610831;   5;   2;    56.8;   -999;      0;   10.2;eor
  5943;19610901;19610930;   5;   2;    17.0;   -999;      0;    5.1;eor
  5943;19611001;19611031;   5;   2;    56.8;   -999;      0;   21.5;eor
  5943;19611101;19611130;   5;   2;    89.9;   -999;      0;   32.0;eor
  5943;19611201;19611231;   5;   2;    56.0;   -999;     89;   18.5;eor
  5943;19620101;19620131;   5;   2;    65.6;   -999;     97;   14.2;eor
  5943;19620201;19620228;   5;   2;    79.2;   -999;    208;   19.0;eor
  5943;19620301;19620331;   5;   2;    50.1;   -999;    109;   12.0;eor
  5943;19620401;19620430;   5;   2;    60.7;   -999;      0;   15.3;eor
  5943;19620501;19620531;   5;   2;    96.0;   -999;      0;   23.4;eor
  5943;19620601;19620630;   5;   2;    33.0;   -999;      0;   15.0;eor
  5943;19620701;19620731;   5;   2;    59.3;   -999;      0;   15.1;eor
  5943;19620801;19620831;   5;   2;    48.0;   -999;      0;   12.2;eor
  5943;19620901;19620930;   5;   2;    64.3;   -999;      0;   15.0;eor
  5943;19621001;19621031;   5;   2;    36.8;   -999;      0;   13.2;eor
  5943;19621101;19621130;   5;   2;    29.3;   -999;      1;    8.8;eor
  5943;19621201;19621231;   5;   2;    42.4;   -999;    172;   10.2;eor
  5943;19630101;19630131;   5;   2;    30.6;   -999;    637;    5.4;eor
  5943;19630201;19630228;   5;   2;    26.3;   -999;    927;    6.0;eor
  5943;19630301;19630331;   5;   2;    48.4;   -999;    261;   14.5;eor
  5943;19630401;19630430;   5;   2;    54.4;   -999;      0;   23.6;eor
  5943;19630501;19630531;   5;   2;    92.7;   -999;      0;   18.5;eor
  5943;19630601;19630630;   5;   2;   109.3;   -999;      0;   17.9;eor
  5943;19630701;19630731;   5;   2;    39.4;   -999;      0;   11.8;eor
  5943;19630801;19630831;   5;   2;    83.9;   -999;      0;   19.0;eor
  5943;19630901;19630930;   5;   2;    63.7;   -999;      0;   22.8;eor
  5943;19631001;19631031;   5;   2;    32.7;   -999;      0;   12.5;eor
  5943;19631101;19631130;   5;   2;    47.2;   -999;      0;   16.3;eor
  5943;19631201;19631231;   5;   2;    13.0;   -999;    118;    4.0;eor
  5943;19640101;19640131;   5;   2;    71.2;   -999;    107;   15.1;eor
  5943;19640201;19640229;   5;   2;    40.6;   -999;     63;    9.2;eor
  5943;19640301;19640331;   5;   2;    30.4;   -999;      4;   18.3;eor
  5943;19640401;19640430;   5;   2;    77.3;   -999;      3;   19.2;eor
  5943;19640501;19640531;   5;   2;    70.1;   -999;      0;   21.4;eor
  5943;19640601;19640630;   5;   2;    47.8;   -999;      0;   10.5;eor
  5943;19640701;19640731;   5;   2;    42.6;   -999;      0;   11.5;eor
  5943;19640801;19640831;   5;   2;   195.1;   -999;      0;   65.6;eor
  5943;19640901;19640930;   5;   2;    29.7;   -999;      0;    7.7;eor
  5943;19641001;19641031;   5;   2;   140.0;   -999;      0;   27.6;eor
  5943;19641101;19641130;   5;   2;    99.6;   -999;      7;   15.9;eor
  5943;19641201;19641231;   5;   2;    38.4;   -999;     82;    4.9;eor
  5943;19650101;19650131;   5;   2;    32.2;   -999;    166;    5.6;eor
  5943;19650201;19650228;   5;   2;    63.5;   -999;    645;   12.6;eor
  5943;19650301;19650331;   5;   2;    68.6;   -999;    633;   18.0;eor
  5943;19650401;19650430;   5;   2;   115.3;   -999;      0;   18.2;eor
  5943;19650501;19650531;   5;   2;   189.0;   -999;      0;   45.0;eor
  5943;19650601;19650630;   5;   2;    58.5;   -999;      0;   11.4;eor
  5943;19650701;19650731;   5;   2;   102.4;   -999;      0;   21.6;eor
  5943;19650801;19650831;   5;   2;    13.8;   -999;      0;    6.1;eor
  5943;19650901;19650930;   5;   2;   106.6;   -999;      0;   21.0;eor
  5943;19651001;19651031;   5;   2;    16.5;   -999;      0;   10.2;eor
  5943;19651101;19651130;   5;   2;    46.6;   -999;    134;   11.5;eor
  5943;19651201;19651231;   5;   2;    88.1;   -999;    113;   24.0;eor
  5943;19660101;19660131;   5;   2;    40.8;   -999;    269;   13.0;eor
  5943;19660201;19660228;   5;   2;    74.9;   -999;    102;   14.6;eor
  5943;19660301;19660331;   5;   2;    93.2;   -999;     71;   22.2;eor
  5943;19660401;19660430;   5;   2;   107.2;   -999;      0;   20.5;eor
  5943;19660501;19660531;   5;   2;    78.1;   -999;      0;   33.2;eor
  5943;19660601;19660630;   5;   2;   122.6;   -999;      0;   25.0;eor
  5943;19660701;19660731;   5;   2;   171.2;   -999;      0;   46.4;eor
  5943;19660801;19660831;   5;   2;   140.2;   -999;      0;   47.0;eor
  5943;19660901;19660930;   5;   2;    44.2;   -999;      0;   16.4;eor
  5943;19661001;19661031;   5;   2;    97.1;   -999;      0;   42.7;eor
  5943;19661101;19661130;   5;   2;    25.2;   -999;     25;    6.0;eor
  5943;19661201;19661231;   5;   2;   119.8;   -999;    106;   23.5;eor
  5943;19670101;19670131;   5;   2;    60.2;   -999;    124;   10.5;eor
  5943;19670201;19670228;   5;   2;    53.2;   -999;     49;   13.8;eor
  5943;19670301;19670331;   5;   2;    86.2;   -999;      0;   16.1;eor
  5943;19670401;19670430;   5;   2;    69.2;   -999;     11;   17.5;eor
  5943;19670501;19670531;   5;   2;   137.0;   -999;      0;   37.9;eor
  5943;19670601;19670630;   5;   2;   110.8;   -999;      0;   21.2;eor
  5943;19670701;19670731;   5;   2;    74.2;   -999;      0;   18.0;eor
  5943;19670801;19670831;   5;   2;   121.4;   -999;      0;   58.0;eor
  5943;19670901;19670930;   5;   2;   172.3;   -999;      0;   61.5;eor
  5943;19671001;19671031;   5;   2;    23.2;   -999;      0;    6.1;eor
  5943;19671101;19671130;   5;   2;    31.9;   -999;      3;   12.5;eor
  5943;19671201;19671231;   5;   2;   112.1;   -999;    178;   16.1;eor
  5943;19680101;19680131;   5;   2;   115.6;   -999;    239;   15.1;eor
  5943;19680201;19680229;   5;   2;    41.1;   -999;     84;    8.4;eor
  5943;19680301;19680331;   5;   2;    66.9;   -999;    137;   16.1;eor
  5943;19680401;19680430;   5;   2;    54.5;   -999;      0;   14.5;eor
  5943;19680501;19680531;   5;   2;    80.1;   -999;      0;   18.9;eor
  5943;19680601;19680630;   5;   2;    81.2;   -999;      0;   27.9;eor
  5943;19680701;19680731;   5;   2;    73.4;   -999;      0;   16.0;eor
  5943;19680801;19680831;   5;   2;    74.8;   -999;      0;    9.0;eor
  5943;19680901;19680930;   5;   2;   114.1;   -999;      0;   23.4;eor
  5943;19681001;19681031;   5;   2;   115.5;   -999;      0;   25.6;eor
  5943;19681101;19681130;   5;   2;   122.1;   -999;     10;   27.0;eor
  5943;19681201;19681231;   5;   2;    32.2;   -999;     57;   12.5;eor
  5943;19690101;19690131;   5;   2;    78.7;   -999;    312;   25.6;eor
  5943;19690201;19690228;   5;   2;    41.6;   -999;    268;   22.6;eor
  5943;19690301;19690331;   5;   2;    60.1;   -999;    133;   11.2;eor
  5943;19690401;19690430;   5;   2;    92.1;   -999;      7;   22.6;eor
  5943;19690501;19690531;   5;   2;    49.4;   -999;      0;   19.9;eor
  5943;19690601;19690630;   5;   2;   158.0;   -999;      0;   51.3;eor
  5943;19700101;19700131;   5;   2;    21.5;   -999;    774;    7.7;eor
  5943;19700201;19700228;   5;   2;    85.3;   -999;    756;   25.8;eor
  5943;19700301;19700331;   5;   2;    75.3;   -999;   1582;   20.1;eor
  5943;19700401;19700430;   5;   2;    88.7;   -999;      6;   23.9;eor
  5943;19700501;19700531;   5;   2;    98.4;   -999;      0;   15.5;eor
  5943;19700601;19700630;   5;   2;    79.6;   -999;      0;   26.4;eor
  5943;19700701;19700731;   5;   2;    49.2;   -999;      0;    9.9;eor
  5943;19700801;19700831;   5;   2;   166.6;   -999;      0;   29.9;eor
  5943;19700901;19700930;   5;   2;    41.9;   -999;      0;   15.5;eor
  5943;19701001;19701031;   5;   2;   106.1;   -999;      0;   16.9;eor
  5943;19701101;19701130;   5;   2;    67.4;   -999;      4;   19.2;eor
  5943;19701201;19701231;   5;   2;    71.1;   -999;     95;   15.3;eor
  5943;19710101;19710131;   5;   2;     6.0;   -999;    379;    1.8;eor
  5943;19710201;19710228;   5;   2;    61.4;   -999;     37;   10.4;eor
  5943;19710301;19710331;   5;   2;    31.2;   -999;    259;    6.7;eor
  5943;19710401;19710430;   5;   2;    40.1;   -999;      0;   14.8;eor
  5943;19710501;19710531;   5;   2;    56.7;   -999;      0;   11.0;eor
  5943;19710601;19710630;   5;   2;   136.2;   -999;      0;   19.5;eor
  5943;19710701;19710731;   5;   2;    14.2;   -999;      0;    8.3;eor
  5943;19710801;19710831;   5;   2;    47.0;   -999;      0;   15.9;eor
  5943;19710901;19710930;   5;   2;    80.9;   -999;      0;   28.5;eor
  5943;19711001;19711031;   5;   2;    36.0;   -999;      0;   28.5;eor
  5943;19711101;19711130;   5;   2;    77.1;   -999;     72;   17.6;eor
  5943;19711201;19711231;   5;   2;   104.8;   -999;      8;   17.6;eor
  5943;19720101;19720131;   5;   2;    28.2;   -999;    115;    8.7;eor
  5943;19720201;19720229;   5;   2;    16.3;   -999;     55;    5.4;eor
  5943;19720301;19720331;   5;   2;    45.0;   -999;      0;   15.0;eor
  5943;19720401;19720430;   5;   2;    49.8;   -999;      0;   13.5;eor
  5943;19720501;19720531;   5;   2;    71.0;   -999;      0;   13.0;eor
  5943;19720601;19720630;   5;   2;    43.6;   -999;      0;   21.0;eor
  5943;19720701;19720731;   5;   2;    27.0;   -999;      0;    6.4;eor
  5943;19720801;19720831;   5;   2;    66.0;   -999;      0;   19.5;eor
  5943;19720901;19720930;   5;   2;    61.7;   -999;      0;   15.6;eor
  5943;19721001;19721031;   5;   2;    28.9;   -999;      0;    6.8;eor
  5943;19721101;19721130;   5;   2;    48.8;   -999;     14;   11.5;eor
  5943;19721201;19721231;   5;   2;     6.7;   -999;      0;    5.0;eor
  5943;19730101;19730131;   5;   2;    44.7;   -999;     27;   14.8;eor
  5943;19730201;19730228;   5;   2;    68.1;   -999;    138;   11.1;eor
  5943;19730301;19730331;   5;   2;    42.0;   -999;     11;   13.7;eor
  5943;19730401;19730430;   5;   2;   107.8;   -999;     65;   25.2;eor
  5943;19730501;19730531;   5;   2;    86.6;   -999;      0;   25.0;eor
  5943;19730601;19730630;   5;   2;    66.8;   -999;      0;   34.2;eor
  5943;19730701;19730731;   5;   2;   135.8;   -999;      0;   34.5;eor
  5943;19730801;19730831;   5;   2;    62.0;   -999;      0;   19.5;eor
  5943;19730901;19730930;   5;   2;    19.9;   -999;      0;    8.5;eor
  5943;19731001;19731031;   5;   2;    65.2;   -999;      3;   16.2;eor
  5943;19731101;19731130;   5;   2;    64.7;   -999;     17;   15.0;eor
  5943;19731201;19731231;   5;   2;    60.6;   -999;    199;   12.0;eor
  5943;19740101;19740131;   5;   2;    76.9;   -999;     10;   43.0;eor
  5943;19740201;19740228;   5;   2;    60.3;   -999;     32;   19.8;eor
  5943;19740301;19740331;   5;   2;    21.6;   -999;      0;   10.0;eor
  5943;19740401;19740430;   5;   2;    15.0;   -999;      0;    4.0;eor
  5943;19740501;19740531;   5;   2;   130.6;   -999;      0;   23.5;eor
  5943;19740601;19740630;   5;   2;    88.7;   -999;      0;   14.5;eor
  5943;19740701;19740731;   5;   2;    97.4;   -999;      0;   16.8;eor
  5943;19740801;19740831;   5;   2;    91.4;   -999;      0;   47.0;eor
  5943;19740901;19740930;   5;   2;    74.0;   -999;      0;   27.5;eor
  5943;19741001;19741031;   5;   2;   173.8;   -999;      0;   42.5;eor
  5943;19741101;19741130;   5;   2;    61.0;   -999;      0;   13.0;eor
  5943;19741201;19741231;   5;   2;   209.5;   -999;     31;   49.6;eor
  5943;19750101;19750131;   5;   2;    34.6;   -999;      2;    5.4;eor
  5943;19750201;19750228;   5;   2;    28.6;   -999;     13;    9.1;eor
  5943;19750301;19750331;   5;   2;    36.5;   -999;      0;    7.0;eor
  5943;19750401;19750430;   5;   2;    57.0;   -999;      0;   10.0;eor
  5943;19750501;19750531;   5;   2;    57.3;   -999;      0;   17.5;eor
  5943;19750601;19750630;   5;   2;    88.5;   -999;      0;   29.0;eor
  5943;19750701;19750731;   5;   2;    89.7;   -999;      0;   30.2;eor
  5943;19750801;19750831;   5;   2;    44.7;   -999;      0;   17.5;eor
  5943;19750901;19750930;   5;   2;    30.3;   -999;      0;   15.5;eor
  5943;19751001;19751031;   5;   2;    47.3;   -999;      0;    9.0;eor
  5943;19751101;19751130;   5;   2;    64.9;   -999;     84;   13.5;eor
  5943;19751201;19751231;   5;   2;    34.6;   -999;      0;    8.1;eor
  5943;19760101;19760131;   5;   2;   191.8;   -999;    105;   28.0;eor
  5943;19760201;19760229;   5;   2;    12.3;   -999;     23;    5.5;eor
  5943;19760301;19760331;   5;   2;    34.8;   -999;     21;   10.7;eor
  5943;19760401;19760430;   5;   2;    25.4;   -999;      1;   10.5;eor
  5943;19760501;19760531;   5;   2;    36.4;   -999;      0;    8.0;eor
  5943;19760601;19760630;   5;   2;    41.7;   -999;      0;   19.6;eor
  5943;19760701;19760731;   5;   2;    32.2;   -999;      0;   10.5;eor
  5943;19760801;19760831;   5;   2;    54.5;   -999;      0;   13.5;eor
  5943;19760901;19760930;   5;   2;    31.6;   -999;      0;    7.1;eor
  5943;19761001;19761031;   5;   2;    29.6;   -999;      0;   10.0;eor
  5943;19761101;19761130;   5;   2;    90.8;   -999;     16;   17.5;eor
  5943;19761201;19761231;   5;   2;    55.4;   -999;    236;   11.5;eor
  5943;19770101;19770131;   5;   2;    32.3;   -999;    490;   12.2;eor
  5943;19770201;19770228;   5;   2;    41.5;   -999;     23;    9.0;eor
  5943;19770301;19770331;   5;   2;    51.5;   -999;     15;   16.0;eor
  5943;19770401;19770430;   5;   2;    62.1;   -999;     84;   18.5;eor
  5943;19770501;19770531;   5;   2;    50.0;   -999;      0;   19.5;eor
  5943;19770601;19770630;   5;   2;   128.7;   -999;      0;   36.0;eor
  5943;19770701;19770731;   5;   2;   136.6;   -999;      0;   40.0;eor
  5943;19770801;19770831;   5;   2;   148.3;   -999;      0;   58.5;eor
  5943;19770901;19770930;   5;   2;    43.1;   -999;      0;    8.0;eor
  5943;19771001;19771031;   5;   2;    29.3;   -999;      0;   12.2;eor
  5943;19771101;19771130;   5;   2;    95.4;   -999;     39;   24.0;eor
  5943;19771201;19771231;   5;   2;    36.0;   -999;     70;   10.4;eor
  5943;19780101;19780131;   5;   2;    40.5;   -999;     68;   12.5;eor
  5943;19780201;19780228;   5;   2;    10.2;   -999;    148;    3.2;eor
  5943;19780301;19780331;   5;   2;    69.3;   -999;     88;   20.0;eor
  5943;19780401;19780430;   5;   2;    30.7;   -999;      0;   12.1;eor
  5943;19780501;19780531;   5;   2;   137.6;   -999;      0;   47.3;eor
  5943;19780601;19780630;   5;   2;    41.3;   -999;      0;   13.5;eor
  5943;19780701;19780731;   5;   2;    48.6;   -999;      0;   12.5;eor
  5943;19780801;19780831;   5;   2;   215.5;   -999;      0;   64.5;eor
  5943;19780901;19780930;   5;   2;    70.2;   -999;      0;   13.2;eor
  5943;19781001;19781031;   5;   2;    46.7;   -999;      0;   14.7;eor
  5943;19781101;19781130;   5;   2;    32.0;   -999;      5;   28.0;eor
  5943;19781201;19781231;   5;   2;    59.7;   -999;    335;   12.0;eor
  5943;19790101;19790131;   5;   2;    36.5;   -999;    726;    8.5;eor
  5943;19790201;19790228;   5;   2;    30.7;   -999;    556;    7.0;eor
  5943;19790401;19790430;   5;   2;    60.3;   -999;      0;   15.7;eor
  5943;19790501;19790531;   5;   2;    30.2;   -999;      0;    7.8;eor
  5943;19790601;19790630;   5;   2;    66.5;   -999;      0;   20.0;eor
  5943;19790701;19790731;   5;   2;    69.2;   -999;      0;   21.0;eor
  5943;19790801;19790831;   5;   2;    33.5;   -999;      0;   12.1;eor
  5943;19790901;19790930;   5;   2;   112.8;   -999;      0;   32.5;eor
  5943;19791001;19791031;   5;   2;    16.8;   -999;      0;   10.0;eor
  5943;19791201;19791231;   5;   2;    63.2;   -999;     18;   15.0;eor
  5943;19800201;19800229;   5;   2;    59.6;   -999;      6;   12.4;eor
  5943;19800301;19800331;   5;   2;    53.0;   -999;    153;   17.0;eor
  5943;19800401;19800430;   5;   2;   107.2;   -999;     77;   24.5;eor
  5943;19800501;19800531;   5;   2;    29.3;   -999;      0;   18.0;eor
  5943;19800601;19800630;   5;   2;    99.1;   -999;      0;   21.0;eor
  5943;19800701;19800731;   5;   2;   154.1;   -999;      0;   30.0;eor
  5943;19800801;19800831;   5;   2;    62.0;   -999;      0;   16.5;eor
  5943;19800901;19800930;   5;   2;    69.3;   -999;      0;   22.0;eor
  5943;19801001;19801031;   5;   2;    80.9;   -999;      0;   32.0;eor
  5943;19801101;19801130;   5;   2;    36.7;   -999;     14;   17.1;eor
  5943;19801201;19801231;   5;   2;    26.8;   -999;     91;    4.0;eor
  5943;19810101;19810131;  10;   2;    53.6;   -999;    661;    8.0;eor
  5943;19810301;19810331;  10;   2;    72.3;   -999;      0;   15.5;eor
  5943;19810401;19810430;  10;   2;    77.6;   -999;      0;   25.0;eor
  5943;19810501;19810531;  10;   2;    72.9;   -999;      0;   34.0;eor
  5943;19810601;19810630;  10;   2;    55.6;   -999;      0;   13.0;eor
  5943;19810701;19810731;  10;   2;   266.2;   -999;      0;   75.0;eor
  5943;19810801;19810831;  10;   2;    39.6;   -999;      0;   16.0;eor
  5943;19810901;19810930;  10;   2;    75.3;   -999;      0;   35.8;eor
  5943;19811001;19811031;  10;   2;   124.5;   -999;      0;   20.0;eor
  5943;19811101;19811130;  10;   2;   111.9;   -999;     70;   14.0;eor
  5943;19811201;19811231;  10;   2;    83.4;   -999;    319;   16.5;eor
  5943;19820101;19820131;  10;   2;    82.0;   -999;      5;   37.5;eor
  5943;19820201;19820228;  10;   2;    13.7;   -999;      0;    9.0;eor
  5943;19820301;19820331;  10;   2;    54.1;   -999;     12;   18.0;eor
  5943;19820401;19820430;  10;   2;    44.5;   -999;      0;    6.0;eor
  5943;19820501;19820531;  10;   2;    50.2;   -999;      0;   27.0;eor
  5943;19820601;19820630;  10;   2;    47.5;   -999;      0;   11.5;eor
  5943;19820701;19820731;  10;   2;    44.1;   -999;      0;    8.2;eor
  5943;19820801;19820831;  10;   2;    85.7;   -999;      0;   28.0;eor
  5943;19820901;19820930;  10;   2;    12.0;   -999;      0;    6.8;eor
  5943;19821001;19821031;  10;   2;    29.8;   -999;      0;    8.0;eor
  5943;19821101;19821130;  10;   2;    30.4;   -999;      0;   10.6;eor
  5943;19821201;19821231;  10;   2;    42.1;   -999;      0;    6.0;eor
  5943;19830101;19830131;  10;   2;    96.1;   -999;     10;   13.5;eor
  5943;19830201;19830228;  10;   2;    61.5;   -999;    406;   15.0;eor
  5943;19830301;19830331;  10;   2;    64.0;   -999;      0;   17.0;eor
  5943;19830401;19830430;  10;   2;    83.4;   -999;      0;   21.5;eor
  5943;19830501;19830531;  10;   2;    79.1;   -999;      0;   13.3;eor
  5943;19830601;19830630;  10;   2;    99.3;   -999;      0;   37.0;eor
  5943;19830701;19830731;  10;   2;    61.4;   -999;      0;   20.6;eor
  5943;19830801;19830831;  10;   2;   199.9;   -999;      0;   50.0;eor
  5943;19830901;19830930;  10;   2;    21.6;   -999;      0;   10.6;eor
  5943;19831001;19831031;  10;   2;    12.1;   -999;      0;    7.2;eor
  5943;19831101;19831130;  10;   2;    50.1;   -999;      3;   15.0;eor
  5943;19831201;19831231;  10;   2;    55.1;   -999;     36;    8.2;eor
  5943;19840101;19840131;  10;   2;    44.3;   -999;     38;   13.2;eor
  5943;19840201;19840229;  10;   2;    62.9;   -999;    169;   16.0;eor
  5943;19840301;19840331;  10;   2;    24.3;   -999;      9;   14.1;eor
  5943;19840401;19840430;  10;   2;    95.8;   -999;      5;   20.2;eor
  5943;19840501;19840531;  10;   2;    71.3;   -999;      0;   10.0;eor
  5943;19840601;19840630;  10;   2;    65.3;   -999;      0;   13.5;eor
  5943;19840701;19840731;  10;   2;    89.9;   -999;      0;   13.5;eor
  5943;19840801;19840831;  10;   2;    86.6;   -999;      0;   46.0;eor
  5943;19840901;19840930;  10;   2;    67.8;   -999;      0;   14.5;eor
  5943;19841001;19841031;  10;   2;    34.2;   -999;      0;   12.0;eor
  5943;19841101;19841130;  10;   2;    30.0;   -999;      0;   15.0;eor
  5943;19841201;19841231;  10;   2;    25.0;   -999;     10;    5.2;eor
  5943;19850101;19850131;  10;   2;    32.6;   -999;    684;    8.0;eor
  5943;19850201;19850228;  10;   2;    63.3;   -999;    184;   16.0;eor
  5943;19850301;19850331;  10;   2;    34.4;   -999;     91;   26.0;eor
  5943;19850401;19850430;  10;   2;    65.0;   -999;      0;    8.0;eor
  5943;19850501;19850531;  10;   2;    23.1;   -999;      0;   10.8;eor
  5943;19850601;19850630;  10;   2;    81.2;   -999;      0;   11.5;eor
  5943;19850701;19850731;  10;   2;    69.2;   -999;      0;   19.0;eor
  5943;19850801;19850831;  10;   2;   108.3;   -999;      0;   26.5;eor
  5943;19850901;19850930;  10;   2;    19.0;   -999;      0;    4.0;eor
  5943;19851001;19851031;  10;   2;    20.6;   -999;      0;   14.4;eor
  5943;19851101;19851130;  10;   2;    40.7;   -999;    181;   12.0;eor
  5943;19851201;19851231;  10;   2;    75.2;   -999;     43;   12.0;eor
  5943;19860101;19860131;  10;   2;    62.3;   -999;    141;    9.5;eor
  5943;19860201;19860228;  10;   2;    25.5;   -999;    175;    9.0;eor
  5943;19860301;19860331;  10;   2;    36.0;   -999;     31;   11.0;eor
  5943;19860401;19860430;  10;   2;    53.3;   -999;      8;   12.5;eor
  5943;19860501;19860531;  10;   2;   182.2;   -999;      0;   42.5;eor
  5943;19860601;19860630;  10;   2;    28.5;   -999;      0;    9.7;eor
  5943;19860701;19860731;  10;   2;    44.6;   -999;      0;    7.0;eor
  5943;19860801;19860831;  10;   2;   180.7;   -999;      0;   79.0;eor
  5943;19860901;19860930;  10;   2;    39.7;   -999;      0;   10.0;eor
  5943;19861001;19861031;  10;   2;    57.0;   -999;      0;   17.5;eor
  5943;19861101;19861130;  10;   2;    20.1;   -999;      0;    6.5;eor
  5943;19861201;19861231;  10;   2;   117.6;   -999;    142;   15.0;eor
  5943;19870101;19870131;  10;   2;    78.1;   -999;    848;   14.0;eor
  5943;19870201;19870228;  10;   2;    48.9;   -999;    490;    9.2;eor
  5943;19870401;19870430;  10;   2;    46.0;   -999;      0;   11.0;eor
  5943;19870501;19870531;  10;   2;    96.1;   -999;      0;   31.5;eor
  5943;19870601;19870630;  10;   2;   103.8;   -999;      0;   19.0;eor
  5943;19870701;19870731;  10;   2;    99.5;   -999;      0;   21.5;eor
  5943;19870801;19870831;  10;   2;   117.5;   -999;      0;   22.7;eor
  5943;19870901;19870930;  10;   2;    49.0;   -999;      0;   12.5;eor
  5943;19871001;19871031;  10;   2;    23.4;   -999;      0;   17.5;eor
  5943;19871101;19871130;  10;   2;    78.1;   -999;      0;   35.0;eor
  5943;19871201;19871231;  10;   2;    66.7;   -999;      0;   21.0;eor
  5943;19880101;19880131;  10;   2;    33.8;   -999;     22;    5.8;eor
  5943;19880201;19880229;  10;   2;    86.7;   -999;    120;   15.3;eor
  5943;19880301;19880331;  10;   2;    98.7;   -999;    451;   12.0;eor
  5943;19880401;19880430;  10;   2;    11.3;   -999;      0;    3.2;eor
  5943;19880501;19880531;  10;   2;    40.4;   -999;      0;   15.3;eor
  5943;19880601;19880630;  10;   2;    71.1;   -999;      0;   30.4;eor
  5943;19880701;19880731;  10;   2;   118.9;   -999;      0;   25.0;eor
  5943;19880801;19880831;  10;   2;    53.3;   -999;      0;    9.7;eor
  5943;19880901;19880930;  10;   2;    67.0;   -999;      0;   29.6;eor
  5943;19881001;19881031;  10;   2;    23.5;   -999;      0;    6.5;eor
  5943;19881101;19881130;  10;   2;    90.6;   -999;     24;   16.2;eor
  5943;19881201;19881231;  10;   2;   116.5;   -999;     30;   24.5;eor
  5943;19890101;19890131;  10;   2;    41.1;   -999;      0;   14.0;eor
  5943;19890201;19890228;  10;   2;    40.9;   -999;      0;    6.5;eor
  5943;19890301;19890331;  10;   2;    27.5;   -999;      0;    8.0;eor
  5943;19890401;19890430;  10;   2;    92.5;   -999;      0;   24.8;eor
  5943;19890501;19890531;  10;   2;    43.8;   -999;      0;   17.5;eor
  5943;19890601;19890630;  10;   2;    80.9;   -999;      0;   27.5;eor
  5943;19890701;19890731;  10;   2;    95.0;   -999;      0;   25.6;eor
  5943;19890801;19890831;  10;   2;    55.4;   -999;      0;   22.6;eor
  5943;19890901;19890930;  10;   2;    51.0;   -999;      0;   14.6;eor
  5943;19891001;19891031;  10;   2;    50.2;   -999;      0;    9.5;eor
  5943;19891101;19891130;  10;   2;    87.0;   -999;     52;   30.0;eor
  5943;19891201;19891231;  10;   2;    26.1;   -999;      9;    6.8;eor
  5943;19900101;19900131;  10;   2;    15.6;   -999;     10;    3.5;eor
  5943;19900201;19900228;  10;   2;    54.3;   -999;     66;   15.0;eor
  5943;19900301;19900331;  10;   2;    28.4;   -999;      0;    8.3;eor
  5943;19900401;19900430;  10;   2;    84.4;   -999;      0;   19.5;eor
  5943;19900501;19900531;  10;   2;     4.5;   -999;      0;    1.3;eor
  5943;19900601;19900630;  10;   2;    61.7;   -999;      0;   15.0;eor
  5943;19900701;19900731;  10;   2;    34.7;   -999;      0;   18.5;eor
  5943;19900801;19900831;  10;   2;    67.0;   -999;      0;   10.8;eor
  5943;19900901;19900930;  10;   2;    76.7;   -999;      0;    8.1;eor
  5943;19901001;19901031;  10;   2;    43.3;   -999;      0;   14.5;eor
  5943;19901101;19901130;  10;   2;    71.8;   -999;      7;   10.0;eor
  5943;19901201;19901231;  10;   2;    59.2;   -999;    172;   17.0;eor
  5943;19910101;19910131;  10;   2;    16.1;   -999;   -999;    3.2;eor
  5943;19910201;19910228;  10;   2;    26.3;   -999;   -999;    8.5;eor
  5943;19910301;19910331;  10;   2;    22.6;   -999;   -999;   12.0;eor
  5943;19910401;19910430;  10;   2;    41.3;   -999;   -999;    7.0;eor
  5943;19910501;19910531;  10;   2;    77.0;   -999;   -999;   24.2;eor
  5943;19910601;19910630;  10;   2;    90.1;   -999;   -999;   44.1;eor
  5943;19910701;19910731;  10;   2;    61.9;   -999;   -999;   28.3;eor
  5943;19910801;19910831;  10;   2;   134.9;   -999;   -999;   57.0;eor
  5943;19910901;19910930;  10;   2;    40.8;   -999;   -999;   11.8;eor
  5943;19911001;19911031;  10;   2;    26.0;   -999;   -999;   11.4;eor
  5943;19911101;19911130;  10;   2;    40.9;   -999;   -999;    7.5;eor
  5943;19911201;19911231;  10;   2;   113.3;   -999;   -999;   21.3;eor
  5943;19920101;19920131;  10;   2;    64.9;   -999;   -999;   25.5;eor
  5943;19920201;19920229;  10;   2;    61.9;   -999;   -999;   13.5;eor
  5943;19920301;19920331;  10;   2;   104.4;   -999;   -999;   21.0;eor
  5943;19920401;19920430;  10;   2;    48.8;   -999;   -999;   26.0;eor
  5943;19920501;19920531;  10;   2;    24.3;   -999;   -999;    6.7;eor
  5943;19920601;19920630;  10;   2;    61.2;   -999;   -999;   15.5;eor
  5943;19920701;19920731;  10;   2;   112.0;   -999;   -999;   34.8;eor
  5943;19920801;19920831;  10;   2;    61.2;   -999;   -999;   21.1;eor
  5943;19920901;19920930;  10;   2;    18.7;   -999;   -999;    4.2;eor
  5943;19921001;19921031;  10;   2;    43.5;   -999;   -999;    8.5;eor
  5943;19921101;19921130;  10;   2;    49.6;   -999;   -999;    8.9;eor
  5943;19921201;19921231;  10;   2;    32.0;   -999;   -999;   13.5;eor
  5943;19930101;19930131;  10;   2;    47.4;   -999;   -999;    7.7;eor
  5943;19930201;19930228;  10;   2;    60.8;   -999;   -999;   12.7;eor
  5943;19930301;19930331;  10;   2;    30.8;   -999;   -999;    7.1;eor
  5943;19930401;19930430;  10;   2;    32.4;   -999;   -999;   16.0;eor
  5943;19930501;19930531;  10;   2;    57.9;   -999;   -999;   21.5;eor
  5943;19930601;19930630;  10;   2;    76.5;   -999;   -999;   15.0;eor
  5943;19930701;19930731;  10;   2;   119.2;   -999;   -999;   29.4;eor
  5943;19930801;19930831;  10;   2;   132.7;   -999;   -999;   50.8;eor
  5943;19930901;19930930;  10;   2;    46.0;   -999;   -999;   10.0;eor
  5943;19931001;19931031;  10;   2;    52.6;   -999;   -999;   20.0;eor
  5943;19931101;19931130;  10;   2;    69.8;   -999;   -999;   16.0;eor
  5943;19931201;19931231;  10;   2;    66.4;   -999;   -999;   11.7;eor
  5943;19940101;19940131;  10;   2;    52.3;   -999;   -999;    8.3;eor
  5943;19940201;19940228;  10;   2;    35.8;   -999;   -999;    8.0;eor
  5943;19940301;19940331;  10;   2;   114.2;   -999;   -999;   22.1;eor
  5943;19940401;19940430;  10;   2;    74.1;   -999;   -999;   33.5;eor
  5943;19940501;19940531;  10;   2;   100.2;   -999;   -999;   23.0;eor
  5943;19940601;19940630;  10;   2;    47.3;   -999;   -999;   12.8;eor
  5943;19940701;19940731;  10;   2;    85.1;   -999;   -999;   30.0;eor
  5943;19940801;19940831;  10;   2;   125.9;   -999;   -999;   37.6;eor
  5943;19940901;19940930;  10;   2;    76.5;   -999;   -999;   16.7;eor
  5943;19941001;19941031;  10;   2;    35.2;   -999;   -999;    9.7;eor
  5943;19941101;19941130;  10;   2;    50.3;   -999;   -999;   10.5;eor
  5943;19941201;19941231;  10;   2;    55.3;   -999;   -999;   12.3;eor
  5943;19950101;19950131;  10;   2;    50.5;   -999;   -999;    7.0;eor
  5943;19950201;19950228;  10;   2;    42.0;   -999;   -999;    8.5;eor
  5943;19950301;19950331;  10;   2;    47.6;   -999;   -999;    8.5;eor
  5943;19950401;19950430;  10;   2;    81.5;   -999;   -999;   10.8;eor
  5943;19950501;19950531;  10;   2;   123.7;   -999;   -999;   64.2;eor
  5943;19950601;19950630;  10;   2;   198.0;   -999;   -999;   32.7;eor
  5943;19950701;19950731;  10;   2;    31.8;   -999;   -999;    8.9;eor
  5943;19950801;19950831;  10;   2;   100.1;   -999;   -999;   55.0;eor
  5943;19950901;19950930;  10;   2;   111.5;   -999;   -999;   31.9;eor
  5943;19951001;19951031;  10;   2;    18.7;   -999;   -999;    6.2;eor
  5943;19951101;19951130;  10;   2;    93.5;   -999;   -999;   22.2;eor
  5943;19951201;19951231;  10;   2;    56.6;   -999;   -999;    9.5;eor
  5943;19960101;19960131;  10;   2;     3.0;   -999;   -999;    1.0;eor
  5943;19960201;19960229;  10;   2;    30.2;   -999;   -999;    5.0;eor
  5943;19960301;19960331;  10;   2;    38.4;   -999;   -999;    9.5;eor
  5943;19960401;19960430;  10;   2;    28.3;   -999;   -999;    8.2;eor
  5943;19960501;19960531;  10;   2;   118.2;   -999;   -999;   22.0;eor
  5943;19960601;19960630;  10;   2;   129.6;   -999;   -999;   47.0;eor
  5943;19960701;19960731;  10;   2;   173.3;   -999;   -999;   62.7;eor
  5943;19960801;19960831;  10;   2;   128.0;   -999;   -999;   37.5;eor
  5943;19960901;19960930;  10;   2;    89.5;   -999;   -999;   14.0;eor
  5943;19961001;19961031;  10;   2;    49.8;   -999;   -999;   12.1;eor
  5943;19961101;19961130;  10;   2;    30.2;   -999;   -999;    5.5;eor
  5943;19961201;19961231;  10;   2;    38.4;   -999;   -999;   10.0;eor
  5943;19970101;19970131;  10;   2;    17.8;   -999;   -999;    3.5;eor
  5943;19970201;19970228;  10;   2;    36.8;   -999;   -999;    4.8;eor
  5943;19970301;19970331;  10;   2;    59.1;   -999;   -999;   12.5;eor
  5943;19970401;19970430;  10;   2;   100.2;   -999;   -999;   20.7;eor
  5943;19970501;19970531;  10;   2;    57.9;   -999;   -999;   20.3;eor
  5943;19970601;19970630;  10;   2;   101.0;   -999;   -999;   25.3;eor
  5943;19970701;19970731;  10;   2;   155.6;   -999;   -999;   48.5;eor
  5943;19970801;19970831;  10;   2;    49.3;   -999;   -999;   19.0;eor
  5943;19970901;19970930;  10;   2;    26.6;   -999;   -999;   12.1;eor
  5943;19971001;19971031;  10;   2;    47.4;   -999;   -999;    7.2;eor
  5943;19971101;19971130;  10;   2;    30.0;   -999;   -999;   16.8;eor
  5943;19971201;19971231;  10;   2;   111.2;   -999;   -999;   24.9;eor
  5943;19980101;19980131;  10;   2;    45.4;   -999;   -999;    7.7;eor
  5943;19980201;19980228;  10;   2;    44.0;   -999;   -999;   13.8;eor
  5943;19980301;19980331;  10;   2;    94.3;   -999;   -999;   32.9;eor
  5943;19980401;19980430;  10;   2;    28.5;   -999;   -999;    7.3;eor
  5943;19980501;19980531;  10;   2;    50.9;   -999;   -999;   26.6;eor
  5943;19980601;19980630;  10;   2;   153.1;   -999;   -999;   35.5;eor
  5943;19980701;19980731;  10;   2;   102.8;   -999;   -999;   24.0;eor
  5943;19980801;19980831;  10;   2;    90.9;   -999;   -999;   28.0;eor
  5943;19980901;19980930;  10;   2;    96.8;   -999;   -999;   22.0;eor
  5943;19981001;19981031;  10;   2;   103.1;   -999;   -999;   15.5;eor
  5943;19981101;19981130;  10;   2;    72.8;   -999;   -999;   20.3;eor
  5943;19981201;19981231;  10;   2;    48.9;   -999;   -999;    9.0;eor
  5943;19990101;19990131;  10;   2;    53.1;   -999;   -999;   10.1;eor
  5943;19990201;19990228;  10;   2;   110.8;   -999;   -999;   21.0;eor
  5943;19990301;19990331;  10;   2;    40.7;   -999;   -999;    6.8;eor
  5943;19990401;19990430;  10;   2;    56.0;   -999;   -999;   16.6;eor
  5943;19990501;19990531;  10;   2;    94.7;   -999;   -999;   16.0;eor
  5943;19990601;19990630;  10;   2;   135.6;   -999;   -999;   43.7;eor
  5943;19990701;19990731;  10;   2;   111.4;   -999;   -999;   32.0;eor
  5943;19990801;19990831;  10;   2;    27.6;   -999;   -999;    6.8;eor
  5943;19990901;19990930;  10;   2;    54.6;   -999;   -999;   24.3;eor
  5943;19991001;19991031;  10;   2;    42.5;   -999;   -999;   11.6;eor
  5943;19991101;19991130;  10;   2;    60.9;   -999;   -999;   14.3;eor
  5943;19991201;19991231;  10;   2;    47.0;   -999;   -999;   10.0;eor
  5943;20000101;20000131;  10;   2;    75.9;   -999;   -999;   13.0;eor
  5943;20000201;20000229;  10;   2;    74.6;   -999;   -999;   12.5;eor
  5943;20000301;20000331;  10;   2;   172.8;   -999;   -999;   22.2;eor
  5943;20000401;20000430;  10;   2;    25.4;   -999;   -999;    9.0;eor
  5943;20000501;20000531;  10;   2;    43.7;   -999;   -999;    7.9;eor
  5943;20000601;20000630;  10;   2;    30.5;   -999;   -999;    6.8;eor
  5943;20000701;20000731;  10;   2;    85.1;   -999;   -999;   26.3;eor
  5943;20000801;20000831;  10;   2;    67.4;   -999;   -999;   30.5;eor
  5943;20000901;20000930;  10;   2;    59.9;   -999;   -999;   14.2;eor
  5943;20001001;20001031;  10;   2;    68.9;   -999;   -999;   19.6;eor
  5943;20001101;20001130;  10;   2;    41.4;   -999;   -999;    8.3;eor
  5943;20001201;20001231;  10;   2;    18.5;   -999;   -999;    5.0;eor
  5943;20010101;20010131;  10;   2;    27.4;   -999;   -999;    5.7;eor
  5943;20010201;20010228;  10;   2;    57.8;   -999;   -999;   23.0;eor
  5943;20010301;20010331;  10;   2;    96.5;   -999;   -999;   16.0;eor
  5943;20010401;20010430;  10;   2;    78.9;   -999;   -999;   13.1;eor
  5943;20010501;20010531;  10;   2;    62.5;   -999;   -999;   16.8;eor
  5943;20010601;20010630;  10;   2;   119.7;   -999;   -999;   21.0;eor
  5943;20010701;20010731;  10;   2;    89.7;   -999;   -999;   29.0;eor
  5943;20010801;20010831;  10;   2;    89.2;   -999;   -999;   32.0;eor
  5943;20010901;20010930;  10;   2;   119.0;   -999;   -999;   34.5;eor
  5943;20011001;20011031;  10;   2;    36.4;   -999;   -999;    8.7;eor
  5943;20011101;20011130;  10;   2;    87.1;   -999;   -999;   22.5;eor
  5943;20011201;20011231;  10;   2;   104.8;   -999;   -999;   18.0;eor
  5943;20020101;20020131;  10;   2;    44.7;   -999;   -999;    9.0;eor
  5943;20020201;20020228;  10;   2;    64.6;   -999;   -999;   14.2;eor
  5943;20020301;20020331;  10;   2;    38.5;   -999;   -999;    8.6;eor
  5943;20020401;20020430;  10;   2;    45.0;   -999;   -999;   17.2;eor
  5943;20020501;20020531;  10;   2;    74.3;   -999;   -999;   16.5;eor
  5943;20020601;20020630;  10;   2;    63.5;   -999;   -999;   15.3;eor
  5943;20020701;20020731;  10;   2;   102.2;   -999;   -999;   20.5;eor
  5943;20020801;20020831;  10;   2;   231.9;   -999;   -999;  164.5;eor
  5943;20020901;20020930;  10;   2;    76.4;   -999;   -999;   19.0;eor
  5943;20021001;20021031;  10;   2;    90.8;   -999;   -999;   12.8;eor
  5943;20021101;20021130;  10;   2;   114.2;   -999;   -999;   24.4;eor
  5943;20021201;20021231;  10;   2;    57.1;   -999;   -999;   27.7;eor
  5943;20030101;20030131;  10;   2;    70.5;     15;     84;   17.0;eor
  5943;20030201;20030228;  10;   2;     9.2;     11;    167;    3.0;eor
  5943;20030301;20030331;  10;   2;    23.1;      2;      2;    9.5;eor
  5943;20030401;20030430;  10;   2;    36.6;      4;     11;   13.0;eor
  5943;20030501;20030531;  10;   2;    46.5;      0;      0;   10.8;eor
  5943;20030601;20030630;  10;   2;    48.3;      0;      0;   15.2;eor
  5943;20030701;20030731;  10;   2;   121.4;      0;      0;   30.0;eor
  5943;20030801;20030831;  10;   2;    20.2;      0;      0;    6.0;eor
  5943;20030901;20030930;  10;   2;    34.7;      0;      0;    8.9;eor
  5943;20031001;20031031;  10;   2;    42.0;      0;      0;    8.9;eor
  5943;20031101;20031130;  10;   2;    23.4;      0;      0;    6.3;eor
  5943;20031201;20031231;  10;   2;    35.4;     18;     37;    8.5;eor
  5943;20040101;20040131;  10;   2;    87.7;     54;    444;   14.2;eor
  5943;20040201;20040229;  10;   2;    57.0;     26;     99;   14.7;eor
  5943;20040301;20040331;  10;   2;    42.7;     17;     68;    8.1;eor
  5943;20040401;20040430;  10;   2;    28.3;      0;      0;   14.1;eor
  5943;20040501;20040531;  10;   2;   101.2;      0;      0;   29.5;eor
  5943;20040601;20040630;  10;   2;    66.9;      0;      0;   18.5;eor
  5943;20040701;20040731;  10;   2;   127.2;      0;      0;   33.5;eor
  5943;20040801;20040831;  10;   2;    50.5;      0;      0;   12.4;eor
  5943;20040901;20040930;  10;   2;    55.2;      0;      0;    8.7;eor
  5943;20041001;20041031;  10;   2;    53.6;      0;      0;   14.5;eor
  5943;20041101;20041130;  10;   2;   143.3;     13;     31;   22.0;eor
  5943;20041201;20041231;  10;   2;    54.3;     19;     73;   15.5;eor
  5943;20050101;20050131;  10;   2;   102.0;     24;    165;   24.6;eor
  5943;20050201;20050228;  10;   2;    77.7;     47;    504;   10.4;eor
  5943;20050301;20050331;  10;   2;    44.4;     17;    523;   19.3;eor
  5943;20050401;20050430;  10;   2;    32.8;      0;      0;   14.2;eor
  5943;20050501;20050531;  10;   2;    93.4;      0;      0;   15.7;eor
  5943;20050601;20050630;  10;   2;    62.8;      0;      0;   24.8;eor
  5943;20050701;20050731;  10;   2;   182.4;      0;      0;   45.8;eor
  5943;20050801;20050831;  10;   2;    88.5;      0;      0;   13.4;eor
  5943;20050901;20050930;  10;   2;    58.6;      0;      0;   12.4;eor
  5943;20051001;20051031;  10;   2;    27.6;      0;      0;    9.2;eor
  5943;20051101;20051130;  10;   2;    54.1;     12;     87;   10.5;eor
  5943;20051201;20051231;  10;   2;   117.5;     55;    242;   22.3;eor
  5943;20070101;20070131;  10;   2;    70.6;     20;     67;   12.9;eor
  5943;20070201;20070228;  10;   2;    50.8;   -999;   -999;   10.4;eor
  5943;20070301;20070331;  10;   2;    45.4;   -999;   -999;   14.5;eor
  5943;20070401;20070430;  10;   2;     2.3;   -999;   -999;    0.9;eor
  5943;20070501;20070531;  10;   2;    91.6;      0;      0;   23.6;eor
  5943;20070601;20070630;  10;   2;    64.3;      0;      0;   14.4;eor
  5943;20070701;20070731;  10;   2;    81.9;      0;      0;   26.8;eor
  5943;20070801;20070831;  10;   2;   100.7;      0;      0;   28.4;eor
  5943;20070901;20070930;  10;   2;   111.6;      0;      0;   22.1;eor
  5943;20071001;20071031;  10;   2;    44.1;      0;      0;   11.3;eor
  5943;20071101;20071130;  10;   2;    89.4;     26;    118;   11.3;eor
  5943;20071201;20071231;  10;   2;    28.4;      2;      2;    8.2;eor
  5943;20080101;20080131;  10;   2;    82.9;      5;     28;   18.5;eor
  5943;20080201;20080229;  10;   2;    24.9;      0;      0;    9.2;eor
  5943;20080301;20080331;  10;   2;    54.3;     28;     49;    8.1;eor
  5943;20080401;20080430;  10;   2;    83.9;      0;      0;   10.3;eor
  5943;20080501;20080531;  10;   2;    26.7;   -999;   -999;   10.1;eor
  5943;20080601;20080630;  10;   2;    43.2;      0;      0;   21.8;eor
  5943;20080701;20080731;  10;   2;    83.9;      0;      0;   20.2;eor
  5943;20080801;20080831;  10;   2;   132.0;      0;      0;   34.5;eor
  5943;20080901;20080930;  10;   2;    37.0;      0;      0;    8.8;eor
  5943;20081001;20081031;  10;   2;    96.7;      0;      0;   33.0;eor
  5943;20081101;20081130;  10;   2;    39.3;     21;     62;    9.9;eor
  5943;20081201;20081231;  10;   2;    68.9;     32;     51;   14.6;eor
  5943;20090101;20090131;  10;   2;    31.5;     31;    272;    9.5;eor
  5943;20090201;20090228;  10;   2;    95.6;     60;    359;   17.1;eor
  5943;20090301;20090331;  10;   2;    84.3;      8;     18;   10.0;eor
  5943;20090401;20090430;  10;   2;     6.2;      0;      0;    2.9;eor
  5943;20090501;20090531;  10;   2;   102.4;      0;      0;   30.8;eor
  5943;20090601;20090630;  10;   2;   119.3;      0;      0;   47.0;eor
  5943;20090701;20090731;  10;   2;   119.2;      0;      0;   48.6;eor
  5943;20090801;20090831;  10;   2;    54.2;      0;      0;   23.8;eor
  5943;20090901;20090930;  10;   2;    28.6;      0;      0;   15.0;eor
  5943;20091001;20091031;  10;   2;   120.0;     23;     29;   33.5;eor
  5943;20091101;20091130;  10;   2;    38.3;      0;      0;   19.5;eor
  5943;20091201;20091231;  10;   2;    72.9;     21;     76;   13.1;eor
  5943;20100101;20100131;  10;   2;    46.5;     57;    624;   10.3;eor
  5943;20100201;20100228;  10;   2;    23.7;     29;    736;    6.1;eor
  5943;20100301;20100331;  10;   2;    50.7;     39;     99;   13.9;eor
  5943;20100401;20100430;  10;   2;    33.6;   -999;   -999;   11.7;eor
  5943;20100501;20100531;  10;   2;   115.6;   -999;   -999;   15.2;eor
  5943;20100601;20100630;  10;   2;    38.5;   -999;   -999;   17.3;eor
  5943;20100701;20100731;  10;   2;   182.5;   -999;   -999;   59.0;eor
  5943;20100801;20100831;  10;   2;   269.3;   -999;   -999;   68.2;eor
  5943;20100901;20100930;  10;   2;   146.8;   -999;   -999;   43.8;eor
  5943;20101001;20101031;  10;   2;     9.6;   -999;   -999;    3.3;eor
  5943;20101101;20101130;   7;   2;   113.2;     34;     66;   21.3;eor
  5943;20101201;20101231;   7;   2;   114.9;    150;   1207;   20.5;eor
  5943;20110101;20110131;   3;   2;    54.8;     34;    481;    9.5;eor
  5943;20110201;20110228;   3;   2;    18.7;     11;     68;    7.8;eor
  5943;20110301;20110331;   3;   2;    45.4;      1;      1;   25.0;eor
  5943;20110401;20110430;   3;   2;    64.7;      0;      0;   23.9;eor
  5943;20110501;20110531;   3;   2;    61.8;      0;      0;   17.1;eor
  5943;20110601;20110630;   3;   2;    64.2;      0;      0;   19.4;eor
  5943;20110701;20110731;   3;   2;   194.4;      0;      0;   45.3;eor
  5943;20110801;20110831;   3;   2;    62.0;      0;      0;    9.4;eor
  5943;20110901;20110930;   3;   2;    46.0;      0;      0;   20.1;eor
  5943;20111001;20111031;   3;   2;    39.8;      0;      0;   12.2;eor
  5943;20111101;20111130;   3;   2;     0.8;      0;      0;    0.8;eor
  5943;20111201;20111231;   3;   2;    60.9;      0;      0;   13.5;eor
  5943;20120101;20120131;   3;   2;    84.2;     30;     51;    9.7;eor
  5943;20120201;20120229;   3;   2;    52.6;     16;     91;   11.9;eor
  5943;20120301;20120331;   3;   2;    29.8;      0;      0;    5.7;eor
  5943;20120401;20120430;   3;   2;    48.3;      0;      0;   13.3;eor
  5943;20120501;20120531;   3;   2;    51.2;      0;      0;   12.1;eor
  5943;20120601;20120630;   3;   2;   109.9;      0;      0;   24.2;eor
  5943;20120701;20120731;   3;   2;   143.9;      0;      0;   35.3;eor
  5943;20120801;20120831;   3;   2;    63.2;      0;      0;   19.2;eor
  5943;20120901;20120930;   3;   2;    49.4;      0;      0;   15.6;eor
  5943;20121001;20121031;   3;   2;    37.5;     17;     32;   12.1;eor
  5943;20121101;20121130;   3;   2;    94.2;     35;     35;   42.4;eor
  5943;20121201;20121231;   3;   2;    58.3;     46;    685;   17.6;eor
  5943;20130101;20130131;   3;   2;   122.6;     20;    140;   38.3;eor
  5943;20130201;20130228;   3;   2;    71.5;     90;    422;   12.3;eor
  5943;20130301;20130331;   3;   2;    43.9;     43;    348;   10.7;eor
  5943;20130401;20130430;   3;   2;    30.9;      5;     97;    5.5;eor
  5943;20130501;20130531;   3;   2;   114.0;      0;      0;   32.4;eor
  5943;20130601;20130630;   3;   2;   226.3;      0;      0;   36.6;eor
  5943;20130701;20130731;   3;   2;    68.8;   -999;   -999;   24.0;eor
  5943;20130801;20130831;   3;   2;    37.5;      0;      0;   14.1;eor
  5943;20130901;20130930;   3;   2;    74.8;      0;      0;   17.4;eor
  5943;20131001;20131031;   3;   2;    60.1;      0;      0;   20.7;eor
  5943;20131101;20131130;   3;   2;    47.1;      1;      1;   10.6;eor
  5943;20131201;20131231;   3;   2;    42.5;      3;      5;   19.4;eor
  5943;20140101;20140131;   3;   2;    28.1;     10;     28;    5.8;eor
  5943;20140201;20140228;   3;   2;     2.1;      1;      2;    0.6;eor
  5943;20140301;20140331;   3;   2;    35.6;   -999;   -999;    8.6;eor
  5943;20140401;20140430;   3;   2;    28.3;   -999;   -999;    5.7;eor
  5943;20140501;20140531;   3;   2;    76.4;   -999;   -999;   12.3;eor
  5943;20140601;20140630;   3;   2;    67.1;   -999;   -999;   37.2;eor
  5943;20140701;20140731;   3;   2;    89.8;   -999;   -999;   30.4;eor
  5943;20140801;20140831;   3;   2;   113.6;   -999;   -999;   23.9;eor
  5943;20140901;20140930;   3;   2;   105.2;   -999;   -999;   20.1;eor
  5943;20141001;20141031;   3;   2;    53.9;   -999;   -999;   15.1;eor
  5943;20141101;20141130;   3;   2;    16.2;   -999;   -999;    9.7;eor
  5943;20141201;20141231;   3;   2;    56.9;     29;     78;   10.0;eor
