STATIONS_ID; MESS_DATUM_BEGINN; MESS_DATUM_ENDE; QUALITAETS_NIVEAU; ART; NIEDERSCHLAGSHOEHE;NEUSCHNEEHOEHE;SCHNEEHOEHE; max(NIEDERSCHLAGSHOEHE);eor
  5707;18800101;18800131;   5;   2;    18.0;   -999;   -999;-999;eor
  5707;18800201;18800229;   5;   2;    26.0;   -999;   -999;-999;eor
  5707;18800301;18800331;   5;   2;    15.0;   -999;   -999;-999;eor
  5707;18800401;18800430;   5;   2;    29.0;   -999;   -999;-999;eor
  5707;18800501;18800531;   5;   2;    18.0;   -999;   -999;-999;eor
  5707;18800601;18800630;   5;   2;    64.0;   -999;   -999;-999;eor
  5707;18800701;18800731;   5;   2;    43.0;   -999;   -999;-999;eor
  5707;18800801;18800831;   5;   2;    46.0;   -999;   -999;-999;eor
  5707;18800901;18800930;   5;   2;    60.0;   -999;   -999;-999;eor
  5707;18801001;18801031;   5;   2;   138.0;   -999;   -999;-999;eor
  5707;18801101;18801130;   5;   2;    35.0;   -999;   -999;-999;eor
  5707;18801201;18801231;   5;   2;    91.0;   -999;   -999;-999;eor
  5707;18810101;18810131;   5;   2;    22.0;   -999;   -999;-999;eor
  5707;18810201;18810228;   5;   2;    41.0;   -999;   -999;-999;eor
  5707;18810301;18810331;   5;   2;    78.0;   -999;   -999;-999;eor
  5707;18810401;18810430;   5;   2;    32.0;   -999;   -999;-999;eor
  5707;18810501;18810531;   5;   2;    66.0;   -999;   -999;-999;eor
  5707;18810601;18810630;   5;   2;    55.0;   -999;   -999;-999;eor
  5707;18810701;18810731;   5;   2;    78.0;   -999;   -999;-999;eor
  5707;18810801;18810831;   5;   2;    96.0;   -999;   -999;-999;eor
  5707;18810901;18810930;   5;   2;    40.0;   -999;   -999;-999;eor
  5707;18811001;18811031;   5;   2;    75.0;   -999;   -999;-999;eor
  5707;18811101;18811130;   5;   2;    13.0;   -999;   -999;-999;eor
  5707;18811201;18811231;   5;   2;    26.0;   -999;   -999;-999;eor
  5707;18820101;18820131;   5;   2;    16.0;   -999;   -999;-999;eor
  5707;18820201;18820228;   5;   2;    23.0;   -999;   -999;-999;eor
  5707;18820301;18820331;   5;   2;    40.0;   -999;   -999;-999;eor
  5707;18820401;18820430;   5;   2;    29.0;   -999;   -999;-999;eor
  5707;18820501;18820531;   5;   2;    55.0;   -999;   -999;-999;eor
  5707;18820601;18820630;   5;   2;    63.0;   -999;   -999;-999;eor
  5707;18820701;18820731;   5;   2;   116.0;   -999;   -999;-999;eor
  5707;18820801;18820831;   5;   2;    70.0;   -999;   -999;-999;eor
  5707;18820901;18820930;   5;   2;    94.0;   -999;   -999;-999;eor
  5707;18821001;18821031;   5;   2;    91.0;   -999;   -999;-999;eor
  5707;18821101;18821130;   5;   2;   150.0;   -999;   -999;-999;eor
  5707;18821201;18821231;   5;   2;    85.0;   -999;   -999;-999;eor
  5707;18830101;18830131;   5;   2;    35.0;   -999;   -999;-999;eor
  5707;18830201;18830228;   5;   2;    12.0;   -999;   -999;-999;eor
  5707;18830301;18830331;   5;   2;    23.0;   -999;   -999;-999;eor
  5707;18830401;18830430;   5;   2;     7.0;   -999;   -999;-999;eor
  5707;18830501;18830531;   5;   2;    36.0;   -999;   -999;-999;eor
  5707;18830601;18830630;   5;   2;    41.0;   -999;   -999;-999;eor
  5707;18830701;18830731;   5;   2;    74.0;   -999;   -999;-999;eor
  5707;18830801;18830831;   5;   2;    43.0;   -999;   -999;-999;eor
  5707;18830901;18830930;   5;   2;    58.0;   -999;   -999;-999;eor
  5707;18831001;18831031;   5;   2;    45.0;   -999;   -999;-999;eor
  5707;18831101;18831130;   5;   2;    49.0;   -999;   -999;-999;eor
  5707;18831201;18831231;   5;   2;    50.0;   -999;   -999;-999;eor
  5707;18840101;18840131;   5;   2;    45.0;   -999;   -999;-999;eor
  5707;18840201;18840229;   5;   2;    35.0;   -999;   -999;-999;eor
  5707;18840301;18840331;   5;   2;    18.0;   -999;   -999;-999;eor
  5707;18840401;18840430;   5;   2;    15.0;   -999;   -999;-999;eor
  5707;18840501;18840531;   5;   2;    31.0;   -999;   -999;-999;eor
  5707;18840601;18840630;   5;   2;    58.0;   -999;   -999;-999;eor
  5707;18840701;18840731;   5;   2;    65.0;   -999;   -999;-999;eor
  5707;18840801;18840831;   5;   2;    37.0;   -999;   -999;-999;eor
  5707;18840901;18840930;   5;   2;    24.0;   -999;   -999;-999;eor
  5707;18841001;18841031;   5;   2;    51.0;   -999;   -999;-999;eor
  5707;18841101;18841130;   5;   2;    24.0;   -999;   -999;-999;eor
  5707;18841201;18841231;   5;   2;    76.0;   -999;   -999;-999;eor
  5707;18850101;18850131;   5;   2;    14.0;   -999;   -999;-999;eor
  5707;18850201;18850228;   5;   2;    48.0;   -999;   -999;-999;eor
  5707;18850301;18850331;   5;   2;    50.0;   -999;   -999;-999;eor
  5707;18850401;18850430;   5;   2;     4.0;   -999;   -999;-999;eor
  5707;18850501;18850531;   5;   2;    94.0;   -999;   -999;-999;eor
  5707;18850601;18850630;   5;   2;    19.0;   -999;   -999;-999;eor
  5707;18850701;18850731;   5;   2;    70.0;   -999;   -999;-999;eor
  5707;18850801;18850831;   5;   2;    49.0;   -999;   -999;-999;eor
  5707;18850901;18850930;   5;   2;    56.0;   -999;   -999;-999;eor
  5707;18851001;18851031;   5;   2;    68.0;   -999;   -999;-999;eor
  5707;18851101;18851130;   5;   2;    58.0;   -999;   -999;-999;eor
  5707;18851201;18851231;   5;   2;    56.0;   -999;   -999;-999;eor
  5707;18860101;18860131;   5;   2;    40.0;   -999;   -999;-999;eor
  5707;18860201;18860228;   5;   2;    14.0;   -999;   -999;-999;eor
  5707;18860301;18860331;   5;   2;    47.0;   -999;   -999;-999;eor
  5707;18860401;18860430;   5;   2;    44.0;   -999;   -999;-999;eor
  5707;18860501;18860531;   5;   2;    46.0;   -999;   -999;-999;eor
  5707;18860601;18860630;   5;   2;    91.0;   -999;   -999;-999;eor
  5707;18860701;18860731;   5;   2;    56.0;   -999;   -999;-999;eor
  5707;18860801;18860831;   5;   2;    50.0;   -999;   -999;-999;eor
  5707;18860901;18860930;   5;   2;    30.0;   -999;   -999;-999;eor
  5707;18861001;18861031;   5;   2;    36.0;   -999;   -999;-999;eor
  5707;18861101;18861130;   5;   2;    59.0;   -999;   -999;-999;eor
  5707;18861201;18861231;   5;   2;   116.0;   -999;   -999;-999;eor
  5707;18870101;18870131;   5;   2;     3.0;   -999;   -999;-999;eor
  5707;18870201;18870228;   5;   2;    11.0;   -999;   -999;-999;eor
  5707;18870301;18870331;   5;   2;    52.0;   -999;   -999;-999;eor
  5707;18870401;18870430;   5;   2;    20.0;   -999;   -999;-999;eor
  5707;18870501;18870531;   5;   2;    96.0;   -999;   -999;-999;eor
  5707;18870601;18870630;   5;   2;     9.0;   -999;   -999;-999;eor
  5707;18870701;18870731;   5;   2;    46.0;   -999;   -999;-999;eor
  5707;18870801;18870831;   5;   2;    56.0;   -999;   -999;-999;eor
  5707;18870901;18870930;   5;   2;    25.0;   -999;   -999;-999;eor
  5707;18871001;18871031;   5;   2;    20.0;   -999;   -999;-999;eor
  5707;18871101;18871130;   5;   2;    42.0;   -999;   -999;-999;eor
  5707;18871201;18871231;   5;   2;    66.0;   -999;   -999;-999;eor
  5707;18880101;18880131;   5;   2;    18.0;   -999;   -999;-999;eor
  5707;18880201;18880229;   5;   2;    34.0;   -999;   -999;-999;eor
  5707;18880301;18880331;   5;   2;   105.0;   -999;   -999;-999;eor
  5707;18880401;18880430;   5;   2;    47.0;   -999;   -999;-999;eor
  5707;18880501;18880531;   5;   2;    21.0;   -999;   -999;-999;eor
  5707;18880601;18880630;   5;   2;    88.0;   -999;   -999;-999;eor
  5707;18880701;18880731;   5;   2;   131.0;   -999;   -999;-999;eor
  5707;18880801;18880831;   5;   2;    51.0;   -999;   -999;-999;eor
  5707;18880901;18880930;   5;   2;    26.0;   -999;   -999;-999;eor
  5707;18881001;18881031;   5;   2;    50.0;   -999;   -999;-999;eor
  5707;18881101;18881130;   5;   2;    27.0;   -999;   -999;-999;eor
  5707;18881201;18881231;   5;   2;     7.0;   -999;   -999;-999;eor
  5707;18890101;18890131;   5;   2;     7.0;   -999;   -999;-999;eor
  5707;18890201;18890228;   5;   2;    74.0;   -999;   -999;-999;eor
  5707;18890301;18890331;   5;   2;    33.0;   -999;   -999;-999;eor
  5707;18890401;18890430;   5;   2;    37.0;   -999;   -999;-999;eor
  5707;18890501;18890531;   5;   2;    79.0;   -999;   -999;-999;eor
  5707;18890601;18890630;   5;   2;    61.0;   -999;   -999;-999;eor
  5707;18890701;18890731;   5;   2;    91.0;   -999;   -999;-999;eor
  5707;18890801;18890831;   5;   2;    36.0;   -999;   -999;-999;eor
  5707;18890901;18890930;   5;   2;    41.0;   -999;   -999;-999;eor
  5707;18891001;18891031;   5;   2;    56.0;   -999;   -999;-999;eor
  5707;18891101;18891130;   5;   2;    17.0;   -999;   -999;-999;eor
  5707;18891201;18891231;   5;   2;    30.0;   -999;   -999;-999;eor
  5707;18900101;18900131;   5;   2;    93.0;   -999;   -999;-999;eor
  5707;18900201;18900228;   5;   2;     5.0;   -999;   -999;-999;eor
  5707;18900301;18900331;   5;   2;    21.0;   -999;   -999;-999;eor
  5707;18900401;18900430;   5;   2;    28.0;   -999;   -999;-999;eor
  5707;18900501;18900531;   5;   2;    39.0;   -999;   -999;-999;eor
  5707;18900601;18900630;   5;   2;    82.0;   -999;   -999;-999;eor
  5707;18900701;18900731;   5;   2;   101.0;   -999;   -999;-999;eor
  5707;18900801;18900831;   5;   2;    99.0;   -999;   -999;-999;eor
  5707;18900901;18900930;   5;   2;     4.0;   -999;   -999;-999;eor
  5707;18901001;18901031;   5;   2;    80.0;   -999;   -999;-999;eor
  5707;18901101;18901130;   5;   2;    67.0;   -999;   -999;-999;eor
  5707;18901201;18901231;   5;   2;     2.0;   -999;   -999;-999;eor
  5707;18910101;18910131;   5;   2;    24.4;   -999;   -999;-999;eor
  5707;18910201;18910228;   5;   2;     1.1;   -999;   -999;-999;eor
  5707;18910301;18910331;   5;   2;    41.0;   -999;   -999;-999;eor
  5707;18910401;18910430;   5;   2;    39.8;   -999;   -999;-999;eor
  5707;18910501;18910531;   5;   2;    65.6;   -999;   -999;-999;eor
  5707;18910601;18910630;   5;   2;    96.3;   -999;   -999;-999;eor
  5707;18910701;18910731;   5;   2;    79.2;   -999;   -999;-999;eor
  5707;18910801;18910831;   5;   2;    37.7;   -999;   -999;-999;eor
  5707;18910901;18910930;   5;   2;    50.6;   -999;   -999;-999;eor
  5707;18911001;18911031;   5;   2;    25.3;   -999;   -999;-999;eor
  5707;18911101;18911130;   5;   2;    39.1;   -999;   -999;-999;eor
  5707;18911201;18911231;   5;   2;    70.6;   -999;   -999;-999;eor
  5707;18920101;18920131;   5;   2;    50.0;   -999;   -999;-999;eor
  5707;18920201;18920229;   5;   2;    48.5;   -999;   -999;-999;eor
  5707;18920301;18920331;   5;   2;    17.5;   -999;   -999;-999;eor
  5707;18920401;18920430;   5;   2;    36.8;   -999;   -999;-999;eor
  5707;18920501;18920531;   5;   2;    38.3;   -999;   -999;-999;eor
  5707;18920601;18920630;   5;   2;    66.3;   -999;   -999;-999;eor
  5707;18920701;18920731;   5;   2;    51.1;   -999;   -999;-999;eor
  5707;18920801;18920831;   5;   2;    34.7;   -999;   -999;-999;eor
  5707;18920901;18920930;   5;   2;    42.6;   -999;   -999;-999;eor
  5707;18921001;18921031;   5;   2;    78.4;   -999;   -999;-999;eor
  5707;18921101;18921130;   5;   2;     6.6;   -999;   -999;-999;eor
  5707;18921201;18921231;   5;   2;    38.1;   -999;   -999;-999;eor
  5707;18930101;18930131;   5;   2;    47.1;   -999;   -999;-999;eor
  5707;18930201;18930228;   5;   2;    57.7;   -999;   -999;-999;eor
  5707;18930301;18930331;   5;   2;    14.6;   -999;   -999;-999;eor
  5707;18930401;18930430;   5;   2;     0.9;   -999;   -999;-999;eor
  5707;18930501;18930531;   5;   2;    26.0;   -999;   -999;-999;eor
  5707;18930601;18930630;   5;   2;    54.8;   -999;   -999;-999;eor
  5707;18930701;18930731;   5;   2;    94.9;   -999;   -999;-999;eor
  5707;18930801;18930831;   5;   2;    18.6;   -999;   -999;-999;eor
  5707;18930901;18930930;   5;   2;    49.3;   -999;   -999;-999;eor
  5707;18931001;18931031;   5;   2;    78.3;   -999;   -999;-999;eor
  5707;18931101;18931130;   5;   2;    50.7;   -999;   -999;-999;eor
  5707;18931201;18931231;   5;   2;    38.9;   -999;   -999;-999;eor
  5707;18940101;18940131;   5;   2;    10.3;   -999;   -999;-999;eor
  5707;18940201;18940228;   5;   2;    46.8;   -999;   -999;-999;eor
  5707;18940301;18940331;   5;   2;    32.4;   -999;   -999;-999;eor
  5707;18940401;18940430;   5;   2;    79.5;   -999;   -999;-999;eor
  5707;18940501;18940531;   5;   2;    29.4;   -999;   -999;-999;eor
  5707;18940601;18940630;   5;   2;    57.1;   -999;   -999;-999;eor
  5707;18940701;18940731;   5;   2;    65.5;   -999;   -999;-999;eor
  5707;18940801;18940831;   5;   2;    69.8;   -999;   -999;-999;eor
  5707;18940901;18940930;   5;   2;    71.8;   -999;   -999;-999;eor
  5707;18941001;18941031;   5;   2;    86.6;   -999;   -999;-999;eor
  5707;18941101;18941130;   5;   2;    14.7;   -999;   -999;-999;eor
  5707;18941201;18941231;   5;   2;    35.1;   -999;   -999;-999;eor
  5707;18950101;18950131;   5;   2;    53.5;   -999;   -999;-999;eor
  5707;18950201;18950228;   5;   2;    14.0;   -999;   -999;-999;eor
  5707;18950301;18950331;   5;   2;    35.8;   -999;   -999;-999;eor
  5707;18950401;18950430;   5;   2;    33.9;   -999;   -999;-999;eor
  5707;18950501;18950531;   5;   2;    60.6;   -999;   -999;-999;eor
  5707;18950601;18950630;   5;   2;    63.3;   -999;   -999;-999;eor
  5707;18950701;18950731;   5;   2;    43.2;   -999;   -999;-999;eor
  5707;18950801;18950831;   5;   2;    39.8;   -999;   -999;-999;eor
  5707;18950901;18950930;   5;   2;     2.8;   -999;   -999;-999;eor
  5707;18951001;18951031;   5;   2;    57.4;   -999;   -999;-999;eor
  5707;18951101;18951130;   5;   2;    62.8;   -999;   -999;-999;eor
  5707;18951201;18951231;   5;   2;    91.3;   -999;   -999;-999;eor
  5707;18960101;18960131;   5;   2;    28.8;   -999;   -999;-999;eor
  5707;18960201;18960229;   5;   2;     2.1;   -999;   -999;-999;eor
  5707;18960301;18960331;   5;   2;    50.3;   -999;   -999;-999;eor
  5707;18960401;18960430;   5;   2;    58.1;   -999;   -999;-999;eor
  5707;18960501;18960531;   5;   2;     9.6;   -999;   -999;-999;eor
  5707;18960601;18960630;   5;   2;    87.0;   -999;   -999;-999;eor
  5707;18960701;18960731;   5;   2;    67.1;   -999;   -999;-999;eor
  5707;18960801;18960831;   5;   2;    41.8;   -999;   -999;-999;eor
  5707;18960901;18960930;   5;   2;    57.0;   -999;   -999;-999;eor
  5707;18961001;18961031;   5;   2;    33.8;   -999;   -999;-999;eor
  5707;18961101;18961130;   5;   2;    12.4;   -999;   -999;-999;eor
  5707;18961201;18961231;   5;   2;    24.8;   -999;   -999;-999;eor
  5707;18970101;18970131;   5;   2;    25.3;   -999;   -999;-999;eor
  5707;18970201;18970228;   5;   2;    48.9;   -999;   -999;-999;eor
  5707;18970301;18970331;   5;   2;    50.2;   -999;   -999;-999;eor
  5707;18970401;18970430;   5;   2;    38.5;   -999;   -999;-999;eor
  5707;18970501;18970531;   5;   2;    76.5;   -999;   -999;-999;eor
  5707;18970601;18970630;   5;   2;    75.0;   -999;   -999;-999;eor
  5707;18970701;18970731;   5;   2;    25.8;   -999;   -999;-999;eor
  5707;18970801;18970831;   5;   2;    86.0;   -999;   -999;-999;eor
  5707;18970901;18970930;   5;   2;    96.6;   -999;   -999;-999;eor
  5707;18971001;18971031;   5;   2;    13.0;   -999;   -999;-999;eor
  5707;18971101;18971130;   5;   2;    13.1;   -999;   -999;-999;eor
  5707;18971201;18971231;   5;   2;    40.8;   -999;   -999;-999;eor
  5707;18980101;18980131;   5;   2;    17.4;   -999;   -999;-999;eor
  5707;18980201;18980228;   5;   2;    39.2;   -999;   -999;-999;eor
  5707;18980301;18980331;   5;   2;    45.6;   -999;   -999;-999;eor
  5707;18980401;18980430;   5;   2;    59.5;   -999;   -999;-999;eor
  5707;18980501;18980531;   5;   2;   103.9;   -999;   -999;-999;eor
  5707;18980601;18980630;   5;   2;    79.0;   -999;   -999;-999;eor
  5707;18980701;18980731;   5;   2;    90.3;   -999;   -999;-999;eor
  5707;18980801;18980831;   5;   2;    58.9;   -999;   -999;-999;eor
  5707;18980901;18980930;   5;   2;     6.8;   -999;   -999;-999;eor
  5707;18981001;18981031;   5;   2;    32.5;   -999;   -999;-999;eor
  5707;18981101;18981130;   5;   2;    17.3;   -999;   -999;-999;eor
  5707;18981201;18981231;   5;   2;    18.5;   -999;   -999;-999;eor
  5707;18990101;18990131;   5;   2;    63.6;   -999;   -999;-999;eor
  5707;18990201;18990228;   5;   2;    28.2;   -999;   -999;-999;eor
  5707;18990301;18990331;   5;   2;     8.9;   -999;   -999;-999;eor
  5707;18990401;18990430;   5;   2;    60.3;   -999;   -999;-999;eor
  5707;18990501;18990531;   5;   2;    51.0;   -999;   -999;-999;eor
  5707;18990601;18990630;   5;   2;    54.0;   -999;   -999;-999;eor
  5707;18990701;18990731;   5;   2;    54.9;   -999;   -999;-999;eor
  5707;18990801;18990831;   5;   2;    20.2;   -999;   -999;-999;eor
  5707;18990901;18990930;   5;   2;    66.0;   -999;   -999;-999;eor
  5707;18991001;18991031;   5;   2;    26.5;   -999;   -999;-999;eor
  5707;18991101;18991130;   5;   2;    15.1;   -999;   -999;-999;eor
  5707;18991201;18991231;   5;   2;    23.4;   -999;   -999;-999;eor
  5707;19000101;19000131;   5;   2;    73.6;   -999;   -999;-999;eor
  5707;19000201;19000228;   5;   2;    44.4;   -999;   -999;-999;eor
  5707;19000301;19000331;   5;   2;    22.4;   -999;   -999;-999;eor
  5707;19000401;19000430;   5;   2;    29.6;   -999;   -999;-999;eor
  5707;19000501;19000531;   5;   2;    46.3;   -999;   -999;-999;eor
  5707;19000601;19000630;   5;   2;    58.7;   -999;   -999;-999;eor
  5707;19000701;19000731;   5;   2;    92.5;   -999;   -999;-999;eor
  5707;19000801;19000831;   5;   2;    62.3;   -999;   -999;-999;eor
  5707;19000901;19000930;   5;   2;    43.8;   -999;   -999;-999;eor
  5707;19001001;19001031;   5;   2;    69.6;   -999;   -999;-999;eor
  5707;19001101;19001130;   5;   2;    31.1;   -999;   -999;-999;eor
  5707;19001201;19001231;   5;   2;    54.8;   -999;   -999;-999;eor
  5707;19010101;19010131;   5;   2;    46.3;   -999;   -999;   24.0;eor
  5707;19010201;19010228;   5;   2;    21.4;   -999;   -999;    5.4;eor
  5707;19010301;19010331;   5;   2;    33.2;   -999;   -999;   10.0;eor
  5707;19010401;19010430;   5;   2;    60.9;   -999;   -999;    9.7;eor
  5707;19010501;19010531;   5;   2;    26.4;   -999;   -999;   14.1;eor
  5707;19010601;19010630;   5;   2;    53.7;   -999;   -999;   11.8;eor
  5707;19010701;19010731;   5;   2;    90.7;   -999;   -999;   16.6;eor
  5707;19010801;19010831;   5;   2;    88.6;   -999;   -999;   27.0;eor
  5707;19010901;19010930;   5;   2;    79.6;   -999;   -999;   18.6;eor
  5707;19011001;19011031;   5;   2;    63.1;   -999;   -999;   26.4;eor
  5707;19011101;19011130;   5;   2;    27.8;   -999;   -999;    8.4;eor
  5707;19011201;19011231;   5;   2;    45.5;   -999;   -999;   14.0;eor
  5707;19020101;19020131;   5;   2;    31.3;   -999;   -999;    6.3;eor
  5707;19020201;19020228;   5;   2;    36.2;   -999;   -999;    9.3;eor
  5707;19020301;19020331;   5;   2;    64.7;   -999;   -999;    9.7;eor
  5707;19020401;19020430;   5;   2;    23.1;   -999;   -999;    9.5;eor
  5707;19020501;19020531;   5;   2;    70.1;   -999;   -999;   13.7;eor
  5707;19020601;19020630;   5;   2;    33.0;   -999;   -999;   12.0;eor
  5707;19020701;19020731;   5;   2;    52.3;   -999;   -999;   11.5;eor
  5707;19020801;19020831;   5;   2;    34.8;   -999;   -999;    5.0;eor
  5707;19020901;19020930;   5;   2;    13.2;   -999;   -999;    3.5;eor
  5707;19021001;19021031;   5;   2;    32.0;   -999;   -999;    8.5;eor
  5707;19021101;19021130;   5;   2;     6.9;   -999;   -999;    4.6;eor
  5707;19021201;19021231;   5;   2;    87.2;   -999;   -999;   30.0;eor
  5707;19030101;19030131;   5;   2;    42.8;   -999;   -999;    9.3;eor
  5707;19030201;19030228;   5;   2;    10.5;   -999;   -999;    3.8;eor
  5707;19030301;19030331;   5;   2;    21.6;   -999;   -999;    5.6;eor
  5707;19030401;19030430;   5;   2;    31.5;   -999;   -999;   10.5;eor
  5707;19030501;19030531;   5;   2;    79.5;   -999;   -999;   38.2;eor
  5707;19030601;19030630;   5;   2;    35.6;   -999;   -999;   14.8;eor
  5707;19030701;19030731;   5;   2;    78.2;   -999;   -999;   32.0;eor
  5707;19030801;19030831;   5;   2;    70.7;   -999;   -999;   15.7;eor
  5707;19030901;19030930;   5;   2;    32.1;   -999;   -999;   10.5;eor
  5707;19031001;19031031;   5;   2;    75.7;   -999;   -999;   22.4;eor
  5707;19031101;19031130;   5;   2;    64.0;   -999;   -999;    8.0;eor
  5707;19031201;19031231;   5;   2;     8.3;   -999;   -999;    4.6;eor
  5707;19040101;19040131;   5;   2;    28.9;   -999;   -999;    8.3;eor
  5707;19040201;19040229;   5;   2;    68.4;   -999;   -999;   15.4;eor
  5707;19040301;19040331;   5;   2;    28.8;   -999;   -999;   11.0;eor
  5707;19040401;19040430;   5;   2;    39.3;   -999;   -999;    9.0;eor
  5707;19040501;19040531;   5;   2;    76.4;   -999;   -999;   18.0;eor
  5707;19040601;19040630;   5;   2;    54.8;   -999;   -999;   14.8;eor
  5707;19040701;19040731;   5;   2;     8.5;   -999;   -999;    4.9;eor
  5707;19040801;19040831;   5;   2;    66.0;   -999;   -999;   21.8;eor
  5707;19040901;19040930;   5;   2;    58.0;   -999;   -999;   11.0;eor
  5707;19041001;19041031;   5;   2;    26.5;   -999;   -999;    9.9;eor
  5707;19041101;19041130;   5;   2;    43.2;   -999;   -999;   17.8;eor
  5707;19041201;19041231;   5;   2;    36.0;   -999;   -999;   16.3;eor
  5707;19050101;19050131;   5;   2;    42.0;   -999;   -999;   12.3;eor
  5707;19050201;19050228;   5;   2;    28.0;   -999;   -999;    7.0;eor
  5707;19050301;19050331;   5;   2;    68.5;   -999;   -999;   18.6;eor
  5707;19050401;19050430;   5;   2;    24.1;   -999;   -999;    7.8;eor
  5707;19050501;19050531;   5;   2;    10.6;   -999;   -999;    2.8;eor
  5707;19050601;19050630;   5;   2;    22.7;   -999;   -999;    7.6;eor
  5707;19050701;19050731;   5;   2;    70.6;   -999;   -999;   24.4;eor
  5707;19050801;19050831;   5;   2;    52.6;   -999;   -999;   16.2;eor
  5707;19050901;19050930;   5;   2;    53.3;   -999;   -999;    8.7;eor
  5707;19051001;19051031;   5;   2;    75.2;   -999;   -999;   11.2;eor
  5707;19051101;19051130;   5;   2;    39.1;   -999;   -999;   10.9;eor
  5707;19051201;19051231;   5;   2;    26.0;   -999;   -999;    9.0;eor
  5707;19060101;19060131;   5;   2;    59.0;   -999;   -999;   10.8;eor
  5707;19060201;19060228;   5;   2;    32.4;   -999;   -999;    6.1;eor
  5707;19060301;19060331;   5;   2;    94.2;   -999;   -999;   19.7;eor
  5707;19060401;19060430;   5;   2;    20.3;   -999;   -999;    5.7;eor
  5707;19060501;19060531;   5;   2;    92.9;   -999;   -999;   14.8;eor
  5707;19060601;19060630;   5;   2;    59.2;   -999;   -999;   13.6;eor
  5707;19060701;19060731;   5;   2;    68.5;   -999;   -999;   17.9;eor
  5707;19060801;19060831;   5;   2;    49.6;   -999;   -999;   13.4;eor
  5707;19060901;19060930;   5;   2;    45.6;   -999;   -999;   20.0;eor
  5707;19061001;19061031;   5;   2;    12.5;   -999;   -999;    5.3;eor
  5707;19061101;19061130;   5;   2;    67.5;   -999;   -999;   16.1;eor
  5707;19061201;19061231;   5;   2;    41.4;   -999;   -999;   10.9;eor
  5707;19070101;19070131;   5;   2;    34.8;   -999;   -999;    6.4;eor
  5707;19070201;19070228;   5;   2;    32.9;   -999;   -999;   15.6;eor
  5707;19070301;19070331;   5;   2;    45.1;   -999;   -999;   16.7;eor
  5707;19070401;19070430;   5;   2;    41.3;   -999;   -999;   18.9;eor
  5707;19070501;19070531;   5;   2;    63.5;   -999;   -999;   12.7;eor
  5707;19070601;19070630;   5;   2;    42.1;   -999;   -999;    6.9;eor
  5707;19070701;19070731;   5;   2;    66.0;   -999;   -999;   22.0;eor
  5707;19070801;19070831;   5;   2;    21.6;   -999;   -999;   11.2;eor
  5707;19070901;19070930;   5;   2;    20.3;   -999;   -999;    8.9;eor
  5707;19071001;19071031;   5;   2;    34.7;   -999;   -999;    7.5;eor
  5707;19071101;19071130;   5;   2;    21.7;   -999;   -999;    6.6;eor
  5707;19071201;19071231;   5;   2;    56.5;   -999;   -999;   15.8;eor
  5707;19080101;19080131;   5;   2;    28.6;   -999;   -999;    6.4;eor
  5707;19080201;19080229;   5;   2;    48.5;   -999;   -999;    7.5;eor
  5707;19080301;19080331;   5;   2;    26.5;   -999;   -999;    5.8;eor
  5707;19080401;19080430;   5;   2;    64.0;   -999;   -999;   11.2;eor
  5707;19080501;19080531;   5;   2;    67.2;   -999;   -999;   13.6;eor
  5707;19080601;19080630;   5;   2;    76.0;   -999;   -999;   19.7;eor
  5707;19080701;19080731;   5;   2;    55.2;   -999;   -999;   12.7;eor
  5707;19080801;19080831;   5;   2;   106.8;   -999;   -999;   27.6;eor
  5707;19080901;19080930;   5;   2;    36.4;   -999;   -999;    7.9;eor
  5707;19081001;19081031;   5;   2;     5.3;   -999;   -999;    5.3;eor
  5707;19081101;19081130;   5;   2;    22.4;   -999;   -999;    5.3;eor
  5707;19081201;19081231;   5;   2;    16.8;   -999;   -999;    5.6;eor
  5707;19090101;19090131;   5;   2;    34.8;   -999;   -999;    9.8;eor
  5707;19090201;19090228;   5;   2;    46.2;   -999;   -999;   15.0;eor
  5707;19090301;19090331;   5;   2;    18.7;   -999;   -999;    3.8;eor
  5707;19090401;19090430;   5;   2;    46.5;   -999;   -999;    8.5;eor
  5707;19090501;19090531;   5;   2;    38.2;   -999;   -999;   18.9;eor
  5707;19090601;19090630;   5;   2;    88.2;   -999;   -999;   16.3;eor
  5707;19090701;19090731;   5;   2;    59.4;   -999;   -999;   12.7;eor
  5707;19090801;19090831;   5;   2;    28.6;   -999;   -999;   11.0;eor
  5707;19090901;19090930;   5;   2;    75.6;   -999;   -999;   30.3;eor
  5707;19091001;19091031;   5;   2;    28.3;   -999;   -999;    6.5;eor
  5707;19091101;19091130;   5;   2;    52.2;   -999;   -999;   13.4;eor
  5707;19091201;19091231;   5;   2;    64.0;   -999;   -999;   11.2;eor
  5707;19100101;19100131;   5;   2;    55.2;   -999;   -999;   15.0;eor
  5707;19100201;19100228;   5;   2;    39.9;   -999;   -999;    9.7;eor
  5707;19100301;19100331;   5;   2;    17.3;   -999;   -999;    4.9;eor
  5707;19100401;19100430;   5;   2;    38.9;   -999;   -999;    7.4;eor
  5707;19100501;19100531;   5;   2;    41.0;   -999;   -999;    9.0;eor
  5707;19100601;19100630;   5;   2;    87.4;   -999;   -999;   15.1;eor
  5707;19100701;19100731;   5;   2;   100.6;   -999;   -999;   15.8;eor
  5707;19100801;19100831;   5;   2;    72.9;   -999;   -999;   26.0;eor
  5707;19100901;19100930;   5;   2;    43.0;   -999;   -999;    7.6;eor
  5707;19101001;19101031;   5;   2;    13.8;   -999;   -999;    4.6;eor
  5707;19101101;19101130;   5;   2;   123.1;   -999;   -999;   21.3;eor
  5707;19101201;19101231;   5;   2;    51.2;   -999;   -999;   15.0;eor
  5707;19110101;19110131;   5;   2;    13.2;   -999;   -999;    6.6;eor
  5707;19110201;19110228;   5;   2;    33.2;   -999;   -999;   10.8;eor
  5707;19110301;19110331;   5;   2;    28.9;   -999;   -999;    9.2;eor
  5707;19110401;19110430;   5;   2;    23.8;   -999;   -999;    7.1;eor
  5707;19110501;19110531;   5;   2;    71.6;   -999;   -999;   35.0;eor
  5707;19110601;19110630;   5;   2;    44.8;   -999;   -999;   11.3;eor
  5707;19110701;19110731;   5;   2;    13.5;   -999;   -999;    5.4;eor
  5707;19110801;19110831;   5;   2;    17.7;   -999;   -999;    7.0;eor
  5707;19110901;19110930;   5;   2;    59.0;   -999;   -999;   34.6;eor
  5707;19111001;19111031;   5;   2;    21.9;   -999;   -999;    5.0;eor
  5707;19111101;19111130;   5;   2;    54.6;   -999;   -999;   17.5;eor
  5707;19111201;19111231;   5;   2;    63.9;   -999;   -999;   10.3;eor
  5707;19120101;19120131;   5;   2;    42.9;   -999;   -999;   13.4;eor
  5707;19120201;19120229;   5;   2;    42.1;   -999;   -999;   12.2;eor
  5707;19120301;19120331;   5;   2;    57.4;   -999;   -999;   12.9;eor
  5707;19120401;19120430;   5;   2;    13.0;   -999;   -999;    5.1;eor
  5707;19120501;19120531;   5;   2;    30.1;   -999;   -999;    7.1;eor
  5707;19120601;19120630;   5;   2;    90.0;   -999;   -999;   27.0;eor
  5707;19120701;19120731;   5;   2;    46.3;   -999;   -999;   14.2;eor
  5707;19120801;19120831;   5;   2;    83.7;   -999;   -999;   10.8;eor
  5707;19120901;19120930;   5;   2;    40.7;   -999;   -999;   16.3;eor
  5707;19121001;19121031;   5;   2;    51.0;   -999;   -999;   10.5;eor
  5707;19121101;19121130;   5;   2;    43.4;   -999;   -999;   10.8;eor
  5707;19121201;19121231;   5;   2;    29.2;   -999;   -999;    9.0;eor
  5707;19130101;19130131;   5;   2;    58.5;   -999;   -999;   18.0;eor
  5707;19130201;19130228;   5;   2;    13.3;   -999;   -999;    4.8;eor
  5707;19130301;19130331;   5;   2;    32.8;   -999;   -999;   13.3;eor
  5707;19130401;19130430;   5;   2;    20.0;   -999;   -999;    5.9;eor
  5707;19130501;19130531;   5;   2;    90.7;   -999;   -999;   20.0;eor
  5707;19130601;19130630;   5;   2;   143.5;   -999;   -999;   78.0;eor
  5707;19130701;19130731;   5;   2;    46.4;   -999;   -999;    7.9;eor
  5707;19130801;19130831;   5;   2;    36.1;   -999;   -999;   15.3;eor
  5707;19130901;19130930;   5;   2;    51.9;   -999;   -999;   17.1;eor
  5707;19131001;19131031;   5;   2;    20.2;   -999;   -999;    5.3;eor
  5707;19131101;19131130;   5;   2;    76.5;   -999;   -999;   15.2;eor
  5707;19131201;19131231;-999;-999;    -999;   -999;   -999;   12.2;eor
  5707;19360101;19360131;   5;   2;    87.4;   -999;      0;   22.2;eor
  5707;19360201;19360229;   5;   2;    31.6;   -999;      8;   12.9;eor
  5707;19360301;19360331;   5;   2;    13.0;   -999;      0;    3.6;eor
  5707;19360401;19360430;   5;   2;    70.5;   -999;      0;   15.8;eor
  5707;19360501;19360531;   5;   2;    29.1;   -999;      0;    8.5;eor
  5707;19360601;19360630;   5;   2;    62.8;   -999;      0;   23.4;eor
  5707;19360701;19360731;   5;   2;   122.6;   -999;      0;   21.6;eor
  5707;19360801;19360831;   5;   2;    77.3;   -999;      0;   17.6;eor
  5707;19360901;19360930;   5;   2;    85.8;   -999;      0;   17.7;eor
  5707;19361001;19361031;   5;   2;    40.1;   -999;      0;    7.9;eor
  5707;19361101;19361130;   5;   2;    36.3;   -999;      0;    6.8;eor
  5707;19361201;19361231;   5;   2;    34.0;   -999;      0;   13.7;eor
  5707;19370101;19370131;   5;   2;    60.0;   -999;     19;   13.8;eor
  5707;19370201;19370228;   5;   2;    77.0;   -999;      0;   10.8;eor
  5707;19370301;19370331;   5;   2;    48.7;   -999;      0;   13.9;eor
  5707;19370401;19370430;   5;   2;    46.6;   -999;      0;    9.3;eor
  5707;19370501;19370531;   5;   2;    30.5;   -999;      0;   10.4;eor
  5707;19370601;19370630;   5;   2;   149.9;   -999;      0;   47.1;eor
  5707;19370701;19370731;   5;   2;    37.6;   -999;      0;   16.6;eor
  5707;19370801;19370831;   5;   2;    44.1;   -999;      0;   28.9;eor
  5707;19370901;19370930;   5;   2;    24.4;   -999;      0;    4.5;eor
  5707;19371001;19371031;   5;   2;    33.8;   -999;      0;   14.1;eor
  5707;19371101;19371130;   5;   2;    16.6;   -999;      0;    5.9;eor
  5707;19371201;19371231;   5;   2;    32.2;   -999;      4;    8.2;eor
  5707;19380101;19380131;   5;   2;    63.7;   -999;     43;    8.1;eor
  5707;19380201;19380228;   5;   2;    31.1;   -999;     19;   10.4;eor
  5707;19380301;19380331;   5;   2;    12.4;   -999;      0;    4.0;eor
  5707;19380401;19380430;   5;   2;    27.0;   -999;      0;   20.2;eor
  5707;19380501;19380531;   5;   2;    71.1;   -999;      0;   20.7;eor
  5707;19380601;19380630;   5;   2;    53.3;   -999;      0;   19.7;eor
  5707;19380701;19380731;   5;   2;    85.5;   -999;      0;   42.5;eor
  5707;19380801;19380831;   5;   2;   165.1;   -999;      0;   40.0;eor
  5707;19380901;19380930;   5;   2;    36.3;   -999;      0;   19.2;eor
  5707;19381001;19381031;   5;   2;    52.5;   -999;      0;    7.6;eor
  5707;19381101;19381130;   5;   2;    27.2;   -999;      0;    6.1;eor
  5707;19381201;19381231;   5;   2;    38.0;   -999;    120;    6.6;eor
  5707;19390101;19390131;   5;   2;    67.5;   -999;     63;   14.0;eor
  5707;19390201;19390228;   5;   2;    18.4;   -999;      0;    5.9;eor
  5707;19390301;19390331;   5;   2;    61.2;   -999;      2;   22.1;eor
  5707;19390401;19390430;   5;   2;    49.5;   -999;      0;    9.3;eor
  5707;19390501;19390531;   5;   2;    34.7;   -999;      0;    7.4;eor
  5707;19390601;19390630;   5;   2;    40.3;   -999;      0;   12.2;eor
  5707;19390701;19390731;   5;   2;    72.9;   -999;      0;   12.9;eor
  5707;19390801;19390831;   5;   2;    69.0;   -999;      0;   43.6;eor
  5707;19390901;19390930;   5;   2;   102.7;   -999;      0;   27.2;eor
  5707;19391001;19391031;   5;   2;   137.7;   -999;      0;   17.6;eor
  5707;19391101;19391130;   5;   2;   102.9;   -999;      1;   22.0;eor
  5707;19391201;19391231;   5;   2;    23.1;   -999;     42;    6.1;eor
  5707;19400101;19400131;   5;   2;    24.8;   -999;    244;    6.8;eor
  5707;19400201;19400229;   5;   2;    37.7;   -999;    344;    7.3;eor
  5707;19400301;19400331;   5;   2;    60.4;   -999;      4;   13.4;eor
  5707;19400401;19400430;   5;   2;    39.6;   -999;      0;   10.2;eor
  5707;19400501;19400531;   5;   2;    25.7;   -999;      0;   14.5;eor
  5707;19400601;19400630;   5;   2;    39.4;   -999;      0;   15.1;eor
  5707;19400701;19400731;   5;   2;   152.0;   -999;      0;   32.2;eor
  5707;19400801;19400831;   5;   2;    42.2;   -999;      0;   10.8;eor
  5707;19400901;19400930;   5;   2;   110.1;   -999;      0;   24.4;eor
  5707;19401001;19401031;   5;   2;    21.7;   -999;      0;    5.5;eor
  5707;19401101;19401130;   5;   2;    53.1;   -999;      0;   10.3;eor
  5707;19401201;19401231;   5;   2;    80.4;   -999;     58;   29.5;eor
  5707;19410101;19410131;   5;   2;    74.1;   -999;    600;   15.7;eor
  5707;19410201;19410228;   5;   2;    40.5;   -999;    130;   12.5;eor
  5707;19410301;19410331;   5;   2;    52.1;   -999;      0;    9.5;eor
  5707;19410401;19410430;   5;   2;    34.7;   -999;      0;    9.6;eor
  5707;19410501;19410531;   5;   2;    73.8;   -999;      0;   24.4;eor
  5707;19410601;19410630;   5;   2;   104.9;   -999;      0;   38.0;eor
  5707;19410701;19410731;   5;   2;    88.9;   -999;      0;   36.1;eor
  5707;19410801;19410831;   5;   2;    72.7;   -999;      0;   11.2;eor
  5707;19410901;19410930;   5;   2;    22.3;   -999;      0;    9.6;eor
  5707;19411001;19411031;   5;   2;    86.8;   -999;      0;   12.1;eor
  5707;19411101;19411130;   5;   2;    26.7;   -999;     20;    9.7;eor
  5707;19411201;19411231;   5;   2;    54.9;   -999;     35;   13.8;eor
  5707;19420101;19420131;   5;   2;    48.6;   -999;    169;   18.4;eor
  5707;19420201;19420228;   5;   2;    21.8;   -999;    876;    7.4;eor
  5707;19420301;19420331;   5;   2;    49.9;   -999;    121;   16.8;eor
  5707;19420401;19420430;   5;   2;    18.9;   -999;      0;    5.6;eor
  5707;19420501;19420531;   5;   2;    72.2;   -999;      0;   17.1;eor
  5707;19420601;19420630;   5;   2;    55.6;   -999;      0;   21.4;eor
  5707;19420701;19420731;   5;   2;   103.0;   -999;      0;   31.5;eor
  5707;19420801;19420831;   5;   2;    26.4;   -999;      0;    6.1;eor
  5707;19420901;19420930;   5;   2;    47.3;   -999;      0;   13.5;eor
  5707;19421001;19421031;   5;   2;    41.3;   -999;      0;   12.9;eor
  5707;19421101;19421130;   5;   2;    37.9;   -999;      0;    8.7;eor
  5707;19421201;19421231;   5;   2;    31.1;   -999;      4;   17.9;eor
  5707;19430101;19430131;   5;   2;    27.4;   -999;     28;    5.3;eor
  5707;19430201;19430228;   5;   2;    21.8;   -999;      0;    7.2;eor
  5707;19430301;19430331;   5;   2;    18.8;   -999;      0;   11.9;eor
  5707;19430401;19430430;   5;   2;    45.9;   -999;      0;   13.5;eor
  5707;19430501;19430531;   5;   2;    42.1;   -999;      0;    9.0;eor
  5707;19430601;19430630;   5;   2;    49.2;   -999;      0;   12.0;eor
  5707;19430701;19430731;   5;   2;    45.2;   -999;      0;   17.7;eor
  5707;19430801;19430831;   5;   2;    73.0;   -999;      0;   42.4;eor
  5707;19430901;19430930;   5;   2;    34.8;   -999;      0;    8.3;eor
  5707;19431001;19431031;   5;   2;     0.0;   -999;      0;    0.0;eor
  5707;19431101;19431130;   5;   2;    86.3;   -999;      0;   26.6;eor
  5707;19431201;19431231;   5;   2;    17.7;   -999;      0;    9.6;eor
  5707;19440101;19440131;   5;   2;    58.0;   -999;     15;   12.0;eor
  5707;19440201;19440229;   5;   2;    43.8;   -999;     18;    9.2;eor
  5707;19440301;19440331;   5;   2;    34.9;   -999;      0;    7.5;eor
  5707;19440401;19440430;   5;   2;    49.9;   -999;      0;   14.8;eor
  5707;19440501;19440531;   5;   2;     9.7;   -999;      0;    2.2;eor
  5707;19440601;19440630;   5;   2;    49.9;   -999;      0;   15.8;eor
  5707;19440701;19440731;   5;   2;    85.6;   -999;      0;   25.4;eor
  5707;19440801;19440831;   5;   2;    13.4;   -999;      0;    6.7;eor
  5707;19440901;19440930;   5;   2;    43.2;   -999;      0;   13.0;eor
  5707;19441001;19441031;   5;   2;    43.0;   -999;      0;   10.3;eor
  5707;19441101;19441130;   5;   2;    89.0;   -999;      0;   13.6;eor
  5707;19441201;19441231;   5;   2;    49.4;   -999;      2;   20.3;eor
  5707;19450101;19450131;   5;   2;    46.0;   -999;    245;    7.8;eor
  5707;19450201;19450228;   5;   2;    53.2;   -999;     14;   13.9;eor
  5707;19450301;19450331;   5;   2;     9.5;   -999;   -999;    3.7;eor
  5707;19450501;19450531;   5;   2;    81.0;   -999;      0;   34.3;eor
  5707;19450601;19450630;   5;   2;    63.3;   -999;      0;   18.3;eor
  5707;19450701;19450731;   5;   2;    58.3;   -999;      0;   17.6;eor
  5707;19450801;19450831;   5;   2;   160.8;   -999;      0;   45.1;eor
  5707;19450901;19450930;   5;   2;    21.7;   -999;      0;    5.4;eor
  5707;19451001;19451031;   5;   2;    19.7;   -999;      0;    6.1;eor
  5707;19451101;19451130;   5;   2;    28.0;   -999;      0;    9.6;eor
  5707;19451201;19451231;   5;   2;    36.2;   -999;      0;   10.2;eor
  5707;19460101;19460131;   5;   2;    38.1;   -999;   -999;   14.9;eor
  5707;19460201;19460228;   5;   2;   115.0;   -999;   -999;   23.3;eor
  5707;19460301;19460331;   5;   2;    23.1;   -999;   -999;   10.1;eor
  5707;19460401;19460430;   5;   2;    24.3;   -999;   -999;   14.3;eor
  5707;19460501;19460531;   5;   2;    53.8;   -999;   -999;   20.2;eor
  5707;19460601;19460630;   5;   2;   108.8;   -999;   -999;   42.1;eor
  5707;19460701;19460731;   5;   2;    33.7;   -999;   -999;    9.1;eor
  5707;19460801;19460831;   5;   2;    43.6;   -999;   -999;   18.2;eor
  5707;19460901;19460930;   5;   2;    33.2;   -999;   -999;    9.6;eor
  5707;19461001;19461031;   5;   2;    39.5;   -999;   -999;   16.0;eor
  5707;19461101;19461130;   5;   2;    25.7;   -999;   -999;   10.9;eor
  5707;19461201;19461231;   5;   2;    21.1;   -999;   -999;    8.4;eor
  5707;19470101;19470131;   5;   2;    18.5;   -999;     21;    6.9;eor
  5707;19470201;19470228;   5;   2;    29.2;   -999;     50;    8.5;eor
  5707;19470301;19470331;   5;   2;    74.5;   -999;      8;   12.5;eor
  5707;19470401;19470430;   5;   2;    68.6;   -999;      0;   17.8;eor
  5707;19470501;19470531;   5;   2;    23.8;   -999;      0;    6.0;eor
  5707;19470601;19470630;   5;   2;    22.0;   -999;      0;    7.6;eor
  5707;19470701;19470731;   5;   2;    42.4;   -999;      0;   11.5;eor
  5707;19470801;19470831;   5;   2;     6.3;   -999;      0;    3.5;eor
  5707;19470901;19470930;   5;   2;    22.9;   -999;      0;    9.0;eor
  5707;19471001;19471031;   5;   2;     3.1;   -999;      0;    2.3;eor
  5707;19471101;19471130;   5;   2;    64.9;   -999;      1;    9.0;eor
  5707;19471201;19471231;   5;   2;   138.6;   -999;     46;   50.5;eor
  5707;19480101;19480131;   5;   2;   105.5;   -999;      0;   30.7;eor
  5707;19480201;19480229;   5;   2;    36.8;   -999;     28;    5.8;eor
  5707;19480301;19480331;   5;   2;    23.2;   -999;      0;   12.0;eor
  5707;19480401;19480430;   5;   2;    23.0;   -999;      0;    7.8;eor
  5707;19480501;19480531;   5;   2;    44.5;   -999;      0;   12.1;eor
  5707;19480601;19480630;   5;   2;    71.9;   -999;      0;   17.0;eor
  5707;19480701;19480731;   5;   2;    88.9;   -999;      0;   19.5;eor
  5707;19480801;19480831;   5;   2;    37.8;   -999;      0;    8.9;eor
  5707;19480901;19480930;   5;   2;    33.2;   -999;      0;   17.0;eor
  5707;19481001;19481031;   5;   2;    26.7;   -999;      0;   10.5;eor
  5707;19481101;19481130;   5;   2;    16.8;   -999;      0;    8.9;eor
  5707;19481201;19481231;   5;   2;    15.4;   -999;      0;    4.4;eor
  5707;19490101;19490131;   5;   2;    29.0;   -999;      1;   13.0;eor
  5707;19490201;19490228;   5;   2;    28.2;   -999;      0;   10.6;eor
  5707;19490301;19490331;   5;   2;    39.2;   -999;     13;   20.5;eor
  5707;19490401;19490430;   5;   2;    32.5;   -999;      0;    9.0;eor
  5707;19490501;19490531;   5;   2;    72.9;   -999;      0;   17.1;eor
  5707;19490601;19490630;   5;   2;    13.3;   -999;      0;    5.7;eor
  5707;19490701;19490731;   5;   2;     5.6;   -999;      0;    1.8;eor
  5707;19490801;19490831;   5;   2;    31.5;   -999;      0;   11.0;eor
  5707;19490901;19490930;   5;   2;    28.7;   -999;      0;   14.4;eor
  5707;19491001;19491031;   5;   2;    26.1;   -999;      0;   17.8;eor
  5707;19491101;19491130;   5;   2;    42.3;   -999;      0;   14.7;eor
  5707;19491201;19491231;   5;   2;    53.0;   -999;      0;   16.0;eor
  5707;19500101;19500131;   5;   2;    28.2;   -999;      0;    9.6;eor
  5707;19500201;19500228;   5;   2;   100.8;   -999;     18;   17.6;eor
  5707;19500301;19500331;   5;   2;     2.5;   -999;      6;    1.0;eor
  5707;19500401;19500430;   5;   2;    64.6;   -999;      0;   14.2;eor
  5707;19500501;19500531;   5;   2;    78.7;   -999;      0;   40.5;eor
  5707;19500601;19500630;   5;   2;    37.3;   -999;      0;    7.8;eor
  5707;19500701;19500731;   5;   2;    93.1;   -999;      0;   17.7;eor
  5707;19500801;19500831;   5;   2;    72.6;   -999;      0;   13.4;eor
  5707;19500901;19500930;   5;   2;    39.7;   -999;   -999;    6.1;eor
  5707;19501001;19501031;   5;   2;    16.2;   -999;      4;    5.6;eor
  5707;19501101;19501130;   5;   2;   132.1;   -999;      0;   21.1;eor
  5707;19501201;19501231;   5;   2;    37.2;   -999;    133;    8.0;eor
  5707;19510101;19510131;   5;   2;    45.4;   -999;     45;   10.8;eor
  5707;19510201;19510228;   5;   2;    35.2;   -999;      0;    8.7;eor
  5707;19510301;19510331;   5;   2;    31.1;   -999;      0;    8.1;eor
  5707;19510401;19510430;   5;   2;    15.2;   -999;      0;    5.4;eor
  5707;19510501;19510531;   5;   2;    52.7;   -999;      0;   15.2;eor
  5707;19510601;19510630;   5;   2;    58.2;   -999;      0;    9.2;eor
  5707;19510701;19510731;   5;   2;    35.9;   -999;      0;    9.0;eor
  5707;19510801;19510831;   5;   2;    46.8;   -999;      0;   14.2;eor
  5707;19510901;19510930;   5;   2;    37.2;   -999;      0;    9.2;eor
  5707;19511001;19511031;   5;   2;    31.4;   -999;      0;   13.4;eor
  5707;19511101;19511130;   5;   2;    60.8;   -999;      0;   19.1;eor
  5707;19511201;19511231;   5;   2;    28.1;   -999;      0;   10.1;eor
  5707;19520101;19520131;   5;   2;    59.1;   -999;     19;   15.8;eor
  5707;19520201;19520229;   5;   2;    42.8;   -999;     50;   15.9;eor
  5707;19520301;19520331;   5;   2;    85.0;   -999;      8;   11.3;eor
  5707;19520401;19520430;   5;   2;    31.0;   -999;      1;   19.5;eor
  5707;19520501;19520531;   5;   2;    30.8;   -999;      0;    7.6;eor
  5707;19520601;19520630;   5;   2;    28.4;   -999;      0;    8.3;eor
  5707;19520701;19520731;   5;   2;    14.0;   -999;      0;   10.5;eor
  5707;19520801;19520831;   5;   2;    34.1;   -999;      0;   18.0;eor
  5707;19520901;19520930;   5;   2;    80.8;   -999;      0;   16.8;eor
  5707;19521001;19521031;   5;   2;    86.1;   -999;      0;   18.7;eor
  5707;19521101;19521130;   5;   2;   113.7;   -999;      3;   30.2;eor
  5707;19521201;19521231;   5;   2;    76.7;   -999;      2;   28.4;eor
