STATIONS_ID; MESS_DATUM_BEGINN; MESS_DATUM_ENDE; QUALITAETS_NIVEAU; ART; NIEDERSCHLAGSHOEHE;NEUSCHNEEHOEHE;SCHNEEHOEHE; max(NIEDERSCHLAGSHOEHE);eor
  5559;18960101;18960131;   5;   2;    38.0;   -999;   -999;-999;eor
  5559;18960201;18960229;   5;   2;    22.0;   -999;   -999;-999;eor
  5559;18960301;18960331;   5;   2;   331.0;   -999;   -999;-999;eor
  5559;18960401;18960430;   5;   2;   125.0;   -999;   -999;-999;eor
  5559;18960501;18960531;   5;   2;    43.0;   -999;   -999;-999;eor
  5559;18960601;18960630;   5;   2;   183.0;   -999;   -999;-999;eor
  5559;18960701;18960731;   5;   2;   108.0;   -999;   -999;-999;eor
  5559;18960801;18960831;   5;   2;    91.0;   -999;   -999;-999;eor
  5559;18960901;18960930;   5;   2;   178.0;   -999;   -999;-999;eor
  5559;18961001;18961031;   5;   2;    73.0;   -999;   -999;-999;eor
  5559;18961101;18961130;   5;   2;    36.0;   -999;   -999;-999;eor
  5559;18961201;18961231;   5;   2;    77.0;   -999;   -999;-999;eor
  5559;18970101;18970131;   5;   2;    34.0;   -999;   -999;-999;eor
  5559;18970201;18970228;   5;   2;   208.0;   -999;   -999;-999;eor
  5559;18970301;18970331;   5;   2;   147.0;   -999;   -999;-999;eor
  5559;18970401;18970430;   5;   2;   125.0;   -999;   -999;-999;eor
  5559;18970501;18970531;   5;   2;    91.0;   -999;   -999;-999;eor
  5559;18970601;18970630;   5;   2;   108.0;   -999;   -999;-999;eor
  5559;18970701;18970731;   5;   2;    60.0;   -999;   -999;-999;eor
  5559;18970801;18970831;   5;   2;   130.0;   -999;   -999;-999;eor
  5559;18970901;18970930;   5;   2;   122.0;   -999;   -999;-999;eor
  5559;18971001;18971031;   5;   2;    28.0;   -999;   -999;-999;eor
  5559;18971101;18971130;   5;   2;    57.0;   -999;   -999;-999;eor
  5559;18971201;18971231;   5;   2;    72.0;   -999;   -999;-999;eor
  5559;18980101;18980131;   5;   2;    23.0;   -999;   -999;-999;eor
  5559;18980201;18980228;   5;   2;   144.0;   -999;   -999;-999;eor
  5559;18980301;18980331;   5;   2;    63.0;   -999;   -999;-999;eor
  5559;18980401;18980430;   5;   2;    98.0;   -999;   -999;-999;eor
  5559;18980501;18980531;   5;   2;   214.0;   -999;   -999;-999;eor
  5559;18980601;18980630;   5;   2;   133.0;   -999;   -999;-999;eor
  5559;18980701;18980731;   5;   2;   151.0;   -999;   -999;-999;eor
  5559;18980801;18980831;   5;   2;    44.0;   -999;   -999;-999;eor
  5559;18980901;18980930;   5;   2;    16.0;   -999;   -999;-999;eor
  5559;18981001;18981031;   5;   2;   107.0;   -999;   -999;-999;eor
  5559;18981101;18981130;   5;   2;    38.0;   -999;   -999;-999;eor
  5559;18981201;18981231;   5;   2;    77.0;   -999;   -999;-999;eor
  5559;18990101;18990131;   5;   2;   189.0;   -999;   -999;-999;eor
  5559;18990201;18990228;   5;   2;    48.0;   -999;   -999;-999;eor
  5559;18990301;18990331;   5;   2;    31.0;   -999;   -999;-999;eor
  5559;18990401;18990430;   5;   2;   181.0;   -999;   -999;-999;eor
  5559;18990501;18990531;   5;   2;   100.0;   -999;   -999;-999;eor
  5559;18990601;18990630;   5;   2;   101.0;   -999;   -999;-999;eor
  5559;18990701;18990731;   5;   2;   118.0;   -999;   -999;-999;eor
  5559;18990801;18990831;   5;   2;   101.0;   -999;   -999;-999;eor
  5559;18990901;18990930;   5;   2;   154.0;   -999;   -999;-999;eor
  5559;18991001;18991031;   5;   2;    60.0;   -999;   -999;-999;eor
  5559;18991101;18991130;   5;   2;    41.0;   -999;   -999;-999;eor
  5559;18991201;18991231;   5;   2;    77.0;   -999;   -999;-999;eor
  5559;19000101;19000131;   5;   2;   187.0;   -999;   -999;-999;eor
  5559;19000201;19000228;   5;   2;   108.0;   -999;   -999;-999;eor
  5559;19000301;19000331;   5;   2;    63.0;   -999;   -999;-999;eor
  5559;19000401;19000430;   5;   2;    50.0;   -999;   -999;-999;eor
  5559;19000501;19000531;   5;   2;    61.0;   -999;   -999;-999;eor
  5559;19000601;19000630;   5;   2;    64.0;   -999;   -999;-999;eor
  5559;19000701;19000731;   5;   2;   158.0;   -999;   -999;-999;eor
  5559;19000801;19000831;   5;   2;   122.0;   -999;   -999;-999;eor
  5559;19000901;19000930;   5;   2;    30.0;   -999;   -999;-999;eor
  5559;19001001;19001031;   5;   2;   108.0;   -999;   -999;-999;eor
  5559;19001101;19001130;   5;   2;    40.0;   -999;   -999;-999;eor
  5559;19001201;19001231;   5;   2;   174.0;   -999;   -999;-999;eor
  5559;19010101;19010131;   5;   2;    92.0;   -999;   -999;-999;eor
  5559;19010201;19010228;   5;   2;    53.0;   -999;   -999;-999;eor
  5559;19010301;19010331;   5;   2;    87.0;   -999;   -999;-999;eor
  5559;19010401;19010430;   5;   2;   153.0;   -999;   -999;-999;eor
  5559;19010501;19010531;   5;   2;    80.0;   -999;   -999;-999;eor
  5559;19010601;19010630;   5;   2;    95.0;   -999;   -999;-999;eor
  5559;19010701;19010731;   5;   2;   118.0;   -999;   -999;-999;eor
  5559;19010801;19010831;   5;   2;   258.0;   -999;   -999;-999;eor
  5559;19010901;19010930;   5;   2;   126.0;   -999;   -999;-999;eor
  5559;19011001;19011031;   5;   2;   122.0;   -999;   -999;-999;eor
  5559;19011101;19011130;   5;   2;    60.0;   -999;   -999;-999;eor
  5559;19011201;19011231;   5;   2;   131.0;   -999;   -999;-999;eor
  5559;19020101;19020131;   5;   2;    97.0;   -999;   -999;-999;eor
  5559;19020201;19020228;   5;   2;    67.0;   -999;   -999;-999;eor
  5559;19020301;19020331;   5;   2;   120.0;   -999;   -999;-999;eor
  5559;19020401;19020430;   5;   2;    90.0;   -999;   -999;-999;eor
  5559;19020501;19020531;   5;   2;   190.0;   -999;   -999;-999;eor
  5559;19020601;19020630;   5;   2;    63.0;   -999;   -999;-999;eor
  5559;19020701;19020731;   5;   2;    72.0;   -999;   -999;-999;eor
  5559;19020801;19020831;   5;   2;   164.0;   -999;   -999;-999;eor
  5559;19020901;19020930;   5;   2;    42.0;   -999;   -999;-999;eor
  5559;19021001;19021031;   5;   2;   103.0;   -999;   -999;-999;eor
  5559;19021101;19021130;   5;   2;    16.0;   -999;   -999;-999;eor
  5559;19021201;19021231;   5;   2;   220.0;   -999;   -999;-999;eor
  5559;19030101;19030131;   5;   2;    88.0;   -999;   -999;-999;eor
  5559;19030201;19030228;   5;   2;    40.0;   -999;   -999;-999;eor
  5559;19030301;19030331;   5;   2;    82.0;   -999;   -999;-999;eor
  5559;19030401;19030430;   5;   2;   157.0;   -999;   -999;-999;eor
  5559;19030501;19030531;   5;   2;    60.0;   -999;   -999;-999;eor
  5559;19030601;19030630;   5;   2;    53.0;   -999;   -999;-999;eor
  5559;19030701;19030731;   5;   2;   154.0;   -999;   -999;-999;eor
  5559;19030801;19030831;   5;   2;   132.0;   -999;   -999;-999;eor
  5559;19030901;19030930;   5;   2;    96.0;   -999;   -999;-999;eor
  5559;19031001;19031031;   5;   2;   193.0;   -999;   -999;-999;eor
  5559;19031101;19031130;   5;   2;   147.0;   -999;   -999;-999;eor
  5559;19031201;19031231;   5;   2;    30.0;   -999;   -999;-999;eor
  5559;19040101;19040131;   5;   2;    95.0;   -999;   -999;-999;eor
  5559;19040201;19040229;   5;   2;   207.0;   -999;   -999;-999;eor
  5559;19040301;19040331;   5;   2;    68.0;   -999;   -999;-999;eor
  5559;19040401;19040430;   5;   2;    84.0;   -999;   -999;-999;eor
  5559;19040501;19040531;   5;   2;   119.0;   -999;   -999;-999;eor
  5559;19040601;19040630;   5;   2;    87.0;   -999;   -999;-999;eor
  5559;19040701;19040731;   5;   2;    32.0;   -999;   -999;-999;eor
  5559;19040801;19040831;   5;   2;    96.0;   -999;   -999;-999;eor
  5559;19040901;19040930;   5;   2;    84.0;   -999;   -999;-999;eor
  5559;19041001;19041031;   5;   2;    72.0;   -999;   -999;-999;eor
  5559;19041101;19041130;   5;   2;    82.0;   -999;   -999;-999;eor
  5559;19041201;19041231;   5;   2;    85.0;   -999;   -999;-999;eor
  5559;19050101;19050131;   5;   2;    62.0;   -999;   -999;-999;eor
  5559;19050201;19050228;   5;   2;    63.0;   -999;   -999;-999;eor
  5559;19050301;19050331;   5;   2;   175.0;   -999;   -999;-999;eor
  5559;19050401;19050430;   5;   2;   121.0;   -999;   -999;-999;eor
  5559;19050501;19050531;   5;   2;    64.0;   -999;   -999;-999;eor
  5559;19050601;19050630;   5;   2;   117.0;   -999;   -999;-999;eor
  5559;19050701;19050731;   5;   2;    94.0;   -999;   -999;-999;eor
  5559;19050801;19050831;   5;   2;   126.0;   -999;   -999;-999;eor
  5559;19050901;19050930;   5;   2;    86.0;   -999;   -999;-999;eor
  5559;19051001;19051031;   5;   2;   207.0;   -999;   -999;-999;eor
  5559;19051101;19051130;   5;   2;    86.0;   -999;   -999;-999;eor
  5559;19051201;19051231;   5;   2;    57.0;   -999;   -999;-999;eor
  5559;19060101;19060131;   5;   2;   166.0;   -999;   -999;-999;eor
  5559;19060201;19060228;   5;   2;   108.0;   -999;   -999;-999;eor
  5559;19060301;19060331;   5;   2;   166.0;   -999;   -999;-999;eor
  5559;19060401;19060430;   5;   2;    32.0;   -999;   -999;-999;eor
  5559;19060501;19060531;   5;   2;   155.0;   -999;   -999;-999;eor
  5559;19060601;19060630;   5;   2;   166.0;   -999;   -999;-999;eor
  5559;19060701;19060731;   5;   2;   118.0;   -999;   -999;-999;eor
  5559;19060801;19060831;   5;   2;    82.0;   -999;   -999;-999;eor
  5559;19060901;19060930;   5;   2;    42.0;   -999;   -999;-999;eor
  5559;19061001;19061031;   5;   2;    31.0;   -999;   -999;-999;eor
  5559;19061101;19061130;   5;   2;    71.0;   -999;   -999;-999;eor
  5559;19061201;19061231;   5;   2;   145.0;   -999;   -999;-999;eor
  5559;19070101;19070131;   5;   2;   117.0;   -999;   -999;-999;eor
  5559;19070201;19070228;   5;   2;   104.0;   -999;   -999;-999;eor
  5559;19070301;19070331;   5;   2;   184.0;   -999;   -999;-999;eor
  5559;19070401;19070430;   5;   2;    82.0;   -999;   -999;-999;eor
  5559;19070501;19070531;   5;   2;    98.0;   -999;   -999;-999;eor
  5559;19070601;19070630;   5;   2;    61.0;   -999;   -999;-999;eor
  5559;19070701;19070731;   5;   2;    83.0;   -999;   -999;-999;eor
  5559;19070801;19070831;   5;   2;    33.0;   -999;   -999;-999;eor
  5559;19070901;19070930;   5;   2;    38.0;   -999;   -999;-999;eor
  5559;19071001;19071031;   5;   2;    33.0;   -999;   -999;-999;eor
  5559;19071101;19071130;   5;   2;    54.0;   -999;   -999;-999;eor
  5559;19071201;19071231;   5;   2;   125.0;   -999;   -999;-999;eor
  5559;19080101;19080131;   5;   2;    50.0;   -999;   -999;-999;eor
  5559;19080201;19080229;   5;   2;   190.0;   -999;   -999;-999;eor
  5559;19080301;19080331;   5;   2;    78.0;   -999;   -999;-999;eor
  5559;19080401;19080430;   5;   2;   122.0;   -999;   -999;-999;eor
  5559;19080501;19080531;   5;   2;   151.0;   -999;   -999;-999;eor
  5559;19080601;19080630;   5;   2;    99.0;   -999;   -999;-999;eor
  5559;19080701;19080731;   5;   2;   111.0;   -999;   -999;-999;eor
  5559;19080801;19080831;   5;   2;   126.0;   -999;   -999;-999;eor
  5559;19080901;19080930;   5;   2;   109.0;   -999;   -999;-999;eor
  5559;19081001;19081031;   5;   2;     5.0;   -999;   -999;-999;eor
  5559;19081101;19081130;   5;   2;    68.0;   -999;   -999;-999;eor
  5559;19081201;19081231;   5;   2;    45.0;   -999;   -999;-999;eor
  5559;19090101;19090131;   5;   2;    98.0;   -999;   -999;-999;eor
  5559;19090201;19090228;   5;   2;    70.0;   -999;   -999;-999;eor
  5559;19090301;19090331;   5;   2;    38.0;   -999;   -999;-999;eor
  5559;19090401;19090430;   5;   2;   147.0;   -999;   -999;-999;eor
  5559;19090501;19090531;   5;   2;    48.0;   -999;   -999;-999;eor
  5559;19090601;19090630;   5;   2;   105.0;   -999;   -999;-999;eor
  5559;19090701;19090731;   5;   2;   167.0;   -999;   -999;-999;eor
  5559;19090801;19090831;   5;   2;    31.0;   -999;   -999;-999;eor
  5559;19090901;19090930;   5;   2;    79.0;   -999;   -999;-999;eor
  5559;19091001;19091031;   5;   2;    87.0;   -999;   -999;-999;eor
  5559;19091101;19091130;   5;   2;   116.0;   -999;   -999;-999;eor
  5559;19091201;19091231;   5;   2;   133.0;   -999;   -999;-999;eor
  5559;19100101;19100131;   5;   2;   169.0;   -999;   -999;-999;eor
  5559;19100201;19100228;   5;   2;    86.0;   -999;   -999;-999;eor
  5559;19100301;19100331;   5;   2;    44.0;   -999;   -999;-999;eor
  5559;19100401;19100430;   5;   2;   118.0;   -999;   -999;-999;eor
  5559;19100501;19100531;   5;   2;    74.0;   -999;   -999;-999;eor
  5559;19100601;19100630;   5;   2;   235.0;   -999;   -999;-999;eor
  5559;19100701;19100731;   5;   2;   155.0;   -999;   -999;-999;eor
  5559;19100801;19100831;   5;   2;   167.0;   -999;   -999;-999;eor
  5559;19100901;19100930;   5;   2;   101.0;   -999;   -999;-999;eor
  5559;19101001;19101031;   5;   2;     9.0;   -999;   -999;-999;eor
  5559;19101101;19101130;   5;   2;   328.0;   -999;   -999;-999;eor
  5559;19101201;19101231;   5;   2;   122.0;   -999;   -999;-999;eor
  5559;19110101;19110131;   5;   2;    28.0;   -999;   -999;-999;eor
  5559;19110201;19110228;   5;   2;    89.0;   -999;   -999;-999;eor
  5559;19110301;19110331;   5;   2;    86.0;   -999;   -999;-999;eor
  5559;19110401;19110430;   5;   2;    79.0;   -999;   -999;-999;eor
  5559;19110501;19110531;   5;   2;   101.0;   -999;   -999;-999;eor
  5559;19110601;19110630;   5;   2;   128.0;   -999;   -999;-999;eor
  5559;19110701;19110731;   5;   2;    30.0;   -999;   -999;-999;eor
  5559;19110801;19110831;   5;   2;    67.0;   -999;   -999;-999;eor
  5559;19110901;19110930;   5;   2;    73.0;   -999;   -999;-999;eor
  5559;19111001;19111031;   5;   2;    96.0;   -999;   -999;-999;eor
  5559;19111101;19111130;   5;   2;   111.0;   -999;   -999;-999;eor
  5559;19111201;19111231;   5;   2;   193.0;   -999;   -999;-999;eor
  5559;19120101;19120131;   5;   2;   112.0;   -999;   -999;-999;eor
  5559;19120201;19120229;   5;   2;    66.0;   -999;   -999;-999;eor
  5559;19120301;19120331;   5;   2;   112.0;   -999;   -999;-999;eor
  5559;19120401;19120430;   5;   2;    77.0;   -999;   -999;-999;eor
  5559;19120501;19120531;   5;   2;   112.0;   -999;   -999;-999;eor
  5559;19120601;19120630;   5;   2;    88.0;   -999;   -999;-999;eor
  5559;19120701;19120731;   5;   2;   140.0;   -999;   -999;-999;eor
  5559;19120801;19120831;   5;   2;   185.0;   -999;   -999;-999;eor
  5559;19120901;19120930;   5;   2;   138.0;   -999;   -999;-999;eor
  5559;19121001;19121031;   5;   2;    99.0;   -999;   -999;-999;eor
  5559;19121101;19121130;   5;   2;   119.0;   -999;   -999;-999;eor
  5559;19121201;19121231;   5;   2;    91.0;   -999;   -999;-999;eor
  5559;19130101;19130131;   5;   2;   144.0;   -999;   -999;-999;eor
  5559;19130201;19130228;   5;   2;    57.0;   -999;   -999;-999;eor
  5559;19130301;19130331;   5;   2;   103.0;   -999;   -999;-999;eor
  5559;19130401;19130430;   5;   2;    81.0;   -999;   -999;-999;eor
  5559;19130501;19130531;   5;   2;    62.0;   -999;   -999;-999;eor
  5559;19130601;19130630;   5;   2;   117.0;   -999;   -999;-999;eor
  5559;19130701;19130731;   5;   2;   129.0;   -999;   -999;-999;eor
  5559;19130801;19130831;   5;   2;    44.0;   -999;   -999;-999;eor
  5559;19130901;19130930;   5;   2;    59.0;   -999;   -999;-999;eor
  5559;19131001;19131031;   5;   2;    23.0;   -999;   -999;-999;eor
  5559;19131101;19131130;   5;   2;   183.0;   -999;   -999;-999;eor
  5559;19131201;19131231;   5;   2;   153.0;   -999;   -999;-999;eor
  5559;19140101;19140131;   5;   2;   103.0;   -999;   -999;-999;eor
  5559;19140201;19140228;   5;   2;    46.0;   -999;   -999;-999;eor
  5559;19140301;19140331;   5;   2;   252.0;   -999;   -999;-999;eor
  5559;19140401;19140430;   5;   2;    38.0;   -999;   -999;-999;eor
  5559;19140501;19140531;   5;   2;   179.0;   -999;   -999;-999;eor
  5559;19140601;19140630;   5;   2;   139.0;   -999;   -999;-999;eor
  5559;19140701;19140731;   5;   2;   127.0;   -999;   -999;-999;eor
  5559;19140801;19140831;   5;   2;   131.0;   -999;   -999;-999;eor
  5559;19140901;19140930;   5;   2;   204.0;   -999;   -999;-999;eor
  5559;19141001;19141031;   5;   2;    47.0;   -999;   -999;-999;eor
  5559;19141101;19141130;   5;   2;    94.0;   -999;   -999;-999;eor
  5559;19141201;19141231;   5;   2;   111.0;   -999;   -999;-999;eor
  5559;19150101;19150131;   5;   2;   200.0;   -999;   -999;-999;eor
  5559;19150201;19150228;   5;   2;    53.0;   -999;   -999;-999;eor
  5559;19150301;19150331;   5;   2;   175.0;   -999;   -999;-999;eor
  5559;19150401;19150430;   5;   2;    72.0;   -999;   -999;-999;eor
  5559;19150501;19150531;   5;   2;    80.0;   -999;   -999;-999;eor
  5559;19150601;19150630;   5;   2;    78.0;   -999;   -999;-999;eor
  5559;19150701;19150731;   5;   2;    82.0;   -999;   -999;-999;eor
  5559;19150801;19150831;   5;   2;   107.0;   -999;   -999;-999;eor
  5559;19150901;19150930;   5;   2;    57.0;   -999;   -999;-999;eor
  5559;19151001;19151031;   5;   2;    33.0;   -999;   -999;-999;eor
  5559;19151101;19151130;   5;   2;   116.0;   -999;   -999;-999;eor
  5559;19151201;19151231;   5;   2;   277.0;   -999;   -999;-999;eor
  5559;19160101;19160131;   5;   2;   119.0;   -999;   -999;-999;eor
  5559;19160201;19160229;   5;   2;   193.0;   -999;   -999;-999;eor
  5559;19160301;19160331;   5;   2;    63.0;   -999;   -999;-999;eor
  5559;19160401;19160430;   5;   2;   180.0;   -999;   -999;-999;eor
  5559;19160501;19160531;   5;   2;    76.0;   -999;   -999;-999;eor
  5559;19160601;19160630;   5;   2;   109.0;   -999;   -999;-999;eor
  5559;19160701;19160731;   5;   2;   112.0;   -999;   -999;-999;eor
  5559;19160801;19160831;   5;   2;    82.0;   -999;   -999;-999;eor
  5559;19160901;19160930;   5;   2;    94.0;   -999;   -999;-999;eor
  5559;19161001;19161031;   5;   2;   116.0;   -999;   -999;-999;eor
  5559;19161101;19161130;   5;   2;    74.0;   -999;   -999;-999;eor
  5559;19161201;19161231;   5;   2;   131.0;   -999;   -999;-999;eor
  5559;19170101;19170131;   5;   2;   128.0;   -999;   -999;-999;eor
  5559;19170201;19170228;   5;   2;    25.0;   -999;   -999;-999;eor
  5559;19170301;19170331;   5;   2;   110.0;   -999;   -999;-999;eor
  5559;19170401;19170430;   5;   2;    99.0;   -999;   -999;-999;eor
  5559;19170501;19170531;   5;   2;    54.0;   -999;   -999;-999;eor
  5559;19170601;19170630;   5;   2;   130.0;   -999;   -999;-999;eor
  5559;19170701;19170731;   5;   2;    95.0;   -999;   -999;-999;eor
  5559;19170801;19170831;   5;   2;   125.0;   -999;   -999;-999;eor
  5559;19170901;19170930;   5;   2;    47.0;   -999;   -999;-999;eor
  5559;19171001;19171031;   5;   2;   179.0;   -999;   -999;-999;eor
  5559;19171101;19171130;   5;   2;    97.0;   -999;   -999;-999;eor
  5559;19171201;19171231;   5;   2;    66.0;   -999;   -999;-999;eor
  5559;19180101;19180131;   5;   2;    98.0;   -999;   -999;-999;eor
  5559;19180201;19180228;   5;   2;    36.0;   -999;   -999;-999;eor
  5559;19180301;19180331;   5;   2;    39.0;   -999;   -999;-999;eor
  5559;19180401;19180430;   5;   2;    88.0;   -999;   -999;-999;eor
  5559;19180501;19180531;   5;   2;    51.0;   -999;   -999;-999;eor
  5559;19180601;19180630;   5;   2;    61.0;   -999;   -999;-999;eor
  5559;19180701;19180731;   5;   2;   106.0;   -999;   -999;-999;eor
  5559;19180801;19180831;   5;   2;    66.0;   -999;   -999;-999;eor
  5559;19180901;19180930;   5;   2;   179.0;   -999;   -999;-999;eor
  5559;19181001;19181031;   5;   2;    40.0;   -999;   -999;-999;eor
  5559;19181101;19181130;   5;   2;    45.0;   -999;   -999;-999;eor
  5559;19181201;19181231;   5;   2;   252.0;   -999;   -999;-999;eor
  5559;19190101;19190131;   5;   2;    38.0;   -999;   -999;-999;eor
  5559;19190201;19190228;   5;   2;    64.0;   -999;   -999;-999;eor
  5559;19190301;19190331;   5;   2;   104.0;   -999;   -999;-999;eor
  5559;19190401;19190430;   5;   2;   130.0;   -999;   -999;-999;eor
  5559;19190501;19190531;   5;   2;    18.0;   -999;   -999;-999;eor
  5559;19190601;19190630;   5;   2;   124.0;   -999;   -999;-999;eor
  5559;19190701;19190731;   5;   2;   140.0;   -999;   -999;-999;eor
  5559;19190801;19190831;   5;   2;    44.0;   -999;   -999;-999;eor
  5559;19190901;19190930;   5;   2;    85.0;   -999;   -999;-999;eor
  5559;19191001;19191031;   5;   2;    65.0;   -999;   -999;-999;eor
  5559;19191101;19191130;   5;   2;   155.0;   -999;   -999;-999;eor
  5559;19191201;19191231;   5;   2;   313.0;   -999;   -999;-999;eor
  5559;19200101;19200131;   5;   2;   195.0;   -999;   -999;-999;eor
  5559;19200201;19200229;   5;   2;    87.0;   -999;   -999;-999;eor
  5559;19200301;19200331;   5;   2;    54.0;   -999;   -999;-999;eor
  5559;19200401;19200430;   5;   2;    89.0;   -999;   -999;-999;eor
  5559;19200501;19200531;   5;   2;    86.0;   -999;   -999;-999;eor
  5559;19200601;19200630;   5;   2;    82.0;   -999;   -999;-999;eor
  5559;19200701;19200731;   5;   2;   100.0;   -999;   -999;-999;eor
  5559;19200801;19200831;   5;   2;    75.0;   -999;   -999;-999;eor
  5559;19200901;19200930;   5;   2;   177.0;   -999;   -999;-999;eor
  5559;19201001;19201031;   5;   2;    40.0;   -999;   -999;-999;eor
  5559;19201101;19201130;   5;   2;    24.0;   -999;   -999;-999;eor
  5559;19201201;19201231;   5;   2;    77.0;   -999;   -999;-999;eor
  5559;19380101;19380131;   5;   2;   198.0;   -999;   -999;-999;eor
  5559;19380201;19380228;   5;   2;   109.0;   -999;   -999;-999;eor
  5559;19380301;19380331;   5;   2;    39.0;   -999;   -999;-999;eor
  5559;19380401;19380430;   5;   2;    65.0;   -999;   -999;-999;eor
  5559;19380501;19380531;   5;   2;    96.0;   -999;   -999;-999;eor
  5559;19380601;19380630;   5;   2;   118.0;   -999;   -999;-999;eor
  5559;19380701;19380731;   5;   2;   128.0;   -999;   -999;-999;eor
  5559;19380801;19380831;   5;   2;   110.0;   -999;   -999;-999;eor
  5559;19380901;19380930;   5;   2;    83.0;   -999;   -999;-999;eor
  5559;19381001;19381031;   5;   2;    83.0;   -999;   -999;-999;eor
  5559;19381101;19381130;   5;   2;    58.0;   -999;   -999;-999;eor
  5559;19381201;19381231;   5;   2;    68.0;   -999;   -999;-999;eor
  5559;19390101;19390131;   5;   2;   187.0;   -999;   -999;-999;eor
  5559;19390201;19390228;   5;   2;    40.0;   -999;   -999;-999;eor
  5559;19390301;19390331;   5;   2;   194.0;   -999;   -999;-999;eor
  5559;19390401;19390430;   5;   2;   108.0;   -999;   -999;-999;eor
  5559;19390501;19390531;   5;   2;   133.0;   -999;   -999;-999;eor
  5559;19390601;19390630;   5;   2;    59.0;   -999;   -999;-999;eor
  5559;19390701;19390731;   5;   2;    96.0;   -999;   -999;-999;eor
  5559;19390801;19390831;   5;   2;    60.0;   -999;   -999;-999;eor
  5559;19390901;19390930;   5;   2;   192.0;   -999;   -999;-999;eor
  5559;19391001;19391031;   5;   2;   233.0;   -999;   -999;-999;eor
  5559;19391101;19391130;   5;   2;   158.0;   -999;   -999;-999;eor
  5559;19391201;19391231;   5;   2;    56.0;   -999;   -999;-999;eor
  5559;19400101;19400131;   5;   2;    39.0;   -999;   -999;-999;eor
  5559;19400201;19400229;   5;   2;    94.0;   -999;   -999;-999;eor
  5559;19400301;19400331;   5;   2;   151.0;   -999;   -999;-999;eor
  5559;19400401;19400430;   5;   2;   102.0;   -999;   -999;-999;eor
  5559;19400501;19400531;   5;   2;    52.0;   -999;   -999;-999;eor
  5559;19400601;19400630;   5;   2;   143.0;   -999;   -999;-999;eor
  5559;19400701;19400731;   5;   2;   144.0;   -999;   -999;-999;eor
  5559;19400801;19400831;   5;   2;   161.0;   -999;   -999;-999;eor
  5559;19400901;19400930;   5;   2;   194.0;   -999;   -999;-999;eor
  5559;19401001;19401031;   5;   2;    50.0;   -999;   -999;-999;eor
  5559;19401101;19401130;   5;   2;   156.0;   -999;   -999;-999;eor
  5559;19401201;19401231;   5;   2;    98.0;   -999;   -999;-999;eor
  5559;19410101;19410131;   5;   2;   186.0;   -999;   -999;-999;eor
  5559;19410201;19410228;   5;   2;    99.0;   -999;   -999;-999;eor
  5559;19410301;19410331;   5;   2;   191.0;   -999;   -999;-999;eor
  5559;19410401;19410430;   5;   2;    52.0;   -999;   -999;-999;eor
  5559;19410501;19410531;   5;   2;    98.0;   -999;   -999;-999;eor
  5559;19410601;19410630;   5;   2;   122.0;   -999;   -999;-999;eor
  5559;19410701;19410731;   5;   2;    46.0;   -999;   -999;-999;eor
  5559;19410801;19410831;   5;   2;   115.0;   -999;   -999;-999;eor
  5559;19410901;19410930;   5;   2;    44.0;   -999;   -999;-999;eor
  5559;19411001;19411031;   5;   2;   192.0;   -999;   -999;-999;eor
  5559;19411101;19411130;   5;   2;    55.0;   -999;   -999;-999;eor
  5559;19411201;19411231;   5;   2;   120.0;   -999;   -999;-999;eor
  5559;19420101;19420131;   5;   2;   100.0;   -999;   -999;-999;eor
  5559;19420201;19420228;   5;   2;    94.0;   -999;   -999;-999;eor
  5559;19420301;19420331;   5;   2;    85.0;   -999;   -999;-999;eor
  5559;19420401;19420430;   5;   2;    65.0;   -999;   -999;-999;eor
  5559;19420501;19420531;   5;   2;   109.0;   -999;   -999;-999;eor
  5559;19420601;19420630;   5;   2;    54.0;   -999;   -999;-999;eor
  5559;19420701;19420731;   5;   2;   247.0;   -999;   -999;-999;eor
  5559;19420801;19420831;   5;   2;    33.0;   -999;   -999;-999;eor
  5559;19420901;19420930;   5;   2;    91.0;   -999;   -999;-999;eor
  5559;19421001;19421031;   5;   2;    92.0;   -999;   -999;-999;eor
  5559;19421101;19421130;   5;   2;    71.0;   -999;   -999;-999;eor
  5559;19421201;19421231;   5;   2;    45.0;   -999;   -999;-999;eor
  5559;19430101;19430131;   5;   2;   116.0;   -999;   -999;-999;eor
  5559;19430201;19430228;   5;   2;    63.0;   -999;   -999;-999;eor
  5559;19430301;19430331;   5;   2;    37.0;   -999;   -999;-999;eor
  5559;19430401;19430430;   5;   2;   182.0;   -999;   -999;-999;eor
  5559;19430501;19430531;   5;   2;    84.0;   -999;   -999;-999;eor
  5559;19430601;19430630;   5;   2;    88.0;   -999;   -999;-999;eor
  5559;19430701;19430731;   5;   2;    99.0;   -999;   -999;-999;eor
  5559;19430801;19430831;   5;   2;    68.0;   -999;   -999;-999;eor
  5559;19430901;19430930;   5;   2;    90.0;   -999;   -999;-999;eor
  5559;19431001;19431031;   5;   2;     3.0;   -999;   -999;-999;eor
  5559;19431101;19431130;   5;   2;   148.0;   -999;   -999;-999;eor
  5559;19431201;19431231;   5;   2;    57.0;   -999;   -999;-999;eor
  5559;19440101;19440131;   5;   2;   153.0;   -999;   -999;-999;eor
  5559;19440201;19440229;   5;   2;   130.0;   -999;   -999;-999;eor
  5559;19440301;19440331;   5;   2;   101.0;   -999;   -999;-999;eor
  5559;19440401;19440430;   5;   2;    74.0;   -999;   -999;-999;eor
  5559;19440501;19440531;   5;   2;    50.0;   -999;   -999;-999;eor
  5559;19440601;19440630;   5;   2;    97.0;   -999;   -999;-999;eor
  5559;19440701;19440731;   5;   2;   145.0;   -999;   -999;-999;eor
  5559;19440801;19440831;   5;   2;    43.0;   -999;   -999;-999;eor
  5559;19440901;19440930;   5;   2;   109.0;   -999;   -999;-999;eor
  5559;19441001;19441031;   5;   2;   109.0;   -999;   -999;-999;eor
  5559;19441101;19441130;   5;   2;   292.0;   -999;   -999;-999;eor
  5559;19441201;19441231;   5;   2;   122.0;   -999;   -999;-999;eor
  5559;19450101;19450131;   5;   2;    72.0;   -999;   -999;-999;eor
  5559;19450201;19450228;   5;   2;   119.0;   -999;   -999;-999;eor
  5559;19450301;19450331;   5;   2;    69.0;   -999;   -999;-999;eor
  5559;19450401;19450430;   5;   2;    80.0;   -999;   -999;-999;eor
  5559;19450501;19450531;   5;   2;    46.0;   -999;   -999;-999;eor
  5559;19450601;19450630;   5;   2;    48.0;   -999;   -999;-999;eor
  5559;19450701;19450731;   5;   2;    58.0;   -999;   -999;-999;eor
  5559;19450801;19450831;   5;   2;   160.0;   -999;   -999;-999;eor
  5559;19450901;19450930;   5;   2;   125.0;   -999;   -999;-999;eor
  5559;19451001;19451031;   5;   2;    45.0;   -999;   -999;-999;eor
  5559;19451101;19451130;   5;   2;    75.0;   -999;   -999;-999;eor
  5559;19451201;19451231;   5;   2;   110.0;   -999;   -999;-999;eor
  5559;19460101;19460131;   5;   2;    85.0;   -999;   -999;-999;eor
  5559;19460201;19460228;   5;   2;   135.0;   -999;   -999;-999;eor
  5559;19460301;19460331;   5;   2;    35.0;   -999;   -999;-999;eor
  5559;19460401;19460430;   5;   2;    15.0;   -999;   -999;-999;eor
  5559;19460501;19460531;   5;   2;    95.0;   -999;   -999;-999;eor
  5559;19460601;19460630;   5;   2;   225.0;   -999;   -999;-999;eor
  5559;19460701;19460731;   5;   2;    69.0;   -999;   -999;-999;eor
  5559;19460801;19460831;   5;   2;    80.0;   -999;   -999;-999;eor
  5559;19460901;19460930;   5;   2;    65.0;   -999;   -999;-999;eor
  5559;19461001;19461031;   5;   2;    76.0;   -999;   -999;-999;eor
  5559;19461101;19461130;   5;   2;    58.0;   -999;   -999;-999;eor
  5559;19461201;19461231;   5;   2;    47.0;   -999;   -999;-999;eor
  5559;19470101;19470131;   5;   2;    50.0;   -999;   -999;-999;eor
  5559;19470201;19470228;   5;   2;    53.0;   -999;   -999;-999;eor
  5559;19470301;19470331;   5;   2;   182.0;   -999;   -999;-999;eor
  5559;19470401;19470430;   5;   2;    86.0;   -999;   -999;-999;eor
  5559;19470501;19470531;   5;   2;    88.0;   -999;   -999;-999;eor
  5559;19470601;19470630;   5;   2;    73.0;   -999;   -999;-999;eor
  5559;19470701;19470731;   5;   2;    60.0;   -999;   -999;-999;eor
  5559;19470801;19470831;   5;   2;    18.0;   -999;   -999;-999;eor
  5559;19470901;19470930;   5;   2;    34.0;   -999;   -999;-999;eor
  5559;19471001;19471031;   5;   2;    33.0;   -999;   -999;-999;eor
  5559;19471101;19471130;   5;   2;   287.0;   -999;   -999;-999;eor
  5559;19471201;19471231;   5;   2;   293.0;   -999;   -999;-999;eor
  5559;19480101;19480131;   5;   2;   259.0;   -999;   -999;-999;eor
  5559;19480201;19480229;   5;   2;   177.0;   -999;   -999;-999;eor
  5559;19480301;19480331;   5;   2;    98.0;   -999;   -999;-999;eor
  5559;19480401;19480430;   5;   2;    86.0;   -999;   -999;-999;eor
  5559;19480501;19480531;   5;   2;    65.0;   -999;   -999;-999;eor
  5559;19480601;19480630;   5;   2;   150.0;   -999;   -999;-999;eor
  5559;19480701;19480731;   5;   2;   175.0;   -999;   -999;-999;eor
  5559;19480801;19480831;   5;   2;   126.0;   -999;   -999;-999;eor
  5559;19480901;19480930;   5;   2;    31.0;   -999;   -999;-999;eor
  5559;19481001;19481031;   5;   2;    33.0;   -999;   -999;-999;eor
  5559;19481101;19481130;   5;   2;    33.0;   -999;   -999;-999;eor
  5559;19481201;19481231;   5;   2;    52.0;   -999;   -999;-999;eor
  5559;19490101;19490131;   5;   2;   109.5;   -999;   -999;   23.2;eor
  5559;19490201;19490228;   5;   2;    67.7;   -999;   -999;   26.2;eor
  5559;19490301;19490331;   5;   2;   113.9;   -999;   -999;   23.5;eor
  5559;19490401;19490430;   5;   2;    97.9;   -999;      0;   15.8;eor
  5559;19490501;19490531;   5;   2;   111.3;   -999;      0;   17.9;eor
  5559;19490601;19490630;   5;   2;    31.1;   -999;      0;    9.6;eor
  5559;19490701;19490731;   5;   2;    12.9;   -999;      0;    5.5;eor
  5559;19490801;19490831;   5;   2;    81.2;   -999;      0;   25.7;eor
  5559;19490901;19490930;   5;   2;    27.2;   -999;      0;   16.7;eor
  5559;19491001;19491031;   5;   2;    42.4;   -999;   -999;   22.3;eor
  5559;19491101;19491130;   5;   2;   125.1;   -999;   -999;   22.3;eor
  5559;19491201;19491231;   5;   2;   148.3;   -999;   -999;   24.8;eor
  5559;19500101;19500131;   5;   2;    73.7;   -999;   -999;   23.8;eor
  5559;19500201;19500228;   5;   2;   214.9;   -999;     52;   39.0;eor
  5559;19500301;19500331;   5;   2;    32.7;   -999;     32;   13.5;eor
  5559;19500401;19500430;   5;   2;   134.1;   -999;      0;   19.3;eor
  5559;19500501;19500531;   5;   2;   100.0;   -999;      0;   16.8;eor
  5559;19500601;19500630;   5;   2;   102.3;   -999;      0;   21.2;eor
  5559;19500701;19500731;   5;   2;   111.7;   -999;      0;   25.0;eor
  5559;19500801;19500831;   5;   2;   161.5;   -999;      0;   33.2;eor
  5559;19500901;19500930;   5;   2;   134.0;   -999;   -999;   18.7;eor
  5559;19501001;19501031;   5;   2;    42.1;   -999;   -999;    8.0;eor
  5559;19501101;19501130;   5;   2;   296.9;   -999;   -999;   45.6;eor
  5559;19501201;19501231;   5;   2;    79.3;   -999;   -999;   28.3;eor
  5559;19510101;19510131;   5;   2;   250.8;   -999;   -999;   85.1;eor
  5559;19510201;19510228;   5;   2;    72.7;   -999;   -999;   29.5;eor
  5559;19510301;19510331;   5;   2;   160.9;   -999;   -999;   25.5;eor
  5559;19510401;19510430;   5;   2;    54.6;   -999;   -999;   15.7;eor
  5559;19510501;19510531;   5;   2;    85.9;   -999;   -999;   13.0;eor
  5559;19510601;19510630;   5;   2;   131.1;   -999;   -999;   16.1;eor
  5559;19510701;19510731;   5;   2;    89.1;   -999;   -999;   20.9;eor
  5559;19510801;19510831;   5;   2;   103.2;   -999;   -999;   16.1;eor
  5559;19510901;19510930;   5;   2;    92.1;   -999;   -999;   15.2;eor
  5559;19511001;19511031;   5;   2;    47.8;   -999;   -999;   23.6;eor
  5559;19511101;19511130;   5;   2;   243.3;   -999;   -999;   46.5;eor
  5559;19511201;19511231;   5;   2;    92.3;   -999;   -999;   20.4;eor
  5559;19520101;19520131;   5;   2;   168.7;   -999;   -999;   30.0;eor
  5559;19520201;19520229;   5;   2;   110.2;   -999;   1017;   28.7;eor
  5559;19520301;19520331;   5;   2;   182.2;   -999;   -999;   28.6;eor
  5559;19520401;19520430;   5;   2;    28.4;   -999;   -999;   13.3;eor
  5559;19520501;19520531;   5;   2;    61.2;   -999;   -999;   24.7;eor
  5559;19520601;19520630;   5;   2;    64.4;   -999;   -999;   29.5;eor
  5559;19520701;19520731;   5;   2;    35.0;   -999;   -999;   11.0;eor
  5559;19520801;19520831;   5;   2;    70.7;   -999;   -999;   30.3;eor
  5559;19520901;19520930;   5;   2;   173.0;   -999;   -999;   24.8;eor
  5559;19521001;19521031;   5;   2;   189.4;   -999;   -999;   19.2;eor
  5559;19521101;19521130;   5;   2;   345.4;   -999;   -999;   41.4;eor
  5559;19521201;19521231;   5;   2;   138.7;   -999;   -999;   32.1;eor
  5559;19530101;19530131;   5;   2;    51.9;   -999;   -999;   26.6;eor
  5559;19530201;19530228;   5;   2;   122.0;   -999;   1273;   25.0;eor
  5559;19530301;19530331;   5;   2;    10.4;   -999;   -999;    6.7;eor
  5559;19530401;19530430;   5;   2;    57.2;   -999;   -999;   12.6;eor
  5559;19530501;19530531;   5;   2;   139.4;   -999;   -999;   41.0;eor
  5559;19530601;19530630;   5;   2;   242.0;   -999;   -999;   39.8;eor
  5559;19530701;19530731;   5;   2;   174.1;   -999;   -999;   26.0;eor
  5559;19530801;19530831;   5;   2;    43.6;   -999;   -999;   21.5;eor
  5559;19530901;19530930;   5;   2;    55.4;   -999;   -999;   12.2;eor
  5559;19531001;19531031;   5;   2;    35.9;   -999;      0;   14.5;eor
  5559;19531101;19531130;   5;   2;     9.9;   -999;      0;    4.2;eor
  5559;19531201;19531231;   5;   2;    46.0;   -999;     20;   12.1;eor
  5559;19540101;19540131;   5;   2;   149.7;   -999;    295;   33.3;eor
  5559;19540201;19540228;   5;   2;    62.9;   -999;     34;   15.2;eor
  5559;19540301;19540331;   5;   2;    39.8;   -999;     20;   14.0;eor
  5559;19540401;19540430;   5;   2;   119.6;   -999;      0;   25.8;eor
  5559;19540501;19540531;   5;   2;    55.7;   -999;      0;   12.9;eor
  5559;19540601;19540630;   5;   2;    90.5;   -999;      0;   26.8;eor
  5559;19540701;19540731;   5;   2;   170.4;   -999;      0;   35.8;eor
  5559;19540801;19540831;   5;   2;   146.7;   -999;      0;   29.6;eor
  5559;19540901;19540930;   5;   2;   216.2;   -999;      0;   31.9;eor
  5559;19541001;19541031;   5;   2;   100.4;   -999;      0;   23.6;eor
  5559;19541101;19541130;   5;   2;    58.9;   -999;      0;   13.7;eor
  5559;19541201;19541231;   5;   2;   199.9;   -999;      7;   30.4;eor
  5559;19550101;19550131;   5;   2;   192.5;   -999;     19;   58.6;eor
  5559;19550201;19550228;   5;   2;   166.4;   -999;    207;   29.4;eor
  5559;19550301;19550331;   5;   2;    64.3;   -999;     91;   13.8;eor
  5559;19550401;19550430;   5;   2;    69.8;   -999;      0;   25.2;eor
  5559;19550501;19550531;   5;   2;   175.3;   -999;      0;   36.7;eor
  5559;19550601;19550630;   5;   2;   151.6;   -999;      0;   29.3;eor
  5559;19550701;19550731;   5;   2;   200.5;   -999;      0;   61.2;eor
  5559;19550801;19550831;   5;   2;   115.2;   -999;      0;   38.5;eor
  5559;19550901;19550930;   5;   2;   112.6;   -999;      0;   39.5;eor
  5559;19551001;19551031;   5;   2;    49.4;   -999;      0;    9.8;eor
  5559;19551101;19551130;   5;   2;    23.2;   -999;      9;    9.2;eor
  5559;19551201;19551231;   5;   2;   210.2;   -999;     23;   34.5;eor
  5559;19560101;19560131;   5;   2;   149.1;   -999;     15;   42.1;eor
  5559;19560201;19560229;   5;   2;    37.1;   -999;    253;   10.5;eor
  5559;19560301;19560331;   5;   2;   177.4;   -999;      5;   86.9;eor
  5559;19560401;19560430;   5;   2;   106.0;   -999;     22;   42.6;eor
  5559;19560501;19560531;   5;   2;    99.4;   -999;      0;   23.4;eor
  5559;19560601;19560630;   5;   2;    91.2;   -999;      0;   26.8;eor
  5559;19560701;19560731;   5;   2;    76.0;   -999;      0;   15.9;eor
  5559;19560801;19560831;   5;   2;   181.5;   -999;      0;   29.7;eor
  5559;19560901;19560930;   5;   2;    97.9;   -999;      0;   34.1;eor
  5559;19561001;19561031;   5;   2;   177.9;   -999;      6;   36.1;eor
  5559;19561101;19561130;   5;   2;   113.5;   -999;      7;   40.4;eor
  5559;19561201;19561231;   5;   2;    44.7;   -999;     36;   10.3;eor
  5559;19570101;19570131;   5;   2;    80.5;   -999;    294;   19.2;eor
  5559;19570201;19570228;   5;   2;   262.4;   -999;      4;   61.7;eor
  5559;19570301;19570331;   5;   2;    60.1;   -999;      0;   15.8;eor
  5559;19570401;19570430;   5;   2;    54.8;   -999;      5;   14.2;eor
  5559;19570501;19570531;   5;   2;    72.1;   -999;      6;   15.0;eor
  5559;19570601;19570630;   5;   2;   189.9;   -999;      0;   26.4;eor
  5559;19570701;19570731;   5;   2;   114.9;   -999;      0;   13.6;eor
  5559;19570801;19570831;   5;   2;   113.8;   -999;      0;   18.2;eor
  5559;19570901;19570930;   5;   2;   181.7;   -999;      0;   29.6;eor
  5559;19571001;19571031;   5;   2;    20.8;   -999;      0;    7.8;eor
  5559;19571101;19571130;   5;   2;    26.4;   -999;      0;    8.7;eor
  5559;19571201;19571231;   5;   2;    80.9;   -999;      0;   26.0;eor
  5559;19580101;19580131;   5;   2;   184.8;   -999;    407;   43.1;eor
  5559;19580201;19580228;   5;   2;   343.4;   -999;    351;   59.4;eor
  5559;19580301;19580331;   5;   2;    62.2;   -999;     74;   17.2;eor
  5559;19580401;19580430;   5;   2;   111.5;   -999;     21;   24.9;eor
  5559;19580501;19580531;   5;   2;   137.9;   -999;      0;   34.2;eor
  5559;19580601;19580630;   5;   2;   102.3;   -999;      0;   22.3;eor
  5559;19580701;19580731;   5;   2;    97.1;   -999;      0;   17.6;eor
  5559;19580801;19580831;   5;   2;    89.7;   -999;      0;   14.7;eor
  5559;19580901;19580930;   5;   2;    56.5;   -999;      0;   19.6;eor
  5559;19581001;19581031;   5;   2;   107.3;   -999;      0;   16.5;eor
  5559;19581101;19581130;   5;   2;    53.3;   -999;      0;   15.6;eor
  5559;19581201;19581231;   5;   2;   161.7;   -999;      0;   27.5;eor
  5559;19590101;19590131;   5;   2;   168.7;   -999;    452;   35.4;eor
  5559;19590201;19590228;   5;   2;     9.4;   -999;      0;    7.5;eor
  5559;19590301;19590331;   5;   2;    50.0;   -999;      0;    9.0;eor
  5559;19590401;19590430;   5;   2;   139.1;   -999;      0;   35.6;eor
  5559;19590501;19590531;   5;   2;    73.3;   -999;      0;   22.9;eor
  5559;19590601;19590630;   5;   2;    72.7;   -999;      0;   10.8;eor
  5559;19590701;19590731;   5;   2;    83.3;   -999;      0;   24.6;eor
  5559;19590801;19590831;   5;   2;    81.7;   -999;      0;   47.2;eor
  5559;19590901;19590930;   5;   2;     7.0;   -999;      0;    5.6;eor
  5559;19591001;19591031;   5;   2;   101.0;   -999;      0;   31.6;eor
  5559;19591101;19591130;   5;   2;    22.2;   -999;      0;    4.2;eor
  5559;19591201;19591231;   5;   2;   113.4;   -999;      0;   19.5;eor
  5559;19600101;19600131;   5;   2;    86.2;     21;     97;   11.8;eor
  5559;19600201;19600229;   5;   2;   109.9;     26;     94;   26.4;eor
  5559;19600301;19600331;   5;   2;    41.7;      0;      0;    8.0;eor
  5559;19600401;19600430;   5;   2;    43.4;      0;      0;    6.7;eor
  5559;19600501;19600531;   5;   2;   134.4;      0;      0;   57.2;eor
  5559;19600601;19600630;   5;   2;    86.7;      0;      0;   36.2;eor
  5559;19600701;19600731;   5;   2;   137.5;      0;      0;   24.2;eor
  5559;19600801;19600831;   5;   2;   188.1;      0;      0;   28.3;eor
  5559;19600901;19600930;   5;   2;    24.5;      0;      0;    4.8;eor
  5559;19601001;19601031;   5;   2;   192.6;      0;      0;   52.9;eor
  5559;19601101;19601130;   5;   2;   111.6;      0;      0;   20.2;eor
  5559;19601201;19601231;   5;   2;    63.0;      4;      4;   20.9;eor
  5559;19610101;19610131;   5;   2;   151.9;     13;     37;   26.7;eor
  5559;19610201;19610228;   5;   2;   134.6;      0;      0;   35.1;eor
  5559;19610301;19610331;   5;   2;    68.7;      0;      0;   10.8;eor
  5559;19610401;19610430;   5;   2;   103.2;      0;      0;   17.9;eor
  5559;19610501;19610531;   5;   2;   127.4;      0;      0;   22.0;eor
  5559;19610601;19610630;   5;   2;   112.6;      0;      0;   22.8;eor
  5559;19610701;19610731;   5;   2;   168.1;      0;      0;   28.1;eor
  5559;19610801;19610831;   5;   2;   125.1;      0;      0;   24.2;eor
  5559;19610901;19610930;   5;   2;    70.7;      0;      0;   26.3;eor
  5559;19611001;19611031;   5;   2;    62.0;      0;      0;   24.6;eor
  5559;19611101;19611130;   5;   2;    61.6;      0;      0;   19.0;eor
  5559;19611201;19611231;   5;   2;   178.1;      6;     16;   39.9;eor
  5559;19620101;19620131;   5;   2;   176.7;     10;     35;   43.3;eor
  5559;19620201;19620228;   5;   2;   127.3;     32;     67;   30.0;eor
  5559;19620301;19620331;   5;   2;   148.0;     21;     33;   30.6;eor
  5559;19620401;19620430;   5;   2;   155.9;      0;      0;   31.3;eor
  5559;19620501;19620531;   5;   2;   168.0;      0;      0;   33.4;eor
  5559;19620601;19620630;   5;   2;    50.1;      0;      0;   27.8;eor
  5559;19620701;19620731;   5;   2;    90.6;      0;      0;   32.8;eor
  5559;19620801;19620831;   5;   2;    60.0;      0;      0;   15.8;eor
  5559;19620901;19620930;   5;   2;    59.1;      0;      0;   15.7;eor
  5559;19621001;19621031;   5;   2;     9.0;      0;      0;    4.4;eor
  5559;19621101;19621130;   5;   2;    36.6;     20;     76;    8.4;eor
  5559;19621201;19621231;   5;   2;   183.4;     23;    193;   38.2;eor
  5559;19630101;19630131;   5;   2;    27.7;     28;    284;    5.2;eor
  5559;19630201;19630228;   5;   2;    21.5;     19;    467;    5.7;eor
  5559;19630301;19630331;   5;   2;   117.6;      0;     75;   31.6;eor
  5559;19630401;19630430;   5;   2;    51.0;      0;      0;   13.0;eor
  5559;19630501;19630531;   5;   2;    34.7;      0;      0;   11.9;eor
  5559;19630601;19630630;   5;   2;   141.8;      0;      0;   35.9;eor
  5559;19630701;19630731;   5;   2;    75.8;      0;      0;   31.7;eor
  5559;19630801;19630831;   5;   2;   220.1;      0;      0;   41.8;eor
  5559;19630901;19630930;   5;   2;    29.7;      0;      0;    6.7;eor
  5559;19631001;19631031;   5;   2;    70.2;      0;      0;   29.3;eor
  5559;19631101;19631130;   5;   2;   264.6;      0;      0;   57.0;eor
  5559;19631201;19631231;   5;   2;     2.9;      4;     26;    2.7;eor
  5559;19640101;19640131;   5;   2;    28.2;      6;     26;   17.5;eor
  5559;19640201;19640229;   5;   2;   114.3;      8;     19;   39.3;eor
  5559;19640301;19640331;   5;   2;    88.2;     14;     36;   24.6;eor
  5559;19640401;19640430;   5;   2;    81.6;      0;      0;   24.6;eor
  5559;19640501;19640531;   5;   2;   146.4;      0;      0;   46.9;eor
  5559;19640601;19640630;   5;   2;    68.4;      0;      0;   21.2;eor
  5559;19640701;19640731;   5;   2;     5.8;      0;      0;    2.5;eor
  5559;19640801;19640831;   5;   2;    82.8;      0;      0;   26.2;eor
  5559;19640901;19640930;   5;   2;    72.1;      0;      0;   19.9;eor
  5559;19641001;19641031;   5;   2;    83.3;      0;      0;   25.5;eor
  5559;19641101;19641130;   5;   2;   169.1;      0;      0;   55.7;eor
  5559;19641201;19641231;   5;   2;    56.4;     25;     77;   13.5;eor
  5559;19650101;19650131;   5;   2;   172.8;     11;     17;   30.2;eor
  5559;19650201;19650228;   5;   2;    69.5;     43;    381;   16.8;eor
  5559;19650301;19650331;   5;   2;   142.4;     24;     96;   22.5;eor
  5559;19650401;19650430;   5;   2;   191.4;      0;      0;   24.6;eor
  5559;19650501;19650531;   5;   2;   203.5;      0;      0;   32.8;eor
  5559;19650601;19650630;   5;   2;   178.9;      0;      0;   38.1;eor
  5559;19650701;19650731;   5;   2;   149.7;      0;      0;   38.2;eor
  5559;19650801;19650831;   5;   2;    76.4;      0;      0;   18.8;eor
  5559;19650901;19650930;   5;   2;   113.6;      0;      0;   19.7;eor
  5559;19651001;19651031;   5;   2;    10.3;      0;      0;    5.4;eor
  5559;19651101;19651130;   5;   2;   183.6;      0;      0;   27.0;eor
  5559;19651201;19651231;   5;   2;   213.2;     10;     20;   22.5;eor
  5559;19660101;19660131;   5;   2;   103.2;     12;     97;   21.9;eor
  5559;19660201;19660228;   5;   2;    99.9;      0;      0;   37.5;eor
  5559;19660301;19660331;   5;   2;   141.6;     11;     17;   16.7;eor
  5559;19660401;19660430;   5;   2;    68.9;      0;      0;   11.2;eor
  5559;19660501;19660531;   5;   2;    96.3;      0;      0;   16.9;eor
  5559;19660601;19660630;   5;   2;   106.1;      0;      0;   22.5;eor
  5559;19660701;19660731;   5;   2;    97.3;      0;      0;   20.9;eor
  5559;19660801;19660831;   5;   2;   163.7;      0;      0;   26.3;eor
  5559;19660901;19660930;   5;   2;    80.5;      0;      0;   28.2;eor
  5559;19661001;19661031;   5;   2;    55.9;      0;      0;    9.4;eor
  5559;19661101;19661130;   5;   2;    96.8;      2;      0;   19.0;eor
  5559;19661201;19661231;   5;   2;   279.0;     19;     54;   58.2;eor
  5559;19670101;19670131;   5;   2;   109.0;     19;    141;   44.7;eor
  5559;19670201;19670228;   5;   2;    93.6;      2;      2;   25.0;eor
  5559;19670301;19670331;   5;   2;   183.2;      4;      5;   27.4;eor
  5559;19670401;19670430;   5;   2;    89.5;      2;      2;   16.8;eor
  5559;19670501;19670531;   5;   2;   124.0;      0;      0;   20.6;eor
  5559;19670601;19670630;   5;   2;   105.6;      0;      0;   23.6;eor
  5559;19670701;19670731;   5;   2;    50.6;      0;      0;   26.5;eor
  5559;19670801;19670831;   5;   2;   145.3;      0;      0;   53.7;eor
  5559;19670901;19670930;   5;   2;    83.1;      0;      0;   25.3;eor
  5559;19671001;19671031;   5;   2;    93.8;      0;      0;   24.9;eor
  5559;19671101;19671130;   5;   2;    67.6;      0;      0;   10.5;eor
  5559;19671201;19671231;   5;   2;   145.9;     16;     74;   43.1;eor
  5559;19680101;19680131;   5;   2;   209.4;    103;    467;   33.5;eor
  5559;19680201;19680229;   5;   2;    71.9;     12;     24;   17.9;eor
  5559;19680301;19680331;   5;   2;   116.0;     10;     19;   17.1;eor
  5559;19680401;19680430;   5;   2;   167.3;     11;     14;   46.4;eor
  5559;19680501;19680531;   5;   2;   111.8;      0;      0;   16.4;eor
  5559;19680601;19680630;   5;   2;   151.8;      0;      0;   61.9;eor
  5559;19680701;19680731;   5;   2;   136.6;      0;      0;   23.2;eor
  5559;19680801;19680831;   5;   2;   178.9;      0;      0;   30.0;eor
  5559;19680901;19680930;   5;   2;   149.9;      0;      0;   30.2;eor
  5559;19681001;19681031;   5;   2;   100.7;      0;      0;   32.6;eor
  5559;19681101;19681130;   5;   2;    45.6;      9;     25;   13.8;eor
  5559;19681201;19681231;   5;   2;    99.8;     51;    171;   23.0;eor
  5559;19690101;19690131;   5;   2;    58.7;     17;    415;    9.7;eor
  5559;19690201;19690228;   5;   2;   111.7;    102;    628;   15.9;eor
  5559;19690301;19690331;   5;   2;    78.4;      3;     16;   14.7;eor
  5559;19690401;19690430;   5;   2;   175.7;     10;     13;   32.2;eor
  5559;19690501;19690531;   5;   2;    93.6;      0;      0;   13.8;eor
  5559;19690601;19690630;   5;   2;   183.5;      0;      0;   40.7;eor
  5559;19690701;19690731;   5;   2;    66.8;      0;      0;   15.0;eor
  5559;19690801;19690831;   5;   2;   184.9;      0;      0;   27.5;eor
  5559;19690901;19690930;   5;   2;    35.1;      0;      0;   10.2;eor
  5559;19691001;19691031;   5;   2;     5.5;      0;      0;    5.5;eor
  5559;19691101;19691130;   5;   2;   185.7;     33;     88;   33.6;eor
  5559;19691201;19691231;   5;   2;    49.3;     37;    426;   11.0;eor
  5559;19700101;19700131;   5;   2;    81.6;     14;    274;   12.7;eor
  5559;19700201;19700228;   5;   2;   313.0;     26;    107;   56.7;eor
  5559;19700301;19700331;   5;   2;    99.6;     41;    256;   22.7;eor
  5559;19700401;19700430;   5;   2;   167.8;     35;     63;   20.0;eor
  5559;19700501;19700531;   5;   2;   184.0;      0;      0;   58.1;eor
  5559;19700601;19700630;   5;   2;   130.1;      0;      0;   40.8;eor
  5559;19700701;19700731;   5;   2;   115.2;      0;      0;   36.2;eor
  5559;19700801;19700831;   5;   2;    43.6;      0;      0;    7.7;eor
  5559;19700901;19700930;   5;   2;    59.7;      0;      0;   12.5;eor
  5559;19701001;19701031;   5;   2;   141.1;      0;      0;   25.4;eor
  5559;19701101;19701130;   5;   2;    91.6;      2;      2;   14.2;eor
  5559;19701201;19701231;   5;   2;    54.8;   -999;   -999;   10.5;eor
  5559;19710101;19710131;   5;   2;    55.9;      4;    127;   18.2;eor
  5559;19710201;19710228;   5;   2;    43.9;     10;     17;    8.0;eor
  5559;19710301;19710331;   5;   2;    78.5;     52;    194;   19.8;eor
  5559;19710401;19710430;   5;   2;    52.4;      0;      0;   36.3;eor
  5559;19710501;19710531;   5;   2;    56.2;      0;      0;   14.6;eor
  5559;19710601;19710630;   5;   2;   186.1;      0;      0;   24.7;eor
  5559;19710701;19710731;   5;   2;    31.6;      0;      0;   17.7;eor
  5559;19710801;19710831;   5;   2;    88.9;      0;      0;   15.1;eor
  5559;19710901;19710930;   5;   2;    26.4;      0;      0;   10.3;eor
  5559;19711001;19711031;   5;   2;    24.7;      0;      0;   10.2;eor
  5559;19711101;19711130;   5;   2;   201.4;     57;    182;   62.1;eor
  5559;19711201;19711231;   5;   2;    22.1;      4;     22;    5.5;eor
  5559;19720101;19720131;   5;   2;    30.3;     21;     73;    7.4;eor
  5559;19720201;19720229;   5;   2;    15.6;      0;     44;    9.6;eor
  5559;19720301;19720331;   5;   2;    92.2;      3;      3;   36.6;eor
  5559;19720401;19720430;   5;   2;   162.1;      0;      0;   24.0;eor
  5559;19720501;19720531;   5;   2;   217.0;      0;      0;   40.2;eor
  5559;19720601;19720630;   5;   2;   139.2;      0;      0;   32.4;eor
  5559;19720701;19720731;   5;   2;    93.0;      0;      0;   34.6;eor
  5559;19720801;19720831;   5;   2;    69.1;      0;      0;   16.4;eor
  5559;19720901;19720930;   5;   2;    73.4;      0;      0;   19.1;eor
  5559;19721001;19721031;   5;   2;    49.9;      0;      0;   19.7;eor
  5559;19721101;19721130;   5;   2;   208.6;      9;     16;   45.3;eor
  5559;19721201;19721231;   5;   2;    25.9;      0;      0;   14.6;eor
  5559;19730101;19730131;   5;   2;    42.7;      3;      5;   13.7;eor
  5559;19730201;19730228;   5;   2;   126.2;     80;    276;   16.8;eor
  5559;19730301;19730331;   5;   2;    49.7;     22;    121;   23.3;eor
  5559;19730401;19730430;   5;   2;   149.2;     38;     79;   45.6;eor
  5559;19730501;19730531;   5;   2;    81.1;      0;      0;   24.0;eor
  5559;19730601;19730630;   5;   2;   173.0;      0;      0;   55.9;eor
  5559;19730701;19730731;   5;   2;    81.4;      0;      0;   18.5;eor
  5559;19730801;19730831;   5;   2;    37.8;      0;      0;   13.5;eor
  5559;19730901;19730930;   5;   2;    37.4;      0;      0;   16.2;eor
  5559;19731001;19731031;   5;   2;   138.5;      0;      0;   28.9;eor
  5559;19731101;19731130;   5;   2;   199.9;     36;     63;   49.6;eor
  5559;19731201;19731231;   5;   2;   134.8;     41;    208;   22.8;eor
  5559;19740101;19740131;   5;   2;   102.8;      0;      0;   29.3;eor
  5559;19740201;19740228;   5;   2;   100.9;      8;     13;   27.1;eor
  5559;19740301;19740331;   5;   2;    88.3;      2;      2;   17.4;eor
  5559;19740401;19740430;   5;   2;    19.6;      1;      1;    5.4;eor
  5559;19740501;19740531;   5;   2;    83.3;      0;      0;   14.8;eor
  5559;19740601;19740630;   5;   2;   102.8;      0;      0;   15.4;eor
  5559;19740701;19740731;   5;   2;   110.2;      0;      0;   34.6;eor
  5559;19740801;19740831;   5;   2;    67.5;      0;      0;   14.4;eor
  5559;19740901;19740930;   5;   2;    83.6;      0;      0;   21.8;eor
  5559;19741001;19741031;   5;   2;   226.2;      0;      0;   36.9;eor
  5559;19741101;19741130;   5;   2;   130.0;      1;      1;   22.1;eor
  5559;19741201;19741231;   5;   2;   159.9;      2;      2;   21.8;eor
  5559;19750101;19750131;   5;   2;   133.4;      0;      0;   23.5;eor
  5559;19750201;19750228;   5;   2;    38.0;      4;      9;   16.3;eor
  5559;19750301;19750331;   5;   2;    82.7;     34;     76;   19.4;eor
  5559;19750401;19750430;   5;   2;    85.4;      4;      4;   23.7;eor
  5559;19750501;19750531;   5;   2;    66.3;      0;      0;   11.4;eor
  5559;19750601;19750630;   5;   2;   183.9;      0;      0;   39.3;eor
  5559;19750701;19750731;   5;   2;    88.0;      0;      0;   26.2;eor
  5559;19750801;19750831;   5;   2;   122.5;      0;      0;   40.6;eor
  5559;19750901;19750930;   5;   2;   108.4;      0;      0;   18.8;eor
  5559;19751001;19751031;   5;   2;    37.1;      0;      0;   12.6;eor
  5559;19751101;19751130;   5;   2;   127.8;      4;      9;   31.5;eor
  5559;19751201;19751231;   5;   2;    22.9;      3;     14;   10.9;eor
  5559;19760101;19760131;   5;   2;   153.9;     14;     48;   18.3;eor
  5559;19760201;19760229;   5;   2;    31.4;      8;     60;   11.7;eor
  5559;19760301;19760331;   5;   2;    28.9;      2;      2;   11.1;eor
  5559;19760401;19760430;   5;   2;    59.6;      6;      9;   18.0;eor
  5559;19760501;19760531;   5;   2;    61.8;      0;      0;    8.7;eor
  5559;19760601;19760630;   5;   2;    32.5;      0;      0;   23.1;eor
  5559;19760701;19760731;   5;   2;   103.0;      0;      0;   35.2;eor
  5559;19760801;19760831;   5;   2;    53.2;      0;      0;   28.4;eor
  5559;19760901;19760930;   5;   2;   142.5;      0;      0;   49.2;eor
  5559;19761001;19761031;   5;   2;    41.8;      0;      0;   11.6;eor
  5559;19761101;19761130;   5;   2;   109.4;      3;      5;   24.4;eor
  5559;19761201;19761231;   5;   2;   107.2;     35;    190;   15.9;eor
  5559;19770101;19770131;   5;   2;   139.8;     63;    417;   20.8;eor
  5559;19770201;19770228;   5;   2;   192.7;      6;     15;   46.1;eor
  5559;19770301;19770331;   5;   2;    43.4;     12;     21;   16.6;eor
  5559;19770401;19770430;   5;   2;   125.0;      4;      6;   21.8;eor
  5559;19770501;19770531;   5;   2;    40.1;      0;      0;   12.6;eor
  5559;19770601;19770630;   5;   2;   123.0;      0;      0;   22.7;eor
  5559;19770701;19770731;   5;   2;    77.1;      0;      0;   19.4;eor
  5559;19770801;19770831;   5;   2;    69.0;      0;      0;   26.3;eor
  5559;19770901;19770930;   5;   2;    42.7;      0;      0;   25.5;eor
  5559;19771001;19771031;   5;   2;    64.2;      0;      0;   23.7;eor
  5559;19771101;19771130;   5;   2;   274.9;     17;     54;   44.4;eor
  5559;19771201;19771231;   5;   2;    98.3;      0;     81;   33.6;eor
  5559;19780101;19780131;   5;   2;   102.9;     13;     46;   31.6;eor
  5559;19780201;19780228;   5;   2;   111.7;     59;    235;   26.7;eor
  5559;19780301;19780331;   5;   2;   158.5;     13;     14;   29.2;eor
  5559;19780401;19780430;   5;   2;    50.8;      0;      0;   10.5;eor
  5559;19780501;19780531;   5;   2;   210.6;      0;      0;   67.4;eor
  5559;19780601;19780630;   5;   2;   113.6;      0;      0;   32.1;eor
  5559;19780701;19780731;   5;   2;   135.1;      0;      0;   24.0;eor
  5559;19780801;19780831;   5;   2;   124.2;      0;      0;   37.8;eor
  5559;19780901;19780930;   5;   2;    98.5;      0;      0;   24.4;eor
  5559;19781001;19781031;   5;   2;    63.9;      0;      0;   14.9;eor
  5559;19781101;19781130;   5;   2;    14.5;      9;     16;    4.2;eor
  5559;19781201;19781231;   5;   2;   179.7;     18;    105;   35.4;eor
  5559;19790101;19790131;   5;   2;    86.5;     69;    547;   18.8;eor
  5559;19790201;19790228;   5;   2;   128.6;     12;    187;   31.3;eor
  5559;19790301;19790331;   5;   2;   198.8;      1;      1;   64.5;eor
  5559;19790401;19790430;   5;   2;    76.7;      2;      2;   11.5;eor
  5559;19790501;19790531;   5;   2;    68.8;      2;      2;   16.5;eor
  5559;19790601;19790630;   5;   2;    97.3;      0;      0;   35.3;eor
  5559;19790701;19790731;   5;   2;    45.2;      0;      0;   14.6;eor
  5559;19790801;19790831;   5;   2;    79.1;      0;      0;   16.5;eor
  5559;19790901;19790930;   5;   2;    30.0;      0;      0;    6.7;eor
  5559;19791001;19791031;   5;   2;    27.0;      0;      0;    6.8;eor
  5559;19791101;19791130;   5;   2;   232.6;      0;      0;  123.3;eor
  5559;19791201;19791231;   5;   2;   189.4;     23;     51;   34.1;eor
  5559;19800101;19800131;   5;   2;   104.2;     42;    334;   21.6;eor
  5559;19800201;19800229;   5;   2;   115.8;      0;      6;   30.6;eor
  5559;19800301;19800331;   5;   2;    87.7;      1;      1;   20.6;eor
  5559;19800401;19800430;   5;   2;   142.1;      5;      5;   30.3;eor
  5559;19800501;19800531;   5;   2;    72.0;      0;      0;   23.8;eor
  5559;19800601;19800630;   5;   2;   149.7;      0;      0;   32.9;eor
  5559;19800701;19800731;   5;   2;   193.8;      0;      0;   33.2;eor
  5559;19800801;19800831;   5;   2;    88.1;      0;      0;   36.0;eor
  5559;19800901;19800930;   5;   2;    44.1;      0;      0;   17.2;eor
  5559;19801001;19801031;   5;   2;   115.6;      0;      0;   24.1;eor
  5559;19801101;19801130;   5;   2;    70.4;     16;     25;   11.7;eor
  5559;19801201;19801231;   5;   2;   167.0;     59;    258;   42.2;eor
  5559;19810101;19810131;  10;   2;   160.2;     47;    279;   24.4;eor
  5559;19810201;19810228;  10;   2;   108.8;     36;     89;   40.5;eor
  5559;19810301;19810331;  10;   2;    97.1;      0;      0;   15.4;eor
  5559;19810401;19810430;  10;   2;    71.5;      0;      0;   21.9;eor
  5559;19810501;19810531;  10;   2;   134.3;      0;      0;   17.9;eor
  5559;19810601;19810630;  10;   2;    77.2;      0;      0;   18.0;eor
  5559;19810701;19810731;  10;   2;    60.4;      0;      0;    8.4;eor
  5559;19810801;19810831;  10;   2;    68.9;      0;      0;   27.3;eor
  5559;19810901;19810930;  10;   2;    67.0;      0;      0;   17.8;eor
  5559;19811001;19811031;  10;   2;   236.2;      0;      0;   45.6;eor
  5559;19811101;19811130;  10;   2;   139.7;      4;      5;   50.3;eor
  5559;19811201;19811231;  10;   2;   246.6;     96;    474;   37.4;eor
  5559;19820101;19820131;  10;   2;   175.8;     43;    398;   32.0;eor
  5559;19820201;19820228;  10;   2;    31.4;     23;     83;   15.7;eor
  5559;19820301;19820331;  10;   2;    83.7;      6;     13;   13.5;eor
  5559;19820401;19820430;  10;   2;    82.9;      1;      1;   24.1;eor
  5559;19820501;19820531;  10;   2;    62.0;      0;      0;   12.7;eor
  5559;19820601;19820630;  10;   2;   154.1;      0;      0;   23.0;eor
  5559;19820701;19820731;  10;   2;   121.8;      0;      0;   28.1;eor
  5559;19820801;19820831;  10;   2;   138.4;      0;      0;   25.8;eor
  5559;19820901;19820930;  10;   2;    31.6;      0;      0;    8.4;eor
  5559;19821001;19821031;  10;   2;   167.4;      0;      0;   43.3;eor
  5559;19821101;19821130;  10;   2;    58.8;      0;      0;   15.7;eor
  5559;19821201;19821231;  10;   2;   180.6;     10;     20;   58.6;eor
  5559;19830101;19830131;  10;   2;   127.2;     16;     45;   20.7;eor
  5559;19830201;19830228;  10;   2;   107.8;     36;    246;   21.5;eor
  5559;19830301;19830331;  10;   2;    81.4;     17;     26;   17.0;eor
  5559;19830401;19830430;  10;   2;   255.0;      2;      2;   41.7;eor
  5559;19830501;19830531;  10;   2;   208.8;      0;      0;   49.3;eor
  5559;19830601;19830630;  10;   2;    51.3;      0;      0;   11.9;eor
  5559;19830701;19830731;  10;   2;    19.8;      0;      0;    7.6;eor
  5559;19830801;19830831;  10;   2;    26.2;      0;      0;    4.9;eor
  5559;19830901;19830930;  10;   2;    69.5;      0;      0;   20.3;eor
  5559;19831001;19831031;  10;   2;    73.0;      0;      0;   16.0;eor
  5559;19831101;19831130;  10;   2;   104.8;      0;      0;   31.9;eor
  5559;19831201;19831231;  10;   2;   107.7;     16;     61;   52.2;eor
  5559;19840101;19840131;  10;   2;   225.0;     59;    256;   35.5;eor
  5559;19840201;19840229;  10;   2;   132.0;     26;     57;   44.3;eor
  5559;19840301;19840331;  10;   2;    37.8;     10;     41;    8.9;eor
  5559;19840401;19840430;  10;   2;    30.1;      6;      6;   13.1;eor
  5559;19840501;19840531;  10;   2;   138.6;      0;      0;   24.5;eor
  5559;19840601;19840630;  10;   2;    66.4;      0;      0;   11.6;eor
  5559;19840701;19840731;  10;   2;   126.0;      0;      0;   23.9;eor
  5559;19840801;19840831;  10;   2;    52.0;      0;      0;   20.2;eor
  5559;19840901;19840930;  10;   2;   177.2;      0;      0;   29.7;eor
  5559;19841001;19841031;  10;   2;    53.6;      0;      0;   19.1;eor
  5559;19841101;19841130;  10;   2;    84.2;      0;      0;   26.5;eor
  5559;19841201;19841231;  10;   2;    47.9;      4;     11;    9.8;eor
  5559;19850101;19850131;  10;   2;   120.3;     81;    765;   19.0;eor
  5559;19850201;19850228;  10;   2;    58.0;      7;     41;   14.2;eor
  5559;19850301;19850331;  10;   2;   117.8;     49;    152;   31.5;eor
  5559;19850401;19850430;  10;   2;   131.8;      6;      6;   25.0;eor
  5559;19850501;19850531;  10;   2;   154.6;      0;      0;   29.5;eor
  5559;19850601;19850630;  10;   2;   134.1;      0;      0;   25.6;eor
  5559;19850701;19850731;  10;   2;    51.2;      0;      0;   11.4;eor
  5559;19850801;19850831;  10;   2;    38.4;      0;      0;   18.1;eor
  5559;19850901;19850930;  10;   2;    76.3;      0;      0;   26.4;eor
  5559;19851001;19851031;  10;   2;    11.0;      0;      0;    3.0;eor
  5559;19851101;19851130;  10;   2;   175.3;     28;     87;   37.7;eor
  5559;19851201;19851231;  10;   2;    75.2;     15;     45;   29.1;eor
  5559;19860101;19860131;  10;   2;   261.8;     56;    264;   51.2;eor
  5559;19860201;19860228;  10;   2;    26.7;     40;    573;    6.4;eor
  5559;19860301;19860331;  10;   2;   105.1;      3;    126;   22.3;eor
  5559;19860401;19860430;  10;   2;   133.4;     14;     41;   20.2;eor
  5559;19860501;19860531;  10;   2;    85.9;      0;      0;   12.8;eor
  5559;19860601;19860630;  10;   2;   122.7;      0;      0;   26.2;eor
  5559;19860701;19860731;  10;   2;   101.0;      0;      0;   29.1;eor
  5559;19860801;19860831;  10;   2;   160.1;      0;      0;   33.7;eor
  5559;19860901;19860930;  10;   2;    99.5;      0;      0;   28.3;eor
  5559;19861001;19861031;  10;   2;   167.9;      0;      0;   51.4;eor
  5559;19861101;19861130;  10;   2;    65.1;      0;      0;   20.3;eor
  5559;19861201;19861231;  10;   2;   138.4;     42;    136;   44.7;eor
  5559;19870101;19870131;  10;   2;    73.4;     37;    363;   27.2;eor
  5559;19870201;19870228;  10;   2;    89.7;     16;    128;   14.9;eor
  5559;19870301;19870331;  10;   2;   106.0;     32;     80;   38.0;eor
  5559;19870401;19870430;  10;   2;    39.7;      0;      0;    9.4;eor
  5559;19870501;19870531;  10;   2;   174.5;      4;      4;   27.5;eor
  5559;19870601;19870630;  10;   2;   166.8;      0;      0;   24.5;eor
  5559;19870701;19870731;  10;   2;   120.9;      0;      0;   19.4;eor
  5559;19870801;19870831;  10;   2;   113.5;      0;      0;   36.0;eor
  5559;19870901;19870930;  10;   2;    80.8;      0;      0;   19.7;eor
  5559;19871001;19871031;  10;   2;    84.0;      0;      0;   18.7;eor
  5559;19871101;19871130;  10;   2;   143.8;      0;      0;   23.6;eor
  5559;19871201;19871231;  10;   2;    54.0;      2;      3;   30.9;eor
  5559;19880101;19880131;  10;   2;   121.2;      8;     12;   28.2;eor
  5559;19880201;19880229;  10;   2;   179.5;     78;    220;   28.8;eor
  5559;19880301;19880331;  10;   2;   370.8;     78;    680;   62.9;eor
  5559;19880401;19880430;  10;   2;    45.7;      0;      0;   15.2;eor
  5559;19880501;19880531;  10;   2;    89.5;      0;      0;   21.8;eor
  5559;19880601;19880630;  10;   2;    80.2;      0;      0;   39.1;eor
  5559;19880701;19880731;  10;   2;    99.6;      0;      0;   16.7;eor
  5559;19880801;19880831;  10;   2;    82.8;      0;      0;   25.0;eor
  5559;19880901;19880930;  10;   2;   106.8;      0;      0;   24.1;eor
  5559;19881001;19881031;  10;   2;   119.1;      0;      0;   22.5;eor
  5559;19881101;19881130;  10;   2;    62.2;     22;     88;   24.0;eor
  5559;19881201;19881231;  10;   2;   150.6;     17;     41;   41.1;eor
  5559;19890101;19890131;  10;   2;    16.7;      0;      0;    5.0;eor
  5559;19890201;19890228;  10;   2;    93.4;      2;      2;   19.6;eor
  5559;19890301;19890331;  10;   2;    56.5;      0;      0;   12.9;eor
  5559;19890401;19890430;  10;   2;   178.7;      0;      0;   36.8;eor
  5559;19890501;19890531;  10;   2;    41.2;      0;      0;    9.0;eor
  5559;19890601;19890630;  10;   2;    55.4;      0;      0;   17.1;eor
  5559;19890701;19890731;  10;   2;   103.5;      0;      0;   19.5;eor
  5559;19890801;19890831;  10;   2;    43.5;      0;      0;   11.8;eor
  5559;19890901;19890930;  10;   2;    32.9;      0;      0;    8.9;eor
  5559;19891001;19891031;  10;   2;    65.5;      0;      0;   11.3;eor
  5559;19891101;19891130;  10;   2;    37.8;      1;      1;   10.2;eor
  5559;19891201;19891231;  10;   2;   185.6;      0;      0;   50.7;eor
  5559;19900101;19900131;  10;   2;    43.6;      0;      0;   17.2;eor
  5559;19900201;19900228;  10;   2;   216.4;      3;      3;   67.6;eor
  5559;19900301;19900331;  10;   2;    39.9;      3;      6;    8.1;eor
  5559;19900401;19900430;  10;   2;    59.3;      0;      0;    8.4;eor
  5559;19900501;19900531;  10;   2;    66.6;      0;      0;   27.9;eor
  5559;19900601;19900630;  10;   2;   146.3;      0;      0;   19.5;eor
  5559;19900701;19900731;  10;   2;    48.3;      0;      0;   14.3;eor
  5559;19900801;19900831;  10;   2;    77.9;      0;      0;   19.0;eor
  5559;19900901;19900930;  10;   2;   107.2;      0;      0;   25.9;eor
  5559;19901001;19901031;  10;   2;    92.6;      0;      0;   29.4;eor
  5559;19901101;19901130;  10;   2;   185.1;      2;      3;   40.9;eor
  5559;19901201;19901231;  10;   2;   129.5;     49;    277;   25.6;eor
  5559;19910101;19910131;  10;   2;    64.3;   -999;   -999;   12.4;eor
  5559;19910201;19910228;  10;   2;    30.6;   -999;   -999;    7.0;eor
  5559;19910301;19910331;  10;   2;    43.9;   -999;   -999;   17.9;eor
  5559;19910401;19910430;  10;   2;    37.0;   -999;   -999;   15.3;eor
  5559;19910501;19910531;  10;   2;    62.7;   -999;   -999;   16.4;eor
  5559;19910601;19910630;  10;   2;    87.2;   -999;   -999;   11.7;eor
  5559;19910701;19910731;  10;   2;    79.7;   -999;   -999;   17.6;eor
  5559;19910801;19910831;  10;   2;    10.7;   -999;   -999;    7.3;eor
  5559;19910901;19910930;  10;   2;   116.5;   -999;   -999;   45.2;eor
  5559;19911001;19911031;  10;   2;    37.1;   -999;   -999;    9.4;eor
  5559;19911101;19911130;  10;   2;   126.6;   -999;   -999;   32.4;eor
  5559;19911201;19911231;  10;   2;   139.5;   -999;   -999;   34.3;eor
  5559;19920101;19920131;  10;   2;    41.0;   -999;   -999;   13.6;eor
  5559;19920201;19920229;  10;   2;    90.5;   -999;   -999;   27.4;eor
  5559;19920301;19920331;  10;   2;   199.3;   -999;   -999;   36.6;eor
  5559;19920401;19920430;  10;   2;    61.0;   -999;   -999;   12.0;eor
  5559;19920501;19920531;  10;   2;    40.1;   -999;   -999;    9.9;eor
  5559;19920601;19920630;  10;   2;   151.6;   -999;   -999;   58.1;eor
  5559;19920701;19920731;  10;   2;    56.8;   -999;   -999;   13.9;eor
  5559;19920801;19920831;  10;   2;    66.2;   -999;   -999;   27.4;eor
  5559;19920901;19920930;  10;   2;    59.2;   -999;   -999;   14.2;eor
  5559;19921001;19921031;  10;   2;   168.0;   -999;   -999;   38.1;eor
  5559;19921101;19921130;  10;   2;   185.6;   -999;   -999;   26.3;eor
  5559;19921201;19921231;  10;   2;    39.6;   -999;   -999;    7.5;eor
  5559;19930101;19930131;  10;   2;   168.0;   -999;   -999;   39.8;eor
  5559;19930201;19930228;  10;   2;    35.1;   -999;   -999;   14.9;eor
  5559;19930301;19930331;  10;   2;    20.1;   -999;   -999;    5.9;eor
  5559;19930401;19930430;  10;   2;    46.5;   -999;   -999;    7.7;eor
  5559;19930501;19930531;  10;   2;    76.3;   -999;   -999;   12.7;eor
  5559;19930601;19930630;  10;   2;    77.6;   -999;   -999;   23.0;eor
  5559;19930701;19930731;  10;   2;   150.9;   -999;   -999;   24.5;eor
  5559;19930801;19930831;  10;   2;    95.2;   -999;   -999;   25.5;eor
  5559;19930901;19930930;  10;   2;    74.6;   -999;   -999;   12.3;eor
  5559;19931001;19931031;  10;   2;   143.7;   -999;   -999;   31.1;eor
  5559;19931101;19931130;  10;   2;    52.4;   -999;   -999;   28.0;eor
  5559;19931201;19931231;  10;   2;   372.6;   -999;   -999;   94.8;eor
  5559;19940101;19940131;  10;   2;   159.3;   -999;   -999;   27.5;eor
  5559;19940201;19940228;  10;   2;    61.3;   -999;   -999;   12.6;eor
  5559;19940301;19940331;  10;   2;   116.3;   -999;   -999;   19.0;eor
  5559;19940401;19940430;  10;   2;   191.4;   -999;   -999;   41.9;eor
  5559;19940501;19940531;  10;   2;   147.5;   -999;   -999;   34.6;eor
  5559;19940601;19940630;  10;   2;   146.2;   -999;   -999;   37.2;eor
  5559;19940701;19940731;  10;   2;   176.2;   -999;   -999;   44.7;eor
  5559;19940801;19940831;  10;   2;    80.2;   -999;   -999;   15.0;eor
  5559;19940901;19940930;  10;   2;    81.0;   -999;   -999;   13.2;eor
  5559;19941001;19941031;  10;   2;    56.8;   -999;   -999;   15.1;eor
  5559;19941101;19941130;  10;   2;    45.4;   -999;   -999;    9.0;eor
  5559;19941201;19941231;  10;   2;   118.0;   -999;   -999;   18.7;eor
  5559;19950101;19950131;  10;   2;   223.3;   -999;   -999;   32.1;eor
  5559;19950201;19950228;  10;   2;   108.0;   -999;   -999;   18.4;eor
  5559;19950301;19950331;  10;   2;   231.9;   -999;   -999;   41.5;eor
  5559;19950401;19950430;  10;   2;    86.6;   -999;   -999;   18.9;eor
  5559;19950501;19950531;  10;   2;   121.4;   -999;   -999;   32.7;eor
  5559;19950601;19950630;  10;   2;    57.4;   -999;   -999;    9.9;eor
  5559;19950701;19950731;  10;   2;   152.7;   -999;   -999;   42.8;eor
  5559;19950801;19950831;  10;   2;   171.3;   -999;   -999;   48.8;eor
  5559;19950901;19950930;  10;   2;   100.7;   -999;   -999;   22.6;eor
  5559;19951001;19951031;  10;   2;    39.8;   -999;   -999;   11.1;eor
  5559;19951101;19951130;  10;   2;   122.0;   -999;   -999;   25.1;eor
  5559;19951201;19951231;  10;   2;    92.0;   -999;   -999;   25.6;eor
  5559;19960101;19960131;  10;   2;     2.8;   -999;   -999;    1.5;eor
  5559;19960201;19960229;  10;   2;    89.6;   -999;   -999;   25.7;eor
  5559;19960301;19960331;  10;   2;    60.6;   -999;   -999;   13.1;eor
  5559;19960401;19960430;  10;   2;    23.7;   -999;   -999;    5.5;eor
  5559;19960501;19960531;  10;   2;   199.5;   -999;   -999;   37.6;eor
  5559;19960601;19960630;  10;   2;   102.6;   -999;   -999;   23.1;eor
  5559;19960701;19960731;  10;   2;   123.0;   -999;   -999;   53.6;eor
  5559;19960801;19960831;  10;   2;    65.0;   -999;   -999;   18.4;eor
  5559;19960901;19960930;  10;   2;    49.8;   -999;   -999;   11.7;eor
  5559;19961001;19961031;  10;   2;    97.2;   -999;   -999;   25.5;eor
  5559;19961101;19961130;  10;   2;   169.8;   -999;   -999;   27.4;eor
  5559;19961201;19961231;  10;   2;    55.3;   -999;   -999;   12.2;eor
  5559;19970101;19970131;  10;   2;    10.5;   -999;   -999;    2.6;eor
  5559;19970201;19970228;  10;   2;   216.4;   -999;   -999;   91.4;eor
  5559;19970301;19970331;  10;   2;    88.8;   -999;   -999;   17.3;eor
  5559;19970401;19970430;  10;   2;    76.8;   -999;   -999;   22.1;eor
  5559;19970501;19970531;  10;   2;    70.6;   -999;   -999;   19.6;eor
  5559;19970601;19970630;  10;   2;   152.3;   -999;   -999;   19.6;eor
  5559;19970701;19970731;  10;   2;    95.5;   -999;   -999;   26.3;eor
  5559;19970801;19970831;  10;   2;    33.3;   -999;   -999;   14.5;eor
  5559;19970901;19970930;  10;   2;    28.4;   -999;   -999;   13.5;eor
  5559;19971001;19971031;  10;   2;    89.4;   -999;   -999;   29.0;eor
  5559;19971101;19971130;  10;   2;    31.2;   -999;   -999;    9.1;eor
  5559;19971201;19971231;  10;   2;   137.1;   -999;   -999;   31.3;eor
  5559;19980101;19980131;  10;   2;   105.6;   -999;   -999;   13.6;eor
  5559;19980201;19980228;  10;   2;    30.0;   -999;   -999;   11.7;eor
  5559;19980301;19980331;  10;   2;   106.6;   -999;   -999;   19.6;eor
  5559;19980401;19980430;  10;   2;    67.7;   -999;   -999;    8.3;eor
  5559;19980501;19980531;  10;   2;    40.6;   -999;   -999;   23.1;eor
  5559;19980601;19980630;  10;   2;    92.9;   -999;   -999;   21.9;eor
  5559;19980701;19980731;  10;   2;    59.3;   -999;   -999;   10.3;eor
  5559;19980801;19980831;  10;   2;    64.3;   -999;   -999;   13.8;eor
  5559;19980901;19980930;  10;   2;   154.0;   -999;   -999;   39.0;eor
  5559;19981001;19981031;  10;   2;   283.3;   -999;   -999;   95.3;eor
  5559;19981101;19981130;  10;   2;   113.5;   -999;   -999;   28.8;eor
  5559;19981201;19981231;  10;   2;    64.2;   -999;   -999;    8.4;eor
  5559;19990101;19990131;  10;   2;   122.6;   -999;   -999;   24.0;eor
  5559;19990201;19990228;  10;   2;   170.1;   -999;   -999;   30.9;eor
  5559;19990301;19990331;  10;   2;   106.4;   -999;   -999;   18.6;eor
  5559;19990401;19990430;  10;   2;    81.4;   -999;   -999;   13.7;eor
  5559;19990501;19990531;  10;   2;    80.9;   -999;   -999;   14.8;eor
  5559;19990601;19990630;  10;   2;    89.0;   -999;   -999;   20.2;eor
  5559;19990701;19990731;  10;   2;   100.6;   -999;   -999;   22.5;eor
  5559;19990801;19990831;  10;   2;   113.9;   -999;   -999;   22.1;eor
  5559;19990901;19990930;  10;   2;    52.8;   -999;   -999;   11.5;eor
  5559;19991001;19991031;  10;   2;    50.6;   -999;   -999;   11.7;eor
  5559;19991101;19991130;  10;   2;    89.2;   -999;   -999;   26.2;eor
  5559;19991201;19991231;  10;   2;   250.9;   -999;   -999;   44.9;eor
  5559;20000101;20000131;  10;   2;   112.1;   -999;   -999;   30.6;eor
  5559;20000201;20000229;  10;   2;   164.2;   -999;   -999;   21.0;eor
  5559;20000301;20000331;  10;   2;   101.8;   -999;   -999;   19.5;eor
  5559;20000401;20000430;  10;   2;    57.5;   -999;   -999;   23.0;eor
  5559;20000501;20000531;  10;   2;   165.9;   -999;   -999;   36.7;eor
  5559;20000601;20000630;  10;   2;    32.6;   -999;   -999;   10.1;eor
  5559;20000701;20000731;  10;   2;   190.6;   -999;   -999;   27.4;eor
  5559;20000801;20000831;  10;   2;    74.5;   -999;   -999;   16.4;eor
  5559;20000901;20000930;  10;   2;   138.0;   -999;   -999;   48.8;eor
  5559;20001001;20001031;  10;   2;    74.1;   -999;   -999;   17.5;eor
  5559;20001101;20001130;  10;   2;    68.2;   -999;   -999;   12.1;eor
  5559;20001201;20001231;  10;   2;    61.4;   -999;   -999;   12.7;eor
  5559;20010101;20010131;  10;   2;   103.6;   -999;   -999;   41.8;eor
  5559;20010201;20010228;  10;   2;   111.1;   -999;   -999;   25.6;eor
  5559;20010301;20010331;  10;   2;   189.0;   -999;   -999;   22.9;eor
  5559;20010401;20010430;  10;   2;   119.2;   -999;   -999;   27.8;eor
  5559;20010501;20010531;  10;   2;    31.0;   -999;   -999;   12.9;eor
  5559;20010601;20010630;  10;   2;    77.5;   -999;   -999;   10.0;eor
  5559;20071201;20071231;  10;   2;   133.5;   -999;   -999;   27.1;eor
  5559;20080101;20080131;  10;   2;    93.9;      0;      0;   24.7;eor
  5559;20080201;20080229;  10;   2;    92.0;      0;      0;   29.0;eor
  5559;20080301;20080331;  10;   2;   185.1;     38;     86;   20.5;eor
  5559;20080401;20080430;  10;   2;    98.8;      4;      4;   16.1;eor
  5559;20080501;20080531;  10;   2;    67.2;      0;      0;   26.9;eor
  5559;20080601;20080630;  10;   2;   102.6;      0;      0;   36.0;eor
  5559;20080701;20080731;  10;   2;    53.4;      0;      0;    8.4;eor
  5559;20080801;20080831;  10;   2;   112.9;      0;      0;   18.3;eor
  5559;20080901;20080930;  10;   2;    38.3;      0;      0;   11.2;eor
  5559;20081001;20081031;  10;   2;   148.7;      0;      0;   22.2;eor
  5559;20081101;20081130;  10;   2;    81.1;     11;     28;   32.0;eor
  5559;20081201;20081231;  10;   2;    58.1;      9;     54;   10.3;eor
  5559;20090101;20090131;  10;   2;    36.5;      6;     48;   16.4;eor
  5559;20090201;20090228;  10;   2;    91.1;     28;    114;   13.2;eor
  5559;20090301;20090331;  10;   2;   121.2;      5;      7;   18.9;eor
  5559;20090401;20090430;  10;   2;    45.3;      0;      0;   16.2;eor
  5559;20090501;20090531;  10;   2;   124.6;      0;      0;   22.2;eor
  5559;20090601;20090630;  10;   2;    80.5;      0;      0;   23.7;eor
  5559;20090701;20090731;  10;   2;   171.7;      0;      0;   33.5;eor
  5559;20090801;20090831;  10;   2;    79.6;      0;      0;   20.0;eor
  5559;20090901;20090930;  10;   2;    23.0;      0;      0;    9.4;eor
  5559;20091001;20091031;  10;   2;   102.9;      0;      0;   22.6;eor
  5559;20091101;20091130;  10;   2;   118.5;      0;      0;   14.6;eor
  5559;20091201;20091231;  10;   2;   144.0;     14;     46;   19.4;eor
  5559;20100101;20100131;  10;   2;    68.6;     43;    273;   16.2;eor
  5559;20100201;20100228;  10;   2;    73.9;     30;    210;   11.0;eor
  5559;20100301;20100331;  10;   2;    57.0;     27;    140;   12.0;eor
  5559;20100401;20100430;  10;   2;    15.0;   -999;   -999;    3.7;eor
  5559;20100501;20100531;  10;   2;   121.0;   -999;   -999;   25.1;eor
  5559;20100601;20100630;  10;   2;    48.7;   -999;   -999;   16.8;eor
  5559;20100701;20100731;  10;   2;   131.5;   -999;   -999;   25.8;eor
  5559;20100801;20100831;  10;   2;   160.6;   -999;   -999;   31.3;eor
  5559;20100901;20100930;  10;   2;    56.7;   -999;   -999;   22.0;eor
  5559;20101001;20101031;  10;   2;    57.2;   -999;   -999;   13.1;eor
  5559;20101101;20101130;   7;   2;   139.2;     14;     42;   26.0;eor
  5559;20101201;20101231;   7;   2;   156.3;     73;    531;   21.5;eor
  5559;20110101;20110131;   3;   2;   109.5;      9;    165;   20.1;eor
  5559;20110201;20110228;   3;   2;    20.9;      6;     14;    5.8;eor
  5559;20110301;20110331;   3;   2;    28.1;      0;      0;    5.5;eor
  5559;20110401;20110430;   3;   2;    33.4;      0;      0;   15.5;eor
  5559;20110501;20110531;   3;   2;    57.2;      0;      0;   24.4;eor
  5559;20110601;20110630;   3;   2;    86.2;      0;      0;   16.2;eor
  5559;20110701;20110731;   3;   2;   110.3;      0;      0;   30.4;eor
  5559;20110801;20110831;   3;   2;    80.0;      0;      0;   21.4;eor
  5559;20110901;20110930;   3;   2;    31.1;      0;      0;   11.7;eor
  5559;20111001;20111031;   3;   2;    78.4;      0;      0;   23.2;eor
  5559;20111101;20111130;   3;   2;     4.7;      0;      0;    3.9;eor
  5559;20111201;20111231;   3;   2;   251.7;      7;     10;   45.5;eor
  5559;20120101;20120131;   3;   2;   176.8;      3;      3;   33.0;eor
  5559;20120201;20120229;   3;   2;    32.3;     16;     92;   14.1;eor
  5559;20120301;20120331;   3;   2;    14.0;      0;      0;    6.4;eor
  5559;20120401;20120430;   3;   2;    51.7;      0;      0;   13.2;eor
  5559;20120501;20120531;   3;   2;    64.0;      0;      0;   22.2;eor
  5559;20120601;20120630;   3;   2;   103.7;      0;      0;   15.8;eor
  5559;20120701;20120731;   3;   2;    89.8;      0;      0;   16.9;eor
  5559;20120801;20120831;   3;   2;    58.1;      0;      0;   19.0;eor
  5559;20120901;20120930;   3;   2;    64.1;      0;      0;   16.2;eor
  5559;20121001;20121031;   3;   2;    84.8;      7;     17;   13.9;eor
  5559;20121101;20121130;   3;   2;   150.9;      1;      1;   52.8;eor
  5559;20121201;20121231;   3;   2;   175.8;     23;     75;   32.2;eor
  5559;20130101;20130131;   3;   2;    55.2;     14;     97;   15.5;eor
  5559;20130201;20130228;   3;   2;   115.6;     55;    331;   49.1;eor
  5559;20130301;20130331;   3;   2;    36.5;      6;     61;   10.8;eor
  5559;20130401;20130430;   3;   2;    60.7;      0;      0;   16.1;eor
  5559;20130501;20130531;   3;   2;   185.3;      0;      0;   49.1;eor
  5559;20130601;20130630;   3;   2;    69.8;      0;      0;   25.0;eor
  5559;20130701;20130731;   3;   2;    65.9;   -999;   -999;   20.0;eor
  5559;20130801;20130831;   3;   2;    72.7;      0;      0;   20.1;eor
  5559;20130901;20130930;   3;   2;   150.6;      0;      0;   35.9;eor
  5559;20131001;20131031;   3;   2;   153.9;      0;      0;   33.5;eor
  5559;20131101;20131130;   3;   2;   122.2;      2;      4;   21.8;eor
  5559;20131201;20131231;   3;   2;    61.6;      0;      0;   14.0;eor
  5559;20140101;20140131;   3;   2;    77.3;      3;      3;   23.0;eor
  5559;20140201;20140228;   3;   2;    66.3;   -999;   -999;   20.1;eor
  5559;20140301;20140331;   3;   2;     9.6;   -999;   -999;    5.1;eor
  5559;20140401;20140430;   3;   2;    38.2;   -999;   -999;   11.0;eor
  5559;20140501;20140531;   3;   2;    97.9;   -999;   -999;   17.3;eor
  5559;20140601;20140630;   3;   2;    34.6;   -999;   -999;   13.3;eor
  5559;20140701;20140731;   3;   2;   207.1;   -999;   -999;   35.7;eor
  5559;20140801;20140831;   3;   2;   128.2;   -999;   -999;   43.8;eor
  5559;20140901;20140930;   3;   2;   113.9;   -999;   -999;   41.3;eor
  5559;20141001;20141031;   3;   2;    62.0;   -999;   -999;   21.4;eor
  5559;20141101;20141130;   3;   2;    62.9;   -999;   -999;   20.9;eor
  5559;20141201;20141231;   3;   2;    99.6;     28;     68;   16.0;eor
