STATIONS_ID; MESS_DATUM_BEGINN; MESS_DATUM_ENDE; QUALITAETS_NIVEAU; ART; NIEDERSCHLAGSHOEHE;NEUSCHNEEHOEHE;SCHNEEHOEHE; max(NIEDERSCHLAGSHOEHE);eor
   997;19570101;19570131;   5;   2;    27.0;   -999;   -999;-999;eor
   997;19570201;19570228;   5;   2;    39.0;   -999;   -999;-999;eor
   997;19570301;19570331;   5;   2;    48.0;   -999;   -999;-999;eor
   997;19570401;19570430;   5;   2;     9.0;   -999;   -999;-999;eor
   997;19570501;19570531;   5;   2;    22.0;   -999;   -999;-999;eor
   997;19570601;19570630;   5;   2;    28.0;   -999;   -999;-999;eor
   997;19570701;19570731;   5;   2;    75.0;   -999;   -999;-999;eor
   997;19570801;19570831;   5;   2;    88.0;   -999;   -999;-999;eor
   997;19570901;19570930;   5;   2;    84.0;   -999;   -999;-999;eor
   997;19571001;19571031;   5;   2;    24.0;   -999;   -999;-999;eor
   997;19571101;19571130;   5;   2;    19.0;   -999;   -999;-999;eor
   997;19571201;19571231;   5;   2;    57.0;   -999;   -999;-999;eor
   997;19580101;19580131;   5;   2;    35.0;   -999;   -999;-999;eor
   997;19580201;19580228;   5;   2;    56.0;   -999;   -999;-999;eor
   997;19580301;19580331;   5;   2;    14.0;   -999;   -999;-999;eor
   997;19580401;19580430;   5;   2;    31.0;   -999;   -999;-999;eor
   997;19580501;19580531;   5;   2;    72.0;   -999;   -999;-999;eor
   997;19580601;19580630;   5;   2;    65.0;   -999;   -999;-999;eor
   997;19580701;19580731;   5;   2;   108.0;   -999;   -999;-999;eor
   997;19580801;19580831;   5;   2;    93.0;   -999;   -999;-999;eor
   997;19580901;19580930;   5;   2;    42.0;   -999;   -999;-999;eor
   997;19581001;19581031;   5;   2;    34.0;   -999;   -999;-999;eor
   997;19581101;19581130;   5;   2;    14.0;   -999;   -999;-999;eor
   997;19581201;19581231;   5;   2;    29.0;   -999;   -999;-999;eor
   997;19590401;19590430;   5;   2;    51.0;   -999;   -999;-999;eor
   997;19590801;19590831;   5;   2;   111.0;   -999;   -999;-999;eor
   997;19590901;19590930;   5;   2;     4.0;   -999;   -999;-999;eor
   997;19591001;19591031;   5;   2;    56.0;   -999;   -999;-999;eor
   997;19591101;19591130;   5;   2;    19.0;   -999;   -999;-999;eor
   997;19591201;19591231;   5;   2;    37.0;   -999;   -999;-999;eor
   997;19600101;19600131;   5;   2;    54.0;   -999;   -999;-999;eor
   997;19600201;19600229;   5;   2;    17.0;   -999;   -999;-999;eor
   997;19600301;19600331;   5;   2;    16.0;   -999;   -999;-999;eor
   997;19600401;19600430;   5;   2;    29.0;   -999;   -999;-999;eor
   997;19600501;19600531;   5;   2;    20.0;   -999;   -999;-999;eor
   997;19600601;19600630;   5;   2;    31.0;   -999;   -999;-999;eor
   997;19600701;19600731;   5;   2;    56.0;   -999;   -999;-999;eor
   997;19600801;19600831;   5;   2;    69.0;   -999;   -999;-999;eor
   997;19600901;19600930;   5;   2;    14.0;   -999;   -999;-999;eor
   997;19601001;19601031;   5;   2;   107.0;   -999;   -999;-999;eor
   997;19601101;19601130;   5;   2;    65.0;   -999;   -999;-999;eor
   997;19601201;19601231;   5;   2;    58.0;   -999;   -999;-999;eor
   997;19610101;19610131;   5;   2;    31.0;   -999;   -999;-999;eor
   997;19610201;19610228;   5;   2;    22.0;   -999;   -999;-999;eor
   997;19610301;19610331;   5;   2;    35.0;   -999;   -999;-999;eor
   997;19610401;19610430;   5;   2;    59.0;   -999;   -999;-999;eor
   997;19610501;19610531;   5;   2;   113.0;   -999;   -999;-999;eor
   997;19610601;19610630;   5;   2;    42.0;   -999;   -999;-999;eor
   997;19610701;19610731;   5;   2;    31.0;   -999;   -999;-999;eor
   997;19610801;19610831;   5;   2;    38.0;   -999;   -999;-999;eor
   997;19610901;19610930;   5;   2;    13.0;   -999;   -999;-999;eor
   997;19611001;19611031;   5;   2;    36.0;   -999;   -999;-999;eor
   997;19611101;19611130;   5;   2;    59.0;   -999;   -999;-999;eor
   997;19611201;19611231;   5;   2;    34.0;   -999;   -999;-999;eor
   997;19620101;19620131;   5;   2;    48.0;   -999;   -999;-999;eor
   997;19620201;19620228;   5;   2;    52.0;   -999;   -999;-999;eor
   997;19620301;19620331;   5;   2;    36.0;   -999;   -999;-999;eor
   997;19620401;19620430;   5;   2;    19.0;   -999;   -999;-999;eor
   997;19620501;19620531;   5;   2;    47.0;   -999;   -999;-999;eor
   997;19620601;19620630;   5;   2;    28.0;   -999;   -999;-999;eor
   997;19620701;19620731;   5;   2;    76.0;   -999;   -999;-999;eor
   997;19620801;19620831;   5;   2;    59.0;   -999;   -999;-999;eor
   997;19620901;19620930;   5;   2;    35.0;   -999;   -999;-999;eor
   997;19630301;19630331;   5;   2;    20.0;   -999;   -999;-999;eor
   997;19630401;19630430;   5;   2;    56.0;   -999;   -999;-999;eor
   997;19630501;19630531;   5;   2;    58.0;   -999;   -999;-999;eor
   997;19630601;19630630;   5;   2;    48.0;   -999;   -999;-999;eor
   997;19630701;19630731;   5;   2;    45.0;   -999;   -999;-999;eor
   997;19630801;19630831;   5;   2;    73.0;   -999;   -999;-999;eor
   997;19630901;19630930;   5;   2;    22.0;   -999;   -999;-999;eor
   997;19631001;19631031;   5;   2;     9.0;   -999;   -999;-999;eor
   997;19631101;19631130;   5;   2;    63.0;   -999;   -999;-999;eor
   997;19631201;19631231;   5;   2;     9.0;   -999;   -999;-999;eor
   997;19640101;19640131;   5;   2;    41.0;   -999;   -999;-999;eor
   997;19640201;19640229;   5;   2;    25.0;   -999;   -999;-999;eor
   997;19640301;19640331;   5;   2;    25.0;   -999;   -999;-999;eor
   997;19640401;19640430;   5;   2;    39.0;   -999;   -999;-999;eor
   997;19640501;19640531;   5;   2;    42.0;   -999;   -999;-999;eor
   997;19640601;19640630;   5;   2;    78.0;   -999;   -999;-999;eor
   997;19640701;19640731;   5;   2;    26.0;   -999;   -999;-999;eor
   997;19640801;19640831;   5;   2;   114.0;   -999;   -999;-999;eor
   997;19640901;19640930;   5;   2;    25.0;   -999;   -999;-999;eor
   997;19641001;19641031;   5;   2;    35.0;   -999;   -999;-999;eor
   997;19641101;19641130;   5;   2;    24.0;   -999;   -999;-999;eor
   997;19641201;19641231;   5;   2;    24.0;   -999;   -999;-999;eor
   997;19650101;19650131;   5;   2;    42.0;   -999;   -999;-999;eor
   997;19650201;19650228;   5;   2;    19.0;   -999;   -999;-999;eor
   997;19650301;19650331;   5;   2;    49.0;   -999;   -999;-999;eor
   997;19650401;19650430;   5;   2;    74.0;   -999;   -999;-999;eor
   997;19650501;19650531;   5;   2;    41.0;   -999;   -999;-999;eor
   997;19650601;19650630;   5;   2;    69.0;   -999;   -999;-999;eor
   997;19650701;19650731;   5;   2;   109.0;   -999;   -999;-999;eor
   997;19650801;19650831;   5;   2;    17.0;   -999;   -999;-999;eor
   997;19650901;19650930;   5;   2;    49.0;   -999;   -999;-999;eor
   997;19651001;19651031;   5;   2;     9.0;   -999;   -999;-999;eor
   997;19651101;19651130;   5;   2;    58.0;   -999;   -999;-999;eor
   997;19651201;19651231;   5;   2;    51.0;   -999;   -999;-999;eor
   997;19660101;19660131;   5;   2;    33.0;   -999;   -999;-999;eor
   997;19660201;19660228;   5;   2;    57.0;   -999;   -999;-999;eor
   997;19660301;19660331;   5;   2;    32.0;   -999;   -999;-999;eor
   997;19660401;19660430;   5;   2;    40.0;   -999;   -999;-999;eor
   997;19660501;19660531;   5;   2;    39.0;   -999;   -999;-999;eor
   997;19660601;19660630;   5;   2;   103.0;   -999;   -999;-999;eor
   997;19660701;19660731;   5;   2;    56.0;   -999;   -999;-999;eor
   997;19660801;19660831;   5;   2;    83.0;   -999;   -999;-999;eor
   997;19660901;19660930;   5;   2;    39.0;   -999;   -999;-999;eor
   997;19661001;19661031;   5;   2;    31.0;   -999;   -999;-999;eor
   997;19661101;19661130;   5;   2;    42.0;   -999;   -999;-999;eor
   997;19661201;19661231;   5;   2;    77.0;   -999;   -999;-999;eor
   997;19670101;19670131;   5;   2;    53.0;   -999;   -999;-999;eor
   997;19670201;19670228;   5;   2;    38.0;   -999;   -999;-999;eor
   997;19670301;19670331;   5;   2;    43.0;   -999;   -999;-999;eor
   997;19670401;19670430;   5;   2;    20.0;   -999;   -999;-999;eor
   997;19670501;19670531;   5;   2;    64.0;   -999;   -999;-999;eor
   997;19670601;19670630;   5;   2;    81.0;   -999;   -999;-999;eor
   997;19670701;19670731;   5;   2;    34.0;   -999;   -999;-999;eor
   997;19670801;19670831;   5;   2;    96.0;   -999;   -999;-999;eor
   997;19670901;19670930;   5;   2;    78.0;   -999;   -999;-999;eor
   997;19671001;19671031;   5;   2;    31.0;   -999;   -999;-999;eor
   997;19671101;19671130;   5;   2;    32.0;   -999;   -999;-999;eor
   997;19671201;19671231;   5;   2;    70.0;   -999;   -999;-999;eor
   997;19680101;19680131;   5;   2;    57.0;   -999;   -999;-999;eor
   997;19680201;19680229;   5;   2;    41.0;   -999;   -999;-999;eor
   997;19680301;19680331;   5;   2;    29.0;   -999;   -999;-999;eor
   997;19680401;19680430;   5;   2;    17.0;   -999;   -999;-999;eor
   997;19680501;19680531;   5;   2;    54.0;   -999;   -999;-999;eor
   997;19680601;19680630;   5;   2;    89.0;   -999;   -999;-999;eor
   997;19680701;19680731;   5;   2;    24.0;   -999;   -999;-999;eor
   997;19680801;19680831;   5;   2;    52.0;   -999;   -999;-999;eor
   997;19680901;19680930;   5;   2;   105.0;   -999;   -999;-999;eor
   997;19681001;19681031;   5;   2;    40.0;   -999;   -999;-999;eor
   997;19681101;19681130;   5;   2;    82.0;   -999;   -999;-999;eor
   997;19681201;19681231;   5;   2;    23.0;   -999;   -999;-999;eor
   997;19690401;19690430;   5;   2;    87.5;   -999;      3;   15.9;eor
   997;19690501;19690531;   5;   2;    70.0;   -999;      0;   18.2;eor
   997;19690601;19690630;   5;   2;    87.2;   -999;      0;   30.2;eor
   997;19690701;19690731;   5;   2;     3.1;   -999;      0;    1.8;eor
   997;19690801;19690831;   5;   2;   105.3;   -999;      0;   60.6;eor
   997;19690901;19690930;   5;   2;     2.2;   -999;      0;    1.4;eor
   997;19691001;19691031;   5;   2;    21.9;   -999;      0;    7.0;eor
   997;19691101;19691130;   5;   2;    42.7;   -999;      0;    8.9;eor
   997;19700301;19700331;   5;   2;    43.5;   -999;    545;   10.0;eor
   997;19700401;19700430;   5;   2;    54.5;   -999;      3;   14.4;eor
   997;19700501;19700531;   5;   2;    43.0;   -999;      0;    9.6;eor
   997;19700601;19700630;   5;   2;    53.7;   -999;      0;   22.1;eor
   997;19700801;19700831;   5;   2;    20.6;   -999;      0;    9.0;eor
   997;19700901;19700930;   5;   2;    42.6;   -999;      0;    9.0;eor
   997;19701001;19701031;   5;   2;    48.0;   -999;      0;    6.6;eor
   997;19701101;19701130;   5;   2;    59.2;   -999;      6;   13.1;eor
   997;19701201;19701231;   5;   2;    29.5;   -999;     32;    6.7;eor
   997;19710101;19710131;   5;   2;    21.9;   -999;    154;    5.0;eor
   997;19710201;19710228;   5;   2;    21.1;   -999;      3;    5.0;eor
   997;19710301;19710331;   5;   2;    18.5;   -999;     40;    6.0;eor
   997;19710401;19710430;   5;   2;    25.2;   -999;      0;    7.6;eor
   997;19710501;19710531;   5;   2;    62.6;   -999;      0;   18.3;eor
   997;19710601;19710630;   5;   2;   115.0;   -999;      0;   20.3;eor
   997;19710701;19710731;   5;   2;     6.2;   -999;      0;    2.8;eor
   997;19710801;19710831;   5;   2;    28.9;   -999;      0;   16.9;eor
   997;19710901;19710930;   5;   2;    55.4;   -999;      0;   12.9;eor
   997;19711001;19711031;   5;   2;    21.7;   -999;      0;    9.8;eor
   997;19711101;19711130;   5;   2;    30.3;   -999;     25;    7.0;eor
   997;19711201;19711231;   5;   2;    47.9;   -999;      0;    9.0;eor
   997;19720101;19720131;   5;   2;    18.4;   -999;     17;    8.0;eor
   997;19720201;19720229;   5;   2;     3.3;   -999;     26;    1.7;eor
   997;19720301;19720331;   5;   2;    38.7;   -999;      6;   16.0;eor
   997;19720401;19720430;   5;   2;    17.7;   -999;      0;    2.9;eor
   997;19720501;19720531;   5;   2;   101.1;   -999;      0;   24.9;eor
   997;19720601;19720630;   5;   2;    58.6;   -999;      0;   21.2;eor
   997;19720701;19720731;   5;   2;    74.8;   -999;      0;   22.0;eor
   997;19720801;19720831;   5;   2;    61.6;   -999;      0;   20.0;eor
   997;19720901;19720930;   5;   2;    41.7;   -999;      0;   13.1;eor
   997;19721001;19721031;   5;   2;    34.3;   -999;      0;   12.7;eor
   997;19721201;19721231;   5;   2;     5.1;   -999;      0;    2.0;eor
   997;19730101;19730131;   5;   2;    27.8;   -999;      5;    7.2;eor
   997;19730201;19730228;   5;   2;    25.2;   -999;     14;    5.0;eor
   997;19730301;19730331;   5;   2;    12.1;   -999;      1;    4.3;eor
   997;19730401;19730430;   5;   2;    41.6;   -999;      0;    5.0;eor
   997;19730501;19730531;   5;   2;    64.3;   -999;      0;   19.6;eor
   997;19730601;19730630;   5;   2;    34.0;   -999;      0;    8.0;eor
   997;19730701;19730731;   5;   2;    43.8;   -999;      0;    9.5;eor
   997;19730801;19730831;   5;   2;    31.2;   -999;      0;   14.4;eor
   997;19730901;19730930;   5;   2;    22.3;   -999;      0;    9.5;eor
   997;19731001;19731031;   5;   2;    49.1;   -999;      0;    8.8;eor
   997;19731101;19731130;   5;   2;    26.3;   -999;     23;    5.0;eor
   997;19731201;19731231;   5;   2;    47.5;   -999;     42;    7.2;eor
   997;19740101;19740131;   5;   2;    26.1;   -999;      1;    8.3;eor
   997;19740201;19740228;   5;   2;    50.7;   -999;      7;   16.0;eor
   997;19740301;19740331;   5;   2;    13.7;   -999;      0;    5.6;eor
   997;19740401;19740430;   5;   2;    10.3;   -999;      0;    5.1;eor
   997;19740501;19740531;   5;   2;    51.3;   -999;      0;   17.6;eor
   997;19740601;19740630;   5;   2;    51.2;   -999;      0;   12.7;eor
   997;19740701;19740731;   5;   2;    44.3;   -999;      0;    8.0;eor
   997;19740801;19740831;   5;   2;    55.6;   -999;      0;   30.0;eor
   997;19740901;19740930;   5;   2;    36.9;   -999;      0;   12.2;eor
   997;19741001;19741031;   5;   2;    96.3;   -999;      0;   29.5;eor
   997;19741101;19741130;   5;   2;    42.5;   -999;      0;   13.5;eor
   997;19741201;19741231;   5;   2;    90.8;   -999;      9;    9.5;eor
   997;19750101;19750131;   5;   2;    33.5;   -999;      0;    5.7;eor
   997;19750201;19750228;   5;   2;     7.4;   -999;      0;    3.0;eor
   997;19750301;19750331;   5;   2;    23.3;   -999;      3;    5.6;eor
   997;19750401;19750430;   5;   2;    47.8;   -999;      0;   14.2;eor
   997;19750501;19750531;   5;   2;    34.1;   -999;      0;    6.1;eor
   997;19750601;19750630;   5;   2;    73.8;   -999;      0;   22.5;eor
   997;19750701;19750731;   5;   2;    45.6;   -999;      0;   10.6;eor
   997;19750801;19750831;   5;   2;    73.3;   -999;      0;   49.4;eor
   997;19750901;19750930;   5;   2;    26.7;   -999;      0;   14.3;eor
   997;19751001;19751031;   5;   2;    41.3;   -999;      0;    7.4;eor
   997;19751101;19751130;   5;   2;    40.6;   -999;     56;   15.0;eor
   997;19751201;19751231;   5;   2;    26.7;   -999;      0;    6.7;eor
   997;19760101;19760131;   5;   2;   100.5;   -999;     27;   12.9;eor
   997;19760201;19760229;   5;   2;    13.9;   -999;     16;    4.3;eor
   997;19760301;19760331;   5;   2;    17.7;   -999;      6;    4.3;eor
   997;19760401;19760430;   5;   2;     9.4;   -999;      0;    2.2;eor
   997;19760501;19760531;   5;   2;    37.3;   -999;      0;   11.3;eor
   997;19760601;19760630;   5;   2;    14.4;   -999;      0;    4.7;eor
   997;19760701;19760731;   5;   2;    21.2;   -999;      0;   10.0;eor
   997;19760801;19760831;   5;   2;    16.5;   -999;      0;    5.6;eor
   997;19760901;19760930;   5;   2;    27.1;   -999;      0;    6.0;eor
   997;19761001;19761031;   5;   2;    22.0;   -999;      0;    9.7;eor
   997;19761101;19761130;   5;   2;    32.9;   -999;      0;    6.5;eor
   997;19761201;19761231;   5;   2;    20.4;   -999;     64;    3.5;eor
   997;19770101;19770131;   5;   2;    27.1;   -999;     39;    5.3;eor
   997;19770201;19770228;   5;   2;    40.7;   -999;      0;    5.4;eor
   997;19770301;19770331;   5;   2;    32.0;   -999;      0;    6.0;eor
   997;19770401;19770430;   5;   2;    61.1;   -999;      0;   19.2;eor
   997;19770501;19770531;   5;   2;    52.4;   -999;      0;   20.5;eor
   997;19770601;19770630;   5;   2;    77.0;   -999;      0;   18.1;eor
   997;19770701;19770731;   5;   2;    52.8;   -999;      0;   14.9;eor
   997;19770801;19770831;   5;   2;    52.5;   -999;      0;   11.8;eor
   997;19770901;19770930;   5;   2;    53.6;   -999;      0;   16.6;eor
   997;19771001;19771031;   5;   2;    30.4;   -999;      0;    8.2;eor
   997;19771101;19771130;   5;   2;    54.3;   -999;      0;   10.8;eor
   997;19771201;19771231;   5;   2;    32.8;   -999;      0;    9.0;eor
   997;19780101;19780131;   5;   2;    14.8;   -999;      3;    4.0;eor
   997;19780301;19780331;   5;   2;    43.6;   -999;      0;    7.2;eor
   997;19780401;19780430;   5;   2;    15.0;   -999;      0;    7.0;eor
   997;19780501;19780531;   5;   2;    56.9;   -999;      0;   15.5;eor
   997;19780601;19780630;   5;   2;    46.2;   -999;      0;   11.0;eor
   997;19780701;19780731;   5;   2;    35.3;   -999;      0;    8.6;eor
   997;19780801;19780831;   5;   2;   131.1;   -999;      0;   91.9;eor
   997;19780901;19780930;   5;   2;    88.9;   -999;      0;   17.0;eor
   997;19781001;19781031;   5;   2;    49.4;   -999;      0;   10.5;eor
   997;19781101;19781130;   5;   2;    17.4;   -999;      0;   14.5;eor
   997;19781201;19781231;   5;   2;    66.6;   -999;     12;    9.8;eor
   997;19790301;19790331;   5;   2;    61.1;   -999;     46;    9.3;eor
   997;19790401;19790430;   5;   2;    36.9;   -999;      0;    7.3;eor
   997;19790501;19790531;   5;   2;    50.1;   -999;      0;   20.0;eor
   997;19790601;19790630;   5;   2;    59.3;   -999;      0;   21.0;eor
   997;19790701;19790731;   5;   2;    60.4;   -999;      0;   21.9;eor
   997;19790801;19790831;   5;   2;    33.5;   -999;      0;   10.5;eor
   997;19790901;19790930;   5;   2;    31.4;   -999;      0;   13.7;eor
   997;19791001;19791031;   5;   2;     4.7;   -999;      0;    1.6;eor
   997;19791101;19791130;   5;   2;    59.7;   -999;      0;   12.0;eor
   997;19791201;19791231;   5;   2;    66.3;   -999;     21;   15.0;eor
   997;19800101;19800131;   5;   2;    18.3;   -999;    168;    6.1;eor
   997;19800201;19800229;   5;   2;    40.1;   -999;     37;   11.6;eor
   997;19800301;19800331;   5;   2;    13.3;   -999;      6;    4.0;eor
   997;19800401;19800430;   5;   2;    90.7;   -999;      0;   24.0;eor
   997;19800501;19800531;   5;   2;    27.2;   -999;      0;   13.5;eor
   997;19800601;19800630;   5;   2;    50.5;   -999;      0;   15.3;eor
   997;19800801;19800831;   5;   2;    39.3;   -999;      0;   13.4;eor
   997;19800901;19800930;   5;   2;    41.8;   -999;      0;   12.3;eor
   997;19801001;19801031;   5;   2;    50.3;   -999;      0;   22.8;eor
   997;19801101;19801130;   5;   2;    36.7;   -999;     17;   10.8;eor
   997;19801201;19801231;   5;   2;    36.0;   -999;     45;    7.0;eor
   997;19810101;19810131;  10;   2;    40.0;   -999;    178;   12.9;eor
   997;19810201;19810228;  10;   2;    23.5;   -999;     16;    4.7;eor
   997;19810301;19810331;  10;   2;    90.2;   -999;      8;   16.0;eor
   997;19810401;19810430;  10;   2;    28.5;   -999;      0;   13.3;eor
   997;19810501;19810531;  10;   2;    30.9;   -999;      0;   13.7;eor
   997;19810601;19810630;  10;   2;    53.0;   -999;      0;   13.7;eor
   997;19810701;19810731;  10;   2;    84.6;   -999;      0;   29.9;eor
   997;19810801;19810831;  10;   2;    44.3;   -999;      0;   10.5;eor
   997;19810901;19810930;  10;   2;    48.6;   -999;      0;   30.0;eor
   997;19811001;19811031;  10;   2;    76.9;   -999;      0;   16.8;eor
   997;19811101;19811130;  10;   2;    34.5;   -999;      0;    7.9;eor
   997;19811201;19811231;  10;   2;    66.6;   -999;    330;   17.8;eor
   997;19820101;19820131;  10;   2;    45.5;   -999;     44;   14.4;eor
   997;19820201;19820228;  10;   2;    11.9;   -999;      0;   10.7;eor
   997;19820301;19820331;  10;   2;    18.7;   -999;      0;    5.7;eor
   997;19820401;19820430;  10;   2;    15.6;   -999;      0;    5.1;eor
   997;19820501;19820531;  10;   2;    51.9;   -999;      0;   16.5;eor
   997;19820601;19820630;  10;   2;    48.2;   -999;      0;    9.7;eor
   997;19820701;19820731;  10;   2;    31.7;   -999;      0;   21.3;eor
   997;19820801;19820831;  10;   2;    15.5;   -999;      0;    6.3;eor
   997;19820901;19820930;  10;   2;    21.5;   -999;      0;   18.6;eor
   997;19821001;19821031;  10;   2;    41.2;   -999;      0;    8.3;eor
   997;19821101;19821130;  10;   2;    24.8;   -999;      0;    7.9;eor
   997;19821201;19821231;  10;   2;    37.4;   -999;      0;    4.5;eor
   997;19830101;19830131;  10;   2;    66.5;   -999;      1;    9.8;eor
   997;19830201;19830228;  10;   2;    22.8;   -999;     69;    6.2;eor
   997;19830301;19830331;  10;   2;    30.4;   -999;      0;    5.0;eor
   997;19830401;19830430;  10;   2;    72.8;   -999;      0;   17.2;eor
   997;19830501;19830531;  10;   2;    64.2;   -999;      0;   12.1;eor
   997;19830601;19830630;  10;   2;    21.4;   -999;      0;    9.5;eor
   997;19830701;19830731;  10;   2;    12.4;   -999;      0;    9.4;eor
   997;19830801;19830831;  10;   2;    77.3;   -999;      0;   34.1;eor
   997;19830901;19830930;  10;   2;    39.5;   -999;      0;   11.2;eor
   997;19840201;19840229;  10;   2;    25.0;   -999;      3;    7.0;eor
   997;19840301;19840331;  10;   2;     9.2;   -999;      0;    2.4;eor
   997;19840401;19840430;  10;   2;    45.2;   -999;      0;   12.6;eor
   997;19840501;19840531;  10;   2;    72.5;   -999;      0;   16.3;eor
   997;19840601;19840630;  10;   2;    58.2;   -999;      0;   11.7;eor
   997;19840701;19840731;  10;   2;    31.7;   -999;      0;    9.1;eor
   997;19840801;19840831;  10;   2;    57.5;   -999;      0;   15.1;eor
   997;19841101;19841130;  10;   2;    36.1;   -999;      2;   14.2;eor
   997;19841201;19841231;  10;   2;    31.4;   -999;      7;   10.0;eor
   997;19850101;19850131;  10;   2;    28.1;   -999;    196;    8.4;eor
   997;19850201;19850228;  10;   2;    16.5;   -999;      6;    6.6;eor
   997;19850301;19850331;  10;   2;    38.1;   -999;     19;   11.5;eor
   997;19851201;19851231;  10;   2;    48.9;   -999;     34;    6.3;eor
   997;19860101;19860131;  10;   2;    50.4;   -999;    101;    9.0;eor
   997;19860201;19860228;  10;   2;    17.5;   -999;    232;   12.3;eor
   997;19860301;19860331;  10;   2;    58.9;   -999;     75;   21.5;eor
   997;19860401;19860430;  10;   2;    40.6;   -999;      3;    8.0;eor
   997;19860501;19860531;  10;   2;   105.9;   -999;      0;   28.6;eor
   997;19860601;19860630;  10;   2;    62.4;   -999;      0;   17.0;eor
   997;19860701;19860731;  10;   2;    30.0;   -999;      0;   12.6;eor
   997;19860801;19860831;  10;   2;    48.3;   -999;      0;   15.0;eor
   997;19860901;19860930;  10;   2;    70.3;   -999;      0;   37.3;eor
   997;19861101;19861130;  10;   2;    12.1;   -999;      0;    6.6;eor
   997;19861201;19861231;  10;   2;   100.3;   -999;     59;   24.7;eor
   997;19870101;19870131;  10;   2;    45.8;   -999;    368;    5.8;eor
   997;19870201;19870228;  10;   2;    51.3;   -999;    173;   12.2;eor
   997;19870301;19870331;  10;   2;    22.2;   -999;     43;    5.4;eor
   997;19870401;19870430;  10;   2;    29.6;   -999;      0;   12.5;eor
   997;19870501;19870531;  10;   2;    56.8;   -999;      0;   15.5;eor
   997;19870601;19870630;  10;   2;    67.6;   -999;      0;   27.5;eor
   997;19870701;19870731;  10;   2;    62.9;   -999;      0;   25.6;eor
   997;19870801;19870831;  10;   2;    61.6;   -999;      0;    8.7;eor
   997;19870901;19870930;  10;   2;    41.2;   -999;      0;   12.5;eor
   997;19871001;19871031;  10;   2;    18.0;   -999;      0;    8.4;eor
   997;19871101;19871130;  10;   2;    58.1;   -999;      0;   19.9;eor
   997;19871201;19871231;  10;   2;    45.3;   -999;      0;   11.3;eor
   997;19880101;19880131;  10;   2;    35.4;   -999;      9;    5.8;eor
   997;19880201;19880229;  10;   2;    71.8;   -999;     20;   14.3;eor
   997;19880301;19880331;  10;   2;    60.9;   -999;     12;    6.6;eor
   997;19880401;19880430;  10;   2;     0.3;   -999;      0;    0.2;eor
   997;19880501;19880531;  10;   2;     7.0;   -999;      0;    2.5;eor
   997;19880601;19880630;  10;   2;    55.0;   -999;      0;   11.6;eor
   997;19880701;19880731;  10;   2;    68.5;   -999;      0;   14.7;eor
   997;19880801;19880831;  10;   2;    36.1;   -999;      0;   18.4;eor
   997;19880901;19880930;  10;   2;    25.3;   -999;      0;    5.0;eor
   997;19881001;19881031;  10;   2;     5.7;   -999;      0;    1.9;eor
   997;19881101;19881130;  10;   2;    29.9;   -999;      1;    5.5;eor
   997;19881201;19881231;  10;   2;    52.7;   -999;     34;    8.7;eor
   997;19890101;19890131;  10;   2;    11.8;   -999;      0;    3.6;eor
   997;19890201;19890228;  10;   2;    30.7;   -999;      0;    9.2;eor
   997;19890301;19890331;  10;   2;    19.5;   -999;      0;    4.0;eor
   997;19890401;19890430;  10;   2;    39.8;   -999;      0;   17.9;eor
   997;19890501;19890531;  10;   2;     8.5;   -999;      0;    3.5;eor
   997;19890601;19890630;  10;   2;    34.6;   -999;      0;    9.4;eor
   997;19890701;19890731;  10;   2;    51.9;   -999;      0;   22.9;eor
   997;19890801;19890831;  10;   2;    37.6;   -999;      0;    6.6;eor
   997;19890901;19890930;  10;   2;    14.9;   -999;      0;    5.4;eor
   997;19891001;19891031;  10;   2;    34.1;   -999;      0;   12.2;eor
   997;19891101;19891130;  10;   2;    73.5;   -999;     19;   29.4;eor
   997;19891201;19891231;  10;   2;    46.5;   -999;      0;   14.3;eor
   997;19900101;19900131;  10;   2;    21.8;   -999;      7;    5.9;eor
   997;19900201;19900228;  10;   2;    51.6;   -999;      2;   12.4;eor
   997;19900301;19900331;  10;   2;    17.7;   -999;      2;    6.8;eor
   997;19900401;19900430;  10;   2;    23.2;   -999;      0;    3.7;eor
   997;19900501;19900531;  10;   2;    25.1;   -999;      0;   17.2;eor
   997;19900601;19900630;  10;   2;   142.9;   -999;      0;   30.6;eor
   997;19900701;19900731;  10;   2;    15.8;   -999;      0;    6.5;eor
   997;19900801;19900831;  10;   2;    58.4;   -999;      0;   15.0;eor
   997;19900901;19900930;  10;   2;    41.8;   -999;      0;    6.9;eor
   997;19901001;19901031;  10;   2;     8.0;   -999;      0;    2.8;eor
   997;19901101;19901130;  10;   2;    49.4;   -999;      0;   12.8;eor
   997;19901201;19901231;  10;   2;    63.4;   -999;     63;   19.8;eor
   997;19910101;19910131;   9;   2;    15.8;      0;      0;    5.5;eor
   997;19910201;19910228;   9;   2;    22.8;     26;    195;    6.0;eor
   997;19910301;19910331;   9;   2;    28.4;      0;      0;   14.2;eor
   997;19910401;19910430;   9;   2;    28.9;      2;      2;    7.8;eor
   997;19910501;19910531;   9;   2;    38.9;      0;      0;    8.7;eor
   997;19910601;19910630;   9;   2;    60.1;      0;      0;   17.5;eor
   997;19910701;19910731;   9;   2;    11.9;      0;      0;    3.3;eor
   997;19910801;19910831;   9;   2;    31.6;      0;      0;   10.9;eor
   997;19910901;19910930;   9;   2;    20.4;      0;      0;    8.3;eor
   997;19911001;19911031;   9;   2;    21.3;      0;      0;    6.4;eor
   997;19911101;19911130;   9;   2;    52.2;      0;      0;   14.6;eor
   997;19911201;19911231;   9;   2;    38.3;      0;      0;   14.0;eor
   997;19920101;19920131;   9;   2;    51.0;      0;      0;   18.1;eor
   997;19920201;19920229;   9;   2;    36.3;      3;      3;    8.2;eor
   997;19920301;19920331;   9;   2;    77.5;      0;      0;   11.4;eor
   997;19920401;19920430;   9;   2;    17.8;      0;      0;    3.5;eor
   997;19920501;19920531;   9;   2;    21.2;      0;      0;    9.8;eor
   997;19920601;19920630;   9;   2;    23.5;      0;      0;   10.9;eor
   997;19920901;19920930;   9;   2;    17.6;      0;      0;    5.5;eor
   997;19921001;19921031;   9;   2;    45.1;      0;      0;    9.4;eor
   997;19921101;19921130;   9;   2;    60.9;      0;      0;    9.0;eor
   997;19921201;19921231;   9;   2;    53.6;      0;      0;   16.2;eor
   997;19930101;19930131;   9;   2;    51.9;      0;      0;   15.3;eor
   997;19930201;19930228;   9;   2;    37.8;     16;     20;   10.2;eor
   997;19930301;19930331;   9;   2;     8.3;      0;      0;    2.5;eor
   997;19930401;19930430;   9;   2;    22.9;      0;      0;   11.8;eor
   997;19930501;19930531;   9;   2;    61.6;      0;      0;   16.5;eor
   997;19930601;19930630;   9;   2;    96.9;      0;      0;   28.5;eor
   997;19930701;19930731;   9;   2;   102.3;      0;      0;   17.7;eor
   997;19930801;19930831;   9;   2;    64.4;      0;      0;   26.4;eor
   997;19930901;19930930;   9;   2;    55.6;      0;      0;   15.2;eor
   997;19931001;19931031;   9;   2;    18.4;      0;      0;    4.8;eor
   997;19931101;19931130;   9;   2;    32.9;     21;    108;    8.7;eor
   997;19931201;19931231;   9;   2;    76.3;     12;     37;   11.8;eor
   997;19940101;19940131;   9;   2;    67.0;      0;      0;   13.5;eor
   997;19940201;19940228;   9;   2;     6.9;     10;     16;    3.0;eor
   997;19940301;19940331;   9;   2;    94.8;      0;      0;   10.0;eor
   997;19940401;19940430;   9;   2;    87.1;      0;      0;   38.6;eor
   997;19940501;19940531;   9;   2;    87.1;      0;      0;   41.5;eor
   997;19940601;19940630;   9;   2;    39.7;      0;      0;   11.4;eor
   997;19940701;19940731;   9;   2;    37.6;      0;      0;   28.5;eor
   997;19940801;19940831;   9;   2;   104.5;      0;      0;   30.4;eor
   997;19940901;19940930;   9;   2;    67.7;      0;      0;   18.4;eor
   997;19941001;19941031;   9;   2;    26.2;      0;      0;   10.5;eor
   997;19941101;19941130;   9;   2;    28.5;      0;      0;   10.5;eor
   997;19941201;19941231;   9;   2;    39.4;      2;      2;    7.8;eor
   997;19950101;19950131;   9;   2;    56.0;     12;     43;   10.0;eor
   997;19950201;19950228;   9;   2;    52.8;      0;      0;    8.9;eor
   997;19950301;19950331;   9;   2;    41.1;      4;      4;    7.0;eor
   997;19950401;19950430;   9;   2;    37.5;      0;      0;   10.3;eor
   997;19950501;19950531;   9;   2;    38.6;      0;      0;   12.1;eor
   997;19950601;19950630;   9;   2;    80.3;      0;      0;   17.5;eor
   997;19950701;19950731;   9;   2;    69.0;      0;      0;   21.9;eor
   997;19950801;19950831;   9;   2;    52.4;      0;      0;   32.0;eor
   997;19950901;19950930;   9;   2;    56.9;      0;      0;   13.4;eor
   997;19951001;19951031;   9;   2;     8.7;      0;      0;    2.5;eor
   997;19951101;19951130;   9;   2;    55.8;      7;      7;   13.6;eor
   997;19951201;19951231;   9;   2;    29.0;      9;     34;   12.2;eor
   997;19960101;19960131;   9;   2;     4.4;      7;     36;    2.1;eor
   997;19960201;19960229;   9;   2;    26.7;     21;    105;    5.9;eor
   997;19960301;19960331;   9;   2;    12.9;      6;      6;    5.0;eor
   997;19960401;19960430;   9;   2;     8.5;      2;      2;    3.8;eor
   997;19960501;19960531;   9;   2;    98.6;      0;      0;   22.5;eor
   997;19960601;19960630;   9;   2;    51.8;      0;      0;   23.1;eor
   997;19960701;19960731;   9;   2;    69.2;      0;      0;   18.4;eor
   997;19960801;19960831;   9;   2;    33.1;      0;      0;   11.1;eor
   997;19960901;19960930;   9;   2;    33.7;      0;      0;    6.5;eor
   997;19961001;19961031;   9;   2;    38.6;      0;      0;   12.4;eor
   997;19961101;19961130;   9;   2;    35.2;     15;     21;    6.5;eor
   997;19961201;19961231;   9;   2;     9.3;      3;      6;    3.8;eor
   997;19970101;19970131;   9;   2;     5.6;      1;     31;    1.7;eor
   997;19970201;19970228;   9;   2;    43.6;      0;      0;   14.4;eor
   997;19970301;19970331;   9;   2;    20.3;      0;      0;    5.8;eor
   997;19970401;19970430;   9;   2;    26.4;      0;      0;    9.3;eor
   997;19970501;19970531;   9;   2;    48.1;      0;      0;   22.1;eor
   997;19970601;19970630;   9;   2;    33.2;      0;      0;    8.8;eor
   997;19970701;19970731;   9;   2;    83.3;      0;      0;   35.6;eor
   997;19970801;19970831;   9;   2;    17.4;      0;      0;   10.1;eor
   997;19970901;19970930;   9;   2;    17.3;      0;      0;    5.2;eor
   997;19971001;19971031;   9;   2;    36.7;      0;      0;    7.7;eor
   997;19971101;19971130;   9;   2;    11.1;      0;      0;    3.8;eor
   997;19971201;19971231;   9;   2;    80.0;      2;      3;   10.5;eor
   997;19980101;19980131;   9;   2;    44.6;      6;     17;    8.2;eor
   997;19980201;19980228;   9;   2;    11.0;      4;      6;    2.6;eor
   997;19980301;19980331;   9;   2;    44.9;      0;      0;    7.5;eor
   997;19980401;19980430;   9;   2;    37.6;      0;      0;    7.1;eor
   997;19980501;19980531;   9;   2;    20.0;      0;      0;   12.9;eor
   997;19980601;19980630;   9;   2;    85.6;      0;      0;   22.8;eor
   997;19980701;19980731;   9;   2;    45.5;      0;      0;   11.6;eor
   997;19980801;19980831;   9;   2;    41.7;      0;      0;    8.5;eor
   997;19980901;19980930;   9;   2;    45.3;      0;      0;   11.7;eor
   997;19981001;19981031;   9;   2;    82.6;      0;      0;   20.0;eor
   997;19981101;19981130;   9;   2;    37.0;      4;      4;   15.0;eor
   997;19981201;19981231;   9;   2;    26.6;     10;     60;    6.3;eor
   997;19990101;19990131;   9;   2;    26.2;      7;     14;    5.6;eor
   997;19990201;19990228;   9;   2;    38.9;     12;     15;    8.9;eor
   997;19990301;19990331;   9;   2;    39.7;      0;      0;    8.1;eor
   997;19990401;19990430;   9;   2;    27.5;      0;      0;    6.4;eor
   997;19990501;19990531;   9;   2;    33.2;      0;      0;   11.3;eor
   997;19990601;19990630;   9;   2;    43.7;      0;      0;   10.8;eor
   997;19990701;19990731;   9;   2;    46.2;      0;      0;   30.5;eor
   997;19990801;19990831;   9;   2;    31.2;      0;      0;   14.0;eor
   997;19990901;19990930;   9;   2;    12.9;      0;      0;    6.2;eor
   997;19991001;19991031;   9;   2;    12.3;      0;      0;    2.9;eor
   997;19991101;19991130;   9;   2;    30.1;      9;     15;    8.8;eor
   997;19991201;19991231;   9;   2;    60.6;     12;     28;   10.7;eor
   997;20000101;20000131;   9;   2;    42.1;      6;     21;    5.7;eor
   997;20000201;20000229;   9;   2;    46.3;      3;      3;    7.6;eor
   997;20000301;20000331;   9;   2;    73.9;      0;      0;   10.8;eor
   997;20000401;20000430;   9;   2;    24.7;      0;      0;   15.8;eor
   997;20000501;20000531;   9;   2;    34.5;      0;      0;   11.8;eor
   997;20000601;20000630;   9;   2;    19.2;      0;      0;   10.1;eor
   997;20000701;20000731;   9;   2;    37.2;      0;      0;   12.8;eor
   997;20000801;20000831;   9;   2;    73.8;      0;      0;   17.5;eor
