STATIONS_ID; MESS_DATUM_BEGINN; MESS_DATUM_ENDE; QUALITAETS_NIVEAU; ART; NIEDERSCHLAGSHOEHE;NEUSCHNEEHOEHE;SCHNEEHOEHE; max(NIEDERSCHLAGSHOEHE);eor
  1548;19310101;19310131;   5;   2;   149.4;   -999;   -999;   24.0;eor
  1548;19310201;19310228;   5;   2;   106.5;   -999;   -999;   21.3;eor
  1548;19310301;19310331;   5;   2;    93.8;   -999;   -999;   24.0;eor
  1548;19310401;19310430;   5;   2;    85.5;   -999;   -999;   11.0;eor
  1548;19310501;19310531;   5;   2;   116.2;   -999;   -999;   32.4;eor
  1548;19310601;19310630;   5;   2;   172.8;   -999;   -999;   36.0;eor
  1548;19310701;19310731;   5;   2;   305.2;   -999;   -999;   65.0;eor
  1548;19310801;19310831;   5;   2;   249.5;   -999;   -999;   52.9;eor
  1548;19310901;19310930;   5;   2;   150.1;   -999;   -999;   37.7;eor
  1548;19311001;19311031;   5;   2;    61.1;   -999;   -999;   14.0;eor
  1548;19311101;19311130;   5;   2;    40.2;   -999;   -999;   12.0;eor
  1548;19311201;19311231;   5;   2;    73.2;   -999;   -999;   13.8;eor
  1548;19320101;19320131;   5;   2;    75.6;   -999;   -999;   24.0;eor
  1548;19320201;19320229;   5;   2;    23.5;   -999;   -999;    7.2;eor
  1548;19320301;19320331;   5;   2;    86.0;   -999;   -999;   29.5;eor
  1548;19320401;19320430;   5;   2;    95.1;   -999;   -999;   20.0;eor
  1548;19320501;19320531;   5;   2;   153.0;   -999;   -999;   30.5;eor
  1548;19320601;19320630;   5;   2;    90.2;   -999;   -999;   16.8;eor
  1548;19320701;19320731;   5;   2;   309.1;   -999;   -999;   47.8;eor
  1548;19320801;19320831;   5;   2;   156.1;   -999;   -999;   39.1;eor
  1548;19320901;19320930;   5;   2;   124.3;   -999;   -999;   32.0;eor
  1548;19321001;19321031;   5;   2;   143.1;   -999;   -999;   21.4;eor
  1548;19321101;19321130;   5;   2;    84.0;   -999;   -999;   24.0;eor
  1548;19321201;19321231;   5;   2;    16.5;   -999;   -999;    8.2;eor
  1548;19330101;19330131;   5;   2;    82.1;   -999;   -999;   24.2;eor
  1548;19330201;19330228;   5;   2;    71.0;   -999;   -999;   14.5;eor
  1548;19330301;19330331;   5;   2;    54.5;   -999;   -999;   17.1;eor
  1548;19330401;19330430;   5;   2;   125.5;   -999;   -999;   14.3;eor
  1548;19330501;19330531;   5;   2;   277.8;   -999;   -999;   32.3;eor
  1548;19330601;19330630;   5;   2;   198.0;   -999;   -999;   37.5;eor
  1548;19330701;19330731;   5;   2;   256.7;   -999;   -999;   39.0;eor
  1548;19330801;19330831;   5;   2;   167.9;   -999;   -999;   23.3;eor
  1548;19330901;19330930;   5;   2;   102.6;   -999;   -999;   19.2;eor
  1548;19331001;19331031;   5;   2;   156.7;   -999;   -999;   36.0;eor
  1548;19331101;19331130;   5;   2;    88.7;   -999;   -999;   33.2;eor
  1548;19331201;19331231;   5;   2;    87.6;   -999;   -999;   31.3;eor
  1548;19340101;19340131;   5;   2;    93.2;   -999;   -999;   17.3;eor
  1548;19340201;19340228;   5;   2;    13.8;   -999;   -999;    4.8;eor
  1548;19340301;19340331;   5;   2;    66.1;   -999;   -999;   13.2;eor
  1548;19340401;19340430;   5;   2;    48.3;   -999;   -999;   18.1;eor
  1548;19340501;19340531;   5;   2;    61.4;   -999;   -999;   18.3;eor
  1548;19340601;19340630;   5;   2;   228.4;   -999;   -999;   39.2;eor
  1548;19340701;19340731;   5;   2;   232.2;   -999;   -999;   34.9;eor
  1548;19340801;19340831;   5;   2;   263.8;   -999;   -999;   47.5;eor
  1548;19340901;19340930;   5;   2;   139.1;   -999;   -999;   46.1;eor
  1548;19341001;19341031;   5;   2;    91.1;   -999;   -999;   26.8;eor
  1548;19341101;19341130;   5;   2;    25.3;   -999;   -999;    7.8;eor
  1548;19341201;19341231;   5;   2;    53.2;   -999;   -999;   10.2;eor
  1548;19350101;19350131;   5;   2;   113.7;   -999;   -999;   22.2;eor
  1548;19350201;19350228;   5;   2;   192.5;   -999;   -999;   31.0;eor
  1548;19350301;19350331;   5;   2;    98.0;   -999;   -999;   26.2;eor
  1548;19350401;19350430;   5;   2;   139.9;   -999;   -999;   32.8;eor
  1548;19350501;19350531;   5;   2;   113.3;   -999;   -999;   22.1;eor
  1548;19350601;19350630;   5;   2;   163.4;   -999;   -999;   54.4;eor
  1548;19350701;19350731;   5;   2;   133.9;   -999;   -999;   31.1;eor
  1548;19350801;19350831;   5;   2;   136.5;   -999;   -999;   16.8;eor
  1548;19350901;19350930;   5;   2;   100.9;   -999;   -999;   24.9;eor
  1548;19351001;19351031;   5;   2;   168.0;   -999;   -999;   42.5;eor
  1548;19351101;19351130;   5;   2;    56.3;   -999;   -999;   17.4;eor
  1548;19351201;19351231;   5;   2;    82.4;   -999;   -999;   23.7;eor
  1548;19360101;19360131;   5;   2;   164.2;   -999;   -999;   56.8;eor
  1548;19360201;19360229;   5;   2;    80.9;   -999;   -999;   17.1;eor
  1548;19360301;19360331;   5;   2;    53.6;   -999;   -999;   29.3;eor
  1548;19360401;19360430;   5;   2;   123.1;   -999;   -999;   20.1;eor
  1548;19360501;19360531;   5;   2;   180.3;   -999;   -999;   20.1;eor
  1548;19360601;19360630;   5;   2;   246.1;   -999;   -999;   40.3;eor
  1548;19360701;19360731;   5;   2;   264.1;   -999;   -999;   33.9;eor
  1548;19360801;19360831;   5;   2;   134.5;   -999;   -999;   38.1;eor
  1548;19360901;19360930;   5;   2;   213.3;   -999;   -999;   42.8;eor
  1548;19361001;19361031;   5;   2;   132.6;   -999;   -999;   33.4;eor
  1548;19361101;19361130;   5;   2;    35.0;   -999;   -999;   19.7;eor
  1548;19361201;19361231;   5;   2;    89.8;   -999;   -999;   37.1;eor
  1548;19370101;19370131;   5;   2;    98.8;   -999;   -999;   23.8;eor
  1548;19370201;19370228;   5;   2;   223.8;   -999;   -999;   38.2;eor
  1548;19370301;19370331;   5;   2;    74.0;   -999;   -999;   15.4;eor
  1548;19370401;19370430;   5;   2;    60.9;   -999;   -999;   12.1;eor
  1548;19370501;19370531;   5;   2;    81.8;   -999;   -999;   19.8;eor
  1548;19370601;19370630;   5;   2;   181.8;   -999;   -999;   35.0;eor
  1548;19370701;19370731;   5;   2;   132.4;   -999;   -999;   22.4;eor
  1548;19370801;19370831;   5;   2;   313.7;   -999;   -999;   77.8;eor
  1548;19370901;19370930;   5;   2;   210.5;   -999;   -999;   33.8;eor
  1548;19371001;19371031;   5;   2;   110.4;   -999;   -999;   23.5;eor
  1548;19371101;19371130;   5;   2;    63.5;   -999;   -999;   17.8;eor
  1548;19371201;19371231;   5;   2;   110.9;   -999;   -999;   21.0;eor
  1548;19380101;19380131;   5;   2;   155.8;   -999;   -999;   29.0;eor
  1548;19380201;19380228;   5;   2;    71.6;   -999;   -999;   27.2;eor
  1548;19380301;19380331;   5;   2;    82.5;   -999;   -999;   19.3;eor
  1548;19380401;19380430;   5;   2;   150.0;   -999;   -999;   18.9;eor
  1548;19380501;19380531;   5;   2;   134.4;   -999;   -999;   20.4;eor
  1548;19380601;19380630;   5;   2;   148.5;   -999;   -999;   35.1;eor
  1548;19380701;19380731;   5;   2;   169.6;   -999;   -999;   26.1;eor
  1548;19380801;19380831;   5;   2;   259.1;   -999;   -999;   44.8;eor
  1548;19380901;19380930;   5;   2;    83.2;   -999;   -999;   24.5;eor
  1548;19381001;19381031;   5;   2;    77.2;   -999;   -999;   23.1;eor
  1548;19381101;19381130;   5;   2;    25.2;   -999;   -999;    6.7;eor
  1548;19381201;19381231;   5;   2;    72.0;   -999;   -999;   17.8;eor
  1548;19390101;19390131;   5;   2;    77.5;   -999;   -999;   15.8;eor
  1548;19390201;19390228;   5;   2;    42.8;   -999;   -999;    7.8;eor
  1548;19390301;19390331;   5;   2;   203.1;   -999;   -999;   22.4;eor
  1548;19390401;19390430;   5;   2;    59.9;   -999;   -999;   21.4;eor
  1548;19390501;19390531;   5;   2;   238.5;   -999;   -999;   29.8;eor
  1548;19390601;19390630;   5;   2;   182.0;   -999;   -999;   48.9;eor
  1548;19390701;19390731;   5;   2;   216.3;   -999;   -999;   44.1;eor
  1548;19390801;19390831;   5;   2;   136.0;   -999;   -999;   47.8;eor
  1548;19390901;19390930;   5;   2;   174.2;   -999;   -999;   56.2;eor
  1548;19391001;19391031;   5;   2;   183.0;   -999;   -999;   25.3;eor
  1548;19391101;19391130;   5;   2;   161.4;   -999;   -999;   35.8;eor
  1548;19391201;19391231;   5;   2;    85.3;   -999;   -999;   23.6;eor
  1548;19400101;19400131;   5;   2;   104.1;   -999;   -999;   37.9;eor
  1548;19400201;19400229;   5;   2;    92.8;   -999;   -999;   28.4;eor
  1548;19400301;19400331;   5;   2;   130.6;   -999;   -999;   29.4;eor
  1548;19400401;19400430;   5;   2;    54.2;   -999;   -999;   11.2;eor
  1548;19400501;19400531;   5;   2;   276.9;   -999;   -999;   79.9;eor
  1548;19400601;19400630;   5;   2;    89.9;   -999;   -999;   17.8;eor
  1548;19400701;19400731;   5;   2;   237.0;   -999;   -999;   35.4;eor
  1548;19400801;19400831;   5;   2;   154.7;   -999;   -999;   35.2;eor
  1548;19400901;19400930;   5;   2;   202.3;   -999;   -999;   51.1;eor
  1548;19401001;19401031;   5;   2;    67.4;   -999;   -999;   11.4;eor
  1548;19401101;19401130;   5;   2;   119.1;   -999;   -999;   21.4;eor
  1548;19401201;19401231;   5;   2;   121.7;   -999;   -999;   28.4;eor
  1548;19410101;19410131;   5;   2;    25.7;   -999;   -999;   10.2;eor
  1548;19410201;19410228;   5;   2;    82.2;   -999;   -999;   18.4;eor
  1548;19410301;19410331;   5;   2;   105.1;   -999;   -999;   29.8;eor
  1548;19410401;19410430;   5;   2;    95.5;   -999;   -999;    7.9;eor
  1548;19410501;19410531;   5;   2;   137.7;   -999;   -999;   33.2;eor
  1548;19410601;19410630;   5;   2;   123.4;   -999;   -999;   24.4;eor
  1548;19410701;19410731;   5;   2;   284.6;   -999;   -999;   48.0;eor
  1548;19410801;19410831;   5;   2;   339.0;   -999;   -999;   71.5;eor
  1548;19410901;19410930;   5;   2;   112.5;   -999;   -999;   24.7;eor
  1548;19411001;19411031;   5;   2;   192.9;   -999;   -999;   23.8;eor
  1548;19411101;19411130;   5;   2;    66.0;   -999;   -999;   18.4;eor
  1548;19411201;19411231;   5;   2;    96.9;   -999;   -999;   16.8;eor
  1548;19420101;19420131;   5;   2;   110.2;   -999;   -999;   16.8;eor
  1548;19420201;19420228;   5;   2;    38.2;   -999;   -999;   11.9;eor
  1548;19420301;19420331;   5;   2;    74.3;   -999;   -999;   18.4;eor
  1548;19420401;19420430;   5;   2;    85.8;   -999;   -999;   23.6;eor
  1548;19420501;19420531;   5;   2;   166.0;   -999;   -999;   32.2;eor
  1548;19420601;19420630;   5;   2;   173.8;   -999;   -999;   40.2;eor
  1548;19420701;19420731;   5;   2;   181.3;   -999;   -999;   25.6;eor
  1548;19420801;19420831;   5;   2;   214.9;   -999;   -999;   62.8;eor
  1548;19420901;19420930;   5;   2;    93.1;   -999;   -999;   16.3;eor
  1548;19421001;19421031;   5;   2;    89.2;   -999;   -999;   21.8;eor
  1548;19421101;19421130;   5;   2;   175.2;   -999;   -999;   28.8;eor
  1548;19421201;19421231;   5;   2;    30.8;   -999;   -999;   18.9;eor
  1548;19430101;19430131;   5;   2;    82.3;   -999;   -999;   22.0;eor
  1548;19430201;19430228;   5;   2;    79.6;   -999;   -999;   14.8;eor
  1548;19430301;19430331;   5;   2;   106.7;   -999;   -999;   24.0;eor
  1548;19430401;19430430;   5;   2;   177.3;   -999;   -999;   24.8;eor
  1548;19430501;19430531;   5;   2;   157.7;   -999;   -999;   22.7;eor
  1548;19430601;19430630;   5;   2;   237.7;   -999;   -999;   40.8;eor
  1548;19430701;19430731;   5;   2;   133.9;   -999;   -999;   24.2;eor
  1548;19430801;19430831;   5;   2;   118.1;   -999;   -999;   17.8;eor
  1548;19430901;19430930;   5;   2;   187.2;   -999;   -999;   32.8;eor
  1548;19431001;19431031;   5;   2;     0.0;   -999;   -999;    0.0;eor
  1548;19431101;19431130;   5;   2;    91.7;   -999;   -999;   17.6;eor
  1548;19431201;19431231;   5;   2;    64.4;   -999;   -999;   16.1;eor
  1548;19440101;19440131;   5;   2;   105.5;   -999;   -999;   21.1;eor
  1548;19440201;19440229;   5;   2;   101.1;   -999;   -999;   19.1;eor
  1548;19440301;19440331;   5;   2;   167.4;   -999;   -999;   30.0;eor
  1548;19440401;19440430;   5;   2;   101.9;   -999;   -999;   19.5;eor
  1548;19440501;19440531;   5;   2;   130.2;   -999;   -999;   22.8;eor
  1548;19440601;19440630;   5;   2;   219.3;   -999;   -999;   34.4;eor
  1548;19440701;19440731;   5;   2;   187.2;   -999;   -999;   38.9;eor
  1548;19440801;19440831;   5;   2;   156.1;   -999;   -999;   35.5;eor
  1548;19440901;19440930;   5;   2;   260.8;   -999;   -999;   51.2;eor
  1548;19441001;19441031;   5;   2;   150.9;   -999;   -999;   32.9;eor
  1548;19441101;19441130;   5;   2;   377.8;   -999;   -999;   76.8;eor
  1548;19441201;19441231;   5;   2;    94.6;   -999;   -999;   38.2;eor
  1548;19470101;19470131;   5;   2;    39.2;   -999;   -999;    7.3;eor
  1548;19470201;19470228;   5;   2;    39.1;   -999;   -999;    9.6;eor
  1548;19470301;19470331;   5;   2;    92.3;   -999;   -999;   14.6;eor
  1548;19470401;19470430;   5;   2;    53.0;   -999;      8;   14.3;eor
  1548;19470501;19470531;   5;   2;    73.5;   -999;      0;   12.3;eor
  1548;19470601;19470630;   5;   2;    87.2;   -999;      0;   21.6;eor
  1548;19470701;19470731;   5;   2;   163.3;   -999;      0;   42.5;eor
  1548;19470801;19470831;   5;   2;    51.1;   -999;      0;   28.3;eor
  1548;19470901;19470930;   5;   2;    21.6;   -999;      0;    7.4;eor
  1548;19471001;19471031;   5;   2;    35.3;   -999;      0;   16.5;eor
  1548;19471101;19471130;   5;   2;   179.7;   -999;     88;   24.0;eor
  1548;19471201;19471231;   5;   2;   112.1;   -999;   -999;   12.3;eor
  1548;19480101;19480131;   5;   2;   107.5;   -999;   -999;   24.9;eor
  1548;19480201;19480229;   5;   2;   170.3;   -999;   -999;   25.3;eor
  1548;19480301;19480331;   5;   2;   101.6;   -999;    315;   34.4;eor
  1548;19480401;19480430;   5;   2;    73.3;   -999;     41;   20.6;eor
  1548;19480501;19480531;   5;   2;    87.5;   -999;      0;   33.6;eor
  1548;19480601;19480630;   5;   2;   257.2;   -999;      0;   28.4;eor
  1548;19480701;19480731;   5;   2;   244.2;   -999;      0;   41.4;eor
  1548;19480801;19480831;   5;   2;   151.8;   -999;      0;   24.5;eor
  1548;19480901;19480930;   5;   2;    54.7;   -999;      0;   26.8;eor
  1548;19481001;19481031;   5;   2;    52.5;   -999;      0;   24.7;eor
  1548;19481101;19481130;   5;   2;    36.6;   -999;     17;   21.1;eor
  1548;19481201;19481231;   5;   2;    32.6;     47;    462;   15.3;eor
  1548;19490101;19490131;   5;   2;    72.0;    147;   1210;   31.1;eor
  1548;19490201;19490228;   5;   2;    31.0;     52;   1300;   11.1;eor
  1548;19490301;19490331;   5;   2;    65.9;    171;   1891;   29.1;eor
  1548;19490401;19490430;   5;   2;    95.9;     26;    230;   21.3;eor
  1548;19490501;19490531;   5;   2;   166.2;     33;     70;   31.8;eor
  1548;19490601;19490630;   5;   2;   109.2;      0;      0;   24.2;eor
  1548;19490701;19490731;   5;   2;    98.9;      0;      0;   18.6;eor
  1548;19490801;19490831;   5;   2;   270.5;      0;      0;   44.3;eor
  1548;19490901;19490930;   5;   2;    55.2;      0;      0;   13.4;eor
  1548;19491001;19491031;   5;   2;    55.3;     22;     38;   14.3;eor
  1548;19491101;19491130;   5;   2;    77.6;   -999;    213;   22.4;eor
  1548;19491201;19491231;   5;   2;   127.9;     70;    708;   26.3;eor
  1548;19500101;19500131;   5;   2;    91.3;     85;   1667;   19.8;eor
  1548;19500201;19500228;   5;   2;   107.5;     98;   1739;   23.7;eor
  1548;19500301;19500331;   5;   2;    38.5;     12;   1342;    7.2;eor
  1548;19500401;19500430;   5;   2;   118.7;     50;     58;   18.6;eor
  1548;19500501;19500531;   5;   2;    51.3;      0;      0;   13.3;eor
  1548;19500601;19500630;   5;   2;    88.0;      0;      0;   16.3;eor
  1548;19500701;19500731;   5;   2;   146.4;      0;      0;   27.0;eor
  1548;19500801;19500831;   5;   2;   158.4;      0;      0;   25.4;eor
  1548;19500901;19500930;   5;   2;   130.9;      0;      0;   31.3;eor
  1548;19501001;19501031;   5;   2;    29.1;     22;     62;    6.3;eor
  1548;19501101;19501130;   5;   2;   111.9;     87;    241;   19.8;eor
  1548;19501201;19501231;   5;   2;    53.8;     68;   1319;   19.7;eor
  1548;19510101;19510131;   5;   2;   177.4;    159;   2317;   34.9;eor
  1548;19510201;19510228;   5;   2;    92.6;    115;   2783;   16.3;eor
  1548;19510301;19510331;   5;   2;   117.3;    123;   2710;   19.9;eor
  1548;19510401;19510430;   5;   2;    37.8;     36;   1190;    7.9;eor
  1548;19510501;19510531;   5;   2;    51.3;      3;      3;   15.4;eor
  1548;19510601;19510630;   5;   2;   168.2;      0;      0;   29.0;eor
  1548;19510701;19510731;   5;   2;   175.2;      0;      0;   27.7;eor
  1548;19510801;19510831;   5;   2;   135.6;      0;      0;   25.3;eor
  1548;19510901;19510930;   5;   2;    92.2;      0;      0;   27.5;eor
  1548;19511001;19511031;   5;   2;    12.3;      0;      0;    7.2;eor
  1548;19511101;19511130;   5;   2;    75.5;     60;     98;   12.4;eor
  1548;19511201;19511231;   5;   2;    55.6;     63;    955;   16.4;eor
  1548;19520101;19520131;   5;   2;   146.6;    209;   2172;   36.7;eor
  1548;19520201;19520229;   5;   2;   116.9;    256;   5142;   31.9;eor
  1548;19520301;19520331;   5;   2;    78.4;   -999;   -999;   10.4;eor
  1548;19520401;19520430;   5;   2;    29.2;     18;    575;    8.9;eor
  1548;19520501;19520531;   5;   2;   105.8;      0;      0;   24.8;eor
  1548;19520601;19520630;   5;   2;   142.6;      0;      0;   27.6;eor
  1548;19520701;19520731;   5;   2;   100.1;      0;      0;   31.4;eor
  1548;19520801;19520831;   5;   2;   138.5;      0;      0;   20.4;eor
  1548;19520901;19520930;   5;   2;   110.7;      3;      3;   16.7;eor
  1548;19521001;19521031;   5;   2;   125.1;      5;      8;   23.4;eor
  1548;19521101;19521130;   5;   2;   122.7;    152;   1192;   22.8;eor
  1548;19521201;19521231;   5;   2;    67.2;    137;   1350;   14.8;eor
  1548;19530101;19530131;   5;   2;    35.8;     91;   1991;   10.1;eor
  1548;19530201;19530228;   5;   2;    39.7;   -999;   -999;    9.2;eor
  1548;19530301;19530331;   5;   2;    32.6;     65;   1382;   14.9;eor
  1548;19530401;19530430;   5;   2;    69.4;     49;    186;   14.8;eor
  1548;19530501;19530531;   5;   2;   124.5;     39;    110;   15.1;eor
  1548;19530601;19530630;   5;   2;   137.3;      2;      2;   33.4;eor
  1548;19530701;19530731;   5;   2;   222.0;      0;      0;   31.8;eor
  1548;19530801;19530831;   5;   2;   110.8;      0;      0;   33.2;eor
  1548;19530901;19530930;   5;   2;    66.5;      0;      0;   17.7;eor
  1548;19531001;19531031;   5;   2;    40.7;      6;      6;   15.9;eor
  1548;19531101;19531130;   5;   2;     5.9;      2;      2;    3.7;eor
  1548;19531201;19531231;   5;   2;    55.7;     78;    240;   22.9;eor
  1548;19540101;19540131;   5;   2;   137.3;    198;   2034;   29.9;eor
  1548;19540201;19540228;   5;   2;    33.2;     45;   1634;   13.2;eor
  1548;19540301;19540331;   5;   2;    27.3;     31;   1290;    6.4;eor
  1548;19540401;19540430;   5;   2;   121.6;     97;    395;   37.7;eor
  1548;19540501;19540531;   5;   2;   179.2;     33;     53;   32.3;eor
  1548;19540601;19540630;   5;   2;   176.2;      0;      0;   33.2;eor
  1548;19540701;19540731;   5;   2;   257.5;      0;      0;   62.4;eor
  1548;19540801;19540831;   5;   2;   169.8;      0;      0;   33.5;eor
  1548;19540901;19540930;   5;   2;   172.8;      3;      3;   31.0;eor
  1548;19541001;19541031;   5;   2;   130.9;      1;      1;   29.4;eor
  1548;19541101;19541130;   5;   2;    59.6;     41;    219;   13.3;eor
  1548;19541201;19541231;   5;   2;   126.3;    161;   1039;   22.9;eor
  1548;19550101;19550131;   5;   2;    81.8;     43;   1351;   26.1;eor
  1548;19550201;19550228;   5;   2;   141.2;    221;   2011;   25.7;eor
  1548;19550301;19550331;   5;   2;    47.8;     83;   2454;   11.9;eor
  1548;19550401;19550430;   5;   2;   138.0;     88;    909;   21.4;eor
  1548;19550501;19550531;   5;   2;   139.0;     22;     27;   20.2;eor
  1548;19550601;19550630;   5;   2;   164.0;      0;      0;   22.9;eor
  1548;19550701;19550731;   5;   2;   221.6;      0;      0;   76.0;eor
  1548;19550801;19550831;   5;   2;    95.4;      0;      0;   16.2;eor
  1548;19550901;19550930;   5;   2;   121.6;      0;      0;   27.8;eor
  1548;19551001;19551031;   5;   2;    79.3;     31;     45;   19.6;eor
  1548;19551101;19551130;   5;   2;    48.9;     68;    217;   18.2;eor
  1548;19551201;19551231;   5;   2;   109.4;     90;    805;   19.7;eor
  1548;19560101;19560131;   5;   2;   114.7;    159;   1217;   36.3;eor
  1548;19560201;19560229;   5;   2;    39.1;     92;   3326;   14.9;eor
  1548;19560301;19560331;   5;   2;   124.8;     89;   1707;   33.7;eor
  1548;19560401;19560430;   5;   2;    93.5;     99;    182;   23.6;eor
  1548;19560501;19560531;   5;   2;   118.9;     13;     13;   30.8;eor
  1548;19560601;19560630;   5;   2;   183.5;     10;     13;   37.5;eor
  1548;19560701;19560731;   5;   2;   130.1;      0;      0;   32.9;eor
  1548;19560801;19560831;   5;   2;   241.9;      0;      0;   40.1;eor
  1548;19560901;19560930;   5;   2;   128.1;      0;      0;   42.7;eor
  1548;19561001;19561031;   5;   2;   155.3;     79;    233;   30.0;eor
  1548;19561101;19561130;   5;   2;    60.9;     36;    705;   16.7;eor
  1548;19561201;19561231;   5;   2;    52.3;     28;    306;   14.6;eor
  1548;19570101;19570131;   5;   2;    52.3;     60;    890;   15.2;eor
  1548;19570201;19570228;   5;   2;   124.0;     71;    334;   69.4;eor
  1548;19570301;19570331;   5;   2;    60.2;     15;    174;   21.6;eor
  1548;19570401;19570430;   5;   2;    91.5;     33;     63;   17.7;eor
  1548;19570501;19570531;   5;   2;   130.8;     35;     63;   18.2;eor
  1548;19570601;19570630;   5;   2;   190.8;      0;      0;   25.4;eor
  1548;19570701;19570731;   5;   2;   245.6;      0;      0;   40.1;eor
  1548;19570801;19570831;   5;   2;   193.9;      0;      0;   30.4;eor
  1548;19570901;19570930;   5;   2;    92.3;      2;      2;   24.3;eor
  1548;19571001;19571031;   5;   2;    30.2;      3;      3;   10.5;eor
  1548;19571101;19571130;   5;   2;    32.6;      0;      0;   15.7;eor
  1548;19571201;19571231;   5;   2;    17.4;      9;     22;    5.7;eor
  1548;19580101;19580131;   5;   2;   102.8;    132;   1054;   17.2;eor
  1548;19580201;19580228;   5;   2;   125.7;    141;   1305;   22.4;eor
  1548;19580301;19580331;   5;   2;   105.5;    180;   2424;   22.9;eor
  1548;19580401;19580430;   5;   2;    65.8;     95;    920;   10.2;eor
  1548;19580501;19580531;   5;   2;   105.7;      0;      0;   23.0;eor
  1548;19580601;19580630;   5;   2;   156.7;      0;      0;   24.8;eor
  1548;19580701;19580731;   5;   2;   189.9;      0;      0;   46.5;eor
  1548;19580801;19580831;   5;   2;   112.0;      0;      0;   16.2;eor
  1548;19580901;19580930;   5;   2;   131.9;      0;      0;   35.4;eor
  1548;19581001;19581031;   5;   2;   135.0;     72;    538;   32.7;eor
  1548;19581101;19581130;   5;   2;    42.4;     18;    183;    8.1;eor
  1548;19581201;19581231;   5;   2;    82.7;     53;    410;   14.7;eor
  1548;19590101;19590131;   5;   2;    93.2;    150;   2020;   13.9;eor
  1548;19590201;19590228;   5;   2;    22.1;     47;   1550;   22.1;eor
  1548;19590301;19590331;   5;   2;    63.0;     36;    791;   21.3;eor
  1548;19590401;19590430;   5;   2;   100.1;     24;     37;   31.7;eor
  1548;19590501;19590531;   5;   2;   128.1;      8;      8;   47.7;eor
  1548;19590601;19590630;   5;   2;   233.6;      0;      0;   70.4;eor
  1548;19590701;19590731;   5;   2;   143.1;      0;      0;   45.4;eor
  1548;19590801;19590831;   5;   2;   165.1;      0;      0;   28.5;eor
  1548;19590901;19590930;   5;   2;    54.6;      0;      0;   26.1;eor
  1548;19591001;19591031;   5;   2;    50.2;     26;     56;   32.4;eor
  1548;19591101;19591130;   5;   2;    44.7;     54;    516;   30.0;eor
  1548;19591201;19591231;   5;   2;    60.8;     96;    352;   17.8;eor
  1548;19600101;19600131;   5;   2;   114.6;    156;   2146;   30.7;eor
  1548;19600201;19600229;   5;   2;    84.9;    104;   2202;   19.4;eor
  1548;19600301;19600331;   5;   2;   106.4;     97;   2063;   32.3;eor
  1548;19600401;19600430;   5;   2;    76.0;     47;    194;   17.9;eor
  1548;19600501;19600531;   5;   2;   137.7;      4;     46;   31.4;eor
  1548;19600601;19600630;   5;   2;   159.6;      0;      0;   32.1;eor
  1548;19600701;19600731;   5;   2;   218.4;      0;      0;   30.8;eor
  1548;19600801;19600831;   5;   2;   162.0;      0;      0;   32.4;eor
  1548;19600901;19600930;   5;   2;   144.0;      0;      0;   30.2;eor
  1548;19601001;19601031;   5;   2;    89.3;     39;     89;   13.9;eor
  1548;19601101;19601130;   5;   2;    49.6;   -999;   -999;   11.0;eor
  1548;19601201;19601231;   5;   2;    55.1;     86;    652;   10.9;eor
  1548;19610101;19610131;   5;   2;    33.0;     57;   1274;    7.9;eor
  1548;19610201;19610228;   5;   2;    89.6;    139;   1542;   24.9;eor
  1548;19610301;19610331;   5;   2;    55.0;     90;    416;   12.9;eor
  1548;19610401;19610430;   5;   2;    88.0;      0;      0;   20.7;eor
  1548;19610501;19610531;   5;   2;   256.9;     29;     37;   34.6;eor
  1548;19610601;19610630;   5;   2;   174.3;      0;      0;   38.5;eor
  1548;19610701;19610731;   5;   2;   178.0;      0;      0;   24.8;eor
  1548;19610801;19610831;   5;   2;   179.1;      0;      0;   43.3;eor
  1548;19610901;19610930;   5;   2;    67.7;      0;      0;   25.8;eor
  1548;19611001;19611031;   5;   2;    53.7;     25;     57;   18.1;eor
  1548;19611101;19611130;   5;   2;    34.3;     25;     84;   17.8;eor
  1548;19611201;19611231;   5;   2;   134.7;     55;    250;   54.6;eor
  1548;19620101;19620131;   5;   2;   107.4;    193;   1182;   15.8;eor
  1548;19620201;19620228;   5;   2;   114.6;    209;   2469;   23.3;eor
  1548;19620301;19620331;   5;   2;    63.8;    108;   2117;   11.7;eor
  1548;19620401;19620430;   5;   2;    74.8;    115;   1420;   19.7;eor
  1548;19620501;19620531;   5;   2;   234.9;     71;     94;   30.0;eor
  1548;19620601;19620630;   5;   2;   116.6;     17;     23;   15.3;eor
  1548;19620701;19620731;   5;   2;   169.8;      0;      0;   35.7;eor
  1548;19620801;19620831;   5;   2;    90.1;      0;      0;   23.8;eor
  1548;19620901;19620930;   5;   2;    96.6;      2;      2;   30.2;eor
  1548;19621001;19621031;   5;   2;    23.6;     12;     20;    8.3;eor
  1548;19621101;19621130;   5;   2;    69.3;     87;    336;   18.7;eor
  1548;19621201;19621231;   5;   2;   193.4;    319;   2499;   30.9;eor
  1548;19630101;19630131;   5;   2;    59.1;    114;   3546;   18.4;eor
  1548;19630201;19630228;   5;   2;    24.1;     51;   2939;    5.9;eor
  1548;19630301;19630331;   5;   2;    68.6;     83;   2415;   15.7;eor
  1548;19630401;19630430;   5;   2;    48.2;     22;    866;   13.0;eor
  1548;19630501;19630531;   5;   2;   166.8;     20;     20;   25.0;eor
  1548;19630601;19630630;   5;   2;   202.3;      0;      0;   26.1;eor
  1548;19630701;19630731;   5;   2;   144.9;      0;      0;   32.6;eor
  1548;19630801;19630831;   5;   2;   235.9;      0;      0;   38.7;eor
  1548;19630901;19630930;   5;   2;   164.2;      0;      0;   25.7;eor
  1548;19631001;19631031;   5;   2;    62.0;      0;      0;   33.1;eor
  1548;19631101;19631130;   5;   2;    83.6;     24;     46;   25.2;eor
  1548;19631201;19631231;   5;   2;    22.4;     28;    362;   15.9;eor
  1548;19640101;19640131;   5;   2;    32.0;     47;    562;   10.9;eor
  1548;19640201;19640229;   5;   2;    96.6;    152;   1685;   24.7;eor
  1548;19640301;19640331;   5;   2;    68.4;     88;   1098;   17.2;eor
  1548;19640401;19640430;   5;   2;   121.4;     74;    124;   18.9;eor
  1548;19640501;19640531;   5;   2;   200.5;      0;      0;   50.4;eor
  1548;19640601;19640630;   5;   2;   176.5;      0;      0;   52.9;eor
  1548;19640701;19640731;   5;   2;    87.6;      0;      0;   24.9;eor
  1548;19640801;19640831;   5;   2;   266.1;      0;      0;   71.4;eor
  1548;19640901;19640930;   5;   2;   108.3;      3;      3;   28.4;eor
  1548;19641001;19641031;   5;   2;   233.6;    118;    507;   59.5;eor
  1548;19641101;19641130;   5;   2;    97.2;     25;     80;   35.2;eor
  1548;19641201;19641231;   5;   2;    55.7;    131;   1394;   18.3;eor
  1548;19650101;19650131;   5;   2;    55.0;    117;   2083;   16.3;eor
  1548;19650201;19650228;   5;   2;   125.1;    258;   3234;   16.3;eor
  1548;19650301;19650331;   5;   2;    65.4;     63;   2778;   10.9;eor
  1548;19650401;19650430;   5;   2;   149.4;    180;    757;   27.2;eor
  1548;19650501;19650531;   5;   2;   238.5;      8;      8;   29.7;eor
  1548;19650601;19650630;   5;   2;   197.3;      0;      0;   80.1;eor
  1548;19650701;19650731;   5;   2;   179.6;      0;      0;   28.5;eor
  1548;19650801;19650831;   5;   2;   110.9;      0;      0;   28.2;eor
  1548;19650901;19650930;   5;   2;   126.1;      0;      0;   40.6;eor
  1548;19651001;19651031;   5;   2;     4.1;      0;      0;    3.2;eor
  1548;19651101;19651130;   5;   2;    90.5;    100;    333;   10.4;eor
  1548;19651201;19651231;   5;   2;   195.5;    286;   2124;   25.9;eor
  1548;19660101;19660131;   5;   2;    56.4;     96;   3167;   12.9;eor
  1548;19660201;19660228;   5;   2;    50.0;     28;   1374;    9.7;eor
  1548;19660301;19660331;   5;   2;   125.2;    203;   1631;   20.9;eor
  1548;19660401;19660430;   5;   2;    82.7;      0;    385;   18.3;eor
  1548;19660501;19660531;   5;   2;   100.5;     10;     10;   18.3;eor
  1548;19660601;19660630;   5;   2;   214.1;      0;      0;   57.5;eor
  1548;19660701;19660731;   5;   2;   316.8;      0;      0;   53.2;eor
  1548;19660801;19660831;   5;   2;   313.5;      0;      0;   53.9;eor
  1548;19660901;19660930;   5;   2;    80.7;      0;      0;   28.5;eor
  1548;19661001;19661031;   5;   2;    88.1;      8;     14;   35.3;eor
  1548;19661101;19661130;   5;   2;   144.6;    200;    774;   40.3;eor
  1548;19661201;19661231;   5;   2;   189.5;    292;   2783;   29.5;eor
  1548;19670101;19670131;   5;   2;    94.7;    140;   3242;   20.7;eor
  1548;19670201;19670228;   5;   2;    39.9;     44;   2553;   12.8;eor
  1548;19670301;19670331;   5;   2;   213.4;    301;   2982;   34.9;eor
  1548;19670401;19670430;   5;   2;   109.0;    172;   2807;   16.9;eor
  1548;19670501;19670531;   5;   2;   125.2;     21;    566;   28.7;eor
  1548;19670601;19670630;   5;   2;   170.3;      0;      0;   32.6;eor
  1548;19670701;19670731;   5;   2;   157.5;      0;      0;   30.7;eor
  1548;19670801;19670831;   5;   2;   124.7;      0;      0;   23.1;eor
  1548;19670901;19670930;   5;   2;   147.5;      0;      0;   24.3;eor
  1548;19671001;19671031;   5;   2;    58.9;     10;     10;   17.2;eor
  1548;19671101;19671130;   5;   2;    36.6;     13;     21;   12.3;eor
  1548;19671201;19671231;   5;   2;    99.4;    120;    831;   18.3;eor
  1548;19680101;19680131;   5;   2;   240.3;    362;   2979;   30.9;eor
  1548;19680201;19680229;   5;   2;    50.9;     62;   3110;   10.9;eor
  1548;19680301;19680331;   5;   2;    70.7;    126;   3641;   33.3;eor
  1548;19680401;19680430;   5;   2;    64.9;     38;   1226;   12.8;eor
  1548;19680501;19680531;   5;   2;   110.3;      7;      7;   23.4;eor
  1548;19680601;19680630;   5;   2;   214.2;      0;      0;   40.0;eor
  1548;19680701;19680731;   5;   2;   265.6;      0;      0;   42.8;eor
  1548;19680801;19680831;   5;   2;   216.1;      0;      0;   31.2;eor
  1548;19680901;19680930;   5;   2;   159.5;      0;      0;   22.1;eor
  1548;19681001;19681031;   5;   2;    78.7;      0;      0;   41.3;eor
  1548;19681101;19681130;   5;   2;    23.4;      1;      2;   12.3;eor
  1548;19681201;19681231;   5;   2;    59.8;    102;    443;   20.4;eor
  1548;19690101;19690131;   5;   2;    58.4;    116;   1753;   17.3;eor
  1548;19690201;19690228;   5;   2;    32.1;     71;   1755;    6.7;eor
  1548;19690301;19690331;   5;   2;    57.8;     73;    731;   13.6;eor
  1548;19690401;19690430;   5;   2;    91.2;    122;    489;   26.7;eor
  1548;19690501;19690531;   5;   2;   109.1;      1;      1;   21.4;eor
  1548;19690601;19690630;   5;   2;   161.5;      4;      4;   26.1;eor
  1548;19690701;19690731;   5;   2;   132.3;      0;      0;   33.1;eor
  1548;19690801;19690831;   5;   2;   228.4;      0;      0;   36.4;eor
  1548;19690901;19690930;   5;   2;    64.6;      0;      0;   29.7;eor
  1548;19691001;19691031;   5;   2;    18.6;      0;      0;   11.3;eor
  1548;19691101;19691130;   5;   2;    93.3;     76;    196;   20.8;eor
  1548;19691201;19691231;   5;   2;    69.5;    132;   2034;   23.1;eor
  1548;19700101;19700131;   5;   2;    63.8;     97;   2071;   14.7;eor
  1548;19700201;19700228;   5;   2;   188.4;    289;   3142;   18.7;eor
  1548;19700301;19700331;   5;   2;    96.6;    144;   4836;   28.9;eor
  1548;19700401;19700430;   5;   2;   177.5;   -999;   -999;   25.3;eor
  1548;19700501;19700531;   5;   2;   107.9;     53;   1076;   15.3;eor
  1548;19700601;19700630;   5;   2;   165.4;      0;      0;   21.3;eor
  1548;19700701;19700731;   5;   2;   191.7;      0;      0;   29.8;eor
  1548;19700801;19700831;   5;   2;   317.4;      0;      0;   56.7;eor
  1548;19700901;19700930;   5;   2;    91.7;      0;      0;   40.8;eor
  1548;19701001;19701031;   5;   2;   131.6;     91;    280;   30.7;eor
  1548;19701101;19701130;   5;   2;    83.8;   -999;   -999;   15.6;eor
  1548;19701201;19701231;   5;   2;    44.2;   -999;   -999;   10.1;eor
  1548;19710101;19710131;   5;   2;     9.2;     17;    889;    3.7;eor
  1548;19710201;19710228;   5;   2;   122.2;    230;   1782;   28.9;eor
  1548;19710301;19710331;   5;   2;    50.8;    104;   2873;   18.1;eor
  1548;19710401;19710430;   5;   2;    43.2;     20;     43;   15.8;eor
  1548;19710501;19710531;   5;   2;   123.0;      0;      0;   17.1;eor
  1548;19710601;19710630;   5;   2;   265.2;      0;      0;   39.2;eor
  1548;19710701;19710731;   5;   2;    91.0;      0;      0;   33.7;eor
  1548;19710801;19710831;   5;   2;   207.6;      0;      0;   33.8;eor
  1548;19710901;19710930;   5;   2;    99.9;      1;      1;   22.1;eor
  1548;19711001;19711031;   5;   2;    33.2;      2;      3;   24.1;eor
  1548;19711101;19711130;   5;   2;    69.7;     50;    345;   22.0;eor
  1548;19711201;19711231;   5;   2;    33.6;     51;   1113;    8.1;eor
  1548;19720101;19720131;   5;   2;     6.8;     15;    656;    3.1;eor
  1548;19720201;19720229;   5;   2;    21.9;     35;    650;   13.4;eor
  1548;19720301;19720331;   5;   2;    22.6;     17;     26;    9.9;eor
  1548;19720401;19720430;   5;   2;   142.3;     87;    191;   17.9;eor
  1548;19720501;19720531;   5;   2;   116.9;      4;      4;   14.9;eor
  1548;19720601;19720630;   5;   2;   137.4;      0;      0;   29.5;eor
  1548;19720701;19720731;   5;   2;   230.2;      0;      0;   35.4;eor
  1548;19720801;19720831;   5;   2;   113.2;      0;      0;   27.0;eor
  1548;19720901;19720930;   5;   2;    76.2;      0;      0;   32.6;eor
  1548;19721001;19721031;   5;   2;    98.8;    100;    330;   30.0;eor
  1548;19721101;19721130;   5;   2;   197.8;     90;    405;   28.5;eor
  1548;19721201;19721231;   5;   2;     7.9;     12;   1108;    4.5;eor
  1548;19730101;19730131;   5;   2;    84.1;    139;   1041;   29.3;eor
  1548;19730201;19730228;   5;   2;   116.4;    219;   2773;   30.6;eor
  1548;19730301;19730331;   5;   2;    71.4;    124;   3383;   14.4;eor
  1548;19730401;19730430;   5;   2;   112.5;   -999;   -999;   12.9;eor
  1548;19730501;19730531;   5;   2;    86.9;     18;     78;   22.1;eor
  1548;19730601;19730630;   5;   2;   202.6;      0;      0;   36.5;eor
  1548;19730701;19730731;   5;   2;   199.7;      0;      0;   21.4;eor
  1548;19730801;19730831;   5;   2;   144.5;      0;      0;   28.5;eor
  1548;19730901;19730930;   5;   2;   116.8;      0;      0;   26.0;eor
  1548;19731001;19731031;   5;   2;   115.3;     38;    139;   35.3;eor
  1548;19731101;19731130;   5;   2;   174.1;   -999;   -999;   40.0;eor
  1548;19731201;19731231;   5;   2;    94.0;    163;   2296;   19.3;eor
  1548;19740101;19740131;   5;   2;    73.5;     78;   2037;   33.8;eor
  1548;19740201;19740228;   5;   2;    58.0;    104;   2205;   14.3;eor
  1548;19740301;19740331;   5;   2;    36.9;     26;   1742;    8.9;eor
  1548;19740401;19740430;   5;   2;    77.1;     71;    183;   17.9;eor
  1548;19740501;19740531;   5;   2;   134.8;      0;      0;   33.0;eor
  1548;19740601;19740630;   5;   2;   178.0;      0;      0;   27.4;eor
  1548;19740701;19740731;   5;   2;   259.0;      0;      0;   54.6;eor
  1548;19740801;19740831;   5;   2;   213.2;      0;      0;   41.6;eor
  1548;19740901;19740930;   5;   2;   231.5;     10;     10;   30.7;eor
  1548;19741001;19741031;   5;   2;   152.8;    156;    389;   14.9;eor
  1548;19741101;19741130;   5;   2;    76.6;   -999;   -999;   19.2;eor
  1548;19741201;19741231;   5;   2;   152.0;    155;   1719;   19.7;eor
  1548;19750101;19750131;   5;   2;    63.5;     73;   2008;   14.7;eor
  1548;19750201;19750228;   5;   2;    16.5;     34;   1755;    5.9;eor
  1548;19750301;19750331;   5;   2;    92.3;    130;    675;   26.3;eor
  1548;19750401;19750430;   5;   2;    83.7;     77;   1181;   16.1;eor
  1548;19750501;19750531;   5;   2;   131.8;      4;      4;   22.0;eor
  1548;19750601;19750630;   5;   2;   241.9;     11;     18;   59.1;eor
  1548;19750701;19750731;   5;   2;   200.8;      1;      1;   38.6;eor
  1548;19750801;19750831;   5;   2;   172.2;      0;      0;   24.5;eor
  1548;19750901;19750930;   5;   2;    76.1;      0;      0;   18.8;eor
  1548;19751001;19751031;   5;   2;    57.1;      3;      4;   20.3;eor
  1548;19751101;19751130;   5;   2;    75.4;     18;    144;   25.1;eor
  1548;19751201;19751231;   5;   2;    18.8;     63;   1092;    9.8;eor
  1548;19760101;19760131;   5;   2;   113.5;    153;   1501;   23.4;eor
  1548;19760201;19760229;   5;   2;    13.0;     27;   1537;    5.2;eor
  1548;19760301;19760331;   5;   2;    31.2;     30;    309;    4.2;eor
  1548;19760401;19760430;   5;   2;    74.1;     53;    115;   19.6;eor
  1548;19760501;19760531;   5;   2;   190.4;      0;      0;   27.8;eor
  1548;19760601;19760630;   5;   2;   125.6;      0;      0;   48.3;eor
  1548;19760701;19760731;   5;   2;   164.2;      0;      0;   29.0;eor
  1548;19760801;19760831;   5;   2;   104.5;      0;      0;   14.7;eor
  1548;19760901;19760930;   5;   2;   127.1;      0;      0;   15.4;eor
  1548;19761001;19761031;   5;   2;    50.0;      0;      0;   14.8;eor
  1548;19761101;19761130;   5;   2;   142.1;   -999;   -999;   19.4;eor
  1548;19761201;19761231;   5;   2;   132.7;    213;   2794;   33.7;eor
  1548;19770101;19770131;   5;   2;    64.9;    125;   2760;   16.3;eor
  1548;19770201;19770228;   5;   2;   116.0;     88;   2035;   21.2;eor
  1548;19770301;19770331;   5;   2;    72.8;     38;    983;   14.6;eor
  1548;19770401;19770430;   5;   2;   208.4;    208;    888;   30.0;eor
  1548;19770501;19770531;   5;   2;    77.9;      0;      0;   22.3;eor
  1548;19770601;19770630;   5;   2;   190.7;      0;      0;   32.7;eor
  1548;19770701;19770731;   5;   2;   297.4;      0;      0;  136.7;eor
  1548;19770801;19770831;   5;   2;   187.9;      0;      0;   44.3;eor
  1548;19770901;19770930;   5;   2;    75.0;      0;      0;   19.2;eor
  1548;19771001;19771031;   5;   2;    48.0;      4;      4;   11.2;eor
  1548;19771101;19771130;   5;   2;   125.4;    110;    429;   26.1;eor
  1548;19771201;19771231;   5;   2;    85.9;     55;   1065;   23.6;eor
  1548;19780101;19780131;   5;   2;    80.7;    119;   1644;   14.6;eor
  1548;19780201;19780228;   5;   2;   109.6;    199;   2621;   20.7;eor
  1548;19780301;19780331;   5;   2;   168.6;    122;   1871;   45.1;eor
  1548;19780401;19780430;   5;   2;   105.2;     32;    373;   32.5;eor
  1548;19780501;19780531;   5;   2;   155.3;      9;      9;   33.8;eor
  1548;19780601;19780630;   5;   2;   166.7;      1;      1;   53.5;eor
  1548;19780701;19780731;   5;   2;   244.7;      0;      0;   67.5;eor
  1548;19780801;19780831;   5;   2;   143.9;      0;      0;   41.3;eor
  1548;19780901;19780930;   5;   2;   166.9;      0;      0;   23.7;eor
  1548;19781001;19781031;   5;   2;   108.1;      8;      8;   22.2;eor
  1548;19781101;19781130;   5;   2;    23.9;     36;    110;   12.1;eor
  1548;19781201;19781231;   5;   2;    45.1;     28;    383;    8.8;eor
  1548;19790101;19790131;   5;   2;    92.5;    134;   1160;   29.3;eor
  1548;19790201;19790228;   5;   2;    57.8;     33;   1044;   12.9;eor
  1548;19790301;19790331;   5;   2;   181.4;    122;    662;   39.9;eor
  1548;19790401;19790430;   5;   2;   146.8;    143;    609;   19.2;eor
  1548;19790501;19790531;   5;   2;   125.8;     45;    183;   22.9;eor
  1548;19790601;19790630;   5;   2;   324.9;      0;      0;   66.3;eor
  1548;19790701;19790731;   5;   2;   133.9;      0;      0;   26.1;eor
  1548;19790801;19790831;   5;   2;   246.7;      0;      0;   27.2;eor
  1548;19790901;19790930;   5;   2;   124.5;      4;      4;   48.5;eor
  1548;19791001;19791031;   5;   2;    36.8;      0;      0;   11.9;eor
  1548;19791101;19791130;   5;   2;   201.9;     88;    663;   63.5;eor
  1548;19791201;19791231;   5;   2;   100.2;     81;    252;   19.9;eor
  1548;19800101;19800131;   5;   2;   109.0;    190;   2681;   19.1;eor
  1548;19800201;19800229;   5;   2;    74.9;     51;   2246;   32.0;eor
  1548;19800301;19800331;   5;   2;    73.7;     75;   1641;   18.3;eor
  1548;19800401;19800430;   5;   2;   202.5;    241;   1114;   24.8;eor
  1548;19800501;19800531;   5;   2;    88.5;      0;     20;   15.1;eor
  1548;19800601;19800630;   5;   2;   188.5;      0;      0;   24.8;eor
  1548;19800701;19800731;   5;   2;   200.3;      0;      0;   30.8;eor
  1548;19800801;19800831;   5;   2;    80.3;      0;      0;   18.8;eor
  1548;19800901;19800930;   5;   2;    79.5;      0;      0;   30.4;eor
  1548;19801001;19801031;   5;   2;   163.5;     27;     54;   21.3;eor
  1548;19801101;19801130;   5;   2;    71.2;     57;    127;   15.0;eor
  1548;19801201;19801231;   5;   2;   126.7;    205;   1989;   25.1;eor
  1548;19810101;19810131;  10;   2;   206.1;    341;   3959;   30.1;eor
  1548;19810201;19810228;  10;   2;    48.4;     67;   4048;   15.0;eor
  1548;19810301;19810331;  10;   2;    96.4;     87;   2994;   13.0;eor
  1548;19810401;19810430;  10;   2;    70.8;     15;     58;   16.2;eor
  1548;19810501;19810531;  10;   2;   124.5;     18;     23;   26.8;eor
  1548;19810601;19810630;  10;   2;   104.2;      0;      0;   20.5;eor
  1548;19810701;19810731;  10;   2;   299.2;      0;      0;   90.9;eor
  1548;19810801;19810831;  10;   2;   148.8;      0;      0;   25.9;eor
  1548;19810901;19810930;  10;   2;   159.9;      0;      0;   40.3;eor
  1548;19811001;19811031;  10;   2;   206.1;     52;    214;   41.7;eor
  1548;19811101;19811130;  10;   2;   114.6;   -999;   -999;   28.7;eor
  1548;19811201;19811231;  10;   2;   146.4;    215;   3604;   14.9;eor
  1548;19820101;19820131;  10;   2;   192.1;    206;   3702;   44.8;eor
  1548;19820201;19820228;  10;   2;    12.3;     29;   2923;    8.3;eor
  1548;19820301;19820331;  10;   2;   120.6;    161;   3740;   20.9;eor
  1548;19820401;19820430;  10;   2;    79.9;     61;   1655;   16.3;eor
  1548;19820501;19820531;  10;   2;    98.1;     15;     25;   22.1;eor
  1548;19820601;19820630;  10;   2;   224.9;      0;      0;   28.5;eor
  1548;19820701;19820731;  10;   2;   161.3;      0;      0;   39.3;eor
  1548;19820801;19820831;  10;   2;   187.5;      0;      0;   34.9;eor
  1548;19820901;19820930;  10;   2;    93.8;      0;      0;   27.6;eor
  1548;19821001;19821031;  10;   2;    69.6;      0;      0;   14.0;eor
  1548;19821101;19821130;  10;   2;    70.5;     39;    104;   15.9;eor
  1548;19821201;19821231;  10;   2;    94.7;     92;    510;   20.3;eor
  1548;19830101;19830131;  10;   2;   161.0;    161;   1410;   27.9;eor
  1548;19830201;19830228;  10;   2;    75.9;    110;   1738;   22.9;eor
  1548;19830301;19830331;  10;   2;   118.6;     97;    902;   30.0;eor
  1548;19830401;19830430;  10;   2;    96.2;     68;    103;   19.0;eor
  1548;19830501;19830531;  10;   2;   166.3;      3;      3;   34.9;eor
  1548;19830601;19830630;  10;   2;   315.2;      0;      0;   50.3;eor
  1548;19830701;19830731;  10;   2;    76.8;      0;      0;   23.0;eor
  1548;19830801;19830831;  10;   2;   225.3;      0;      0;   41.0;eor
  1548;19830901;19830930;  10;   2;   167.9;      0;      0;   35.0;eor
  1548;19831001;19831031;  10;   2;    67.0;      6;      6;   17.8;eor
  1548;19831101;19831130;  10;   2;    82.3;     51;     81;   35.3;eor
  1548;19831201;19831231;  10;   2;    80.2;     87;   1090;   20.3;eor
  1548;19840101;19840131;  10;   2;    97.4;    151;   1310;   12.5;eor
  1548;19840201;19840229;  10;   2;   152.1;    232;   3067;   38.1;eor
  1548;19840301;19840331;  10;   2;    57.2;     88;   2213;   13.8;eor
  1548;19840401;19840430;  10;   2;    82.3;     59;   1620;   18.7;eor
  1548;19840501;19840531;  10;   2;    92.2;      4;      4;   12.7;eor
  1548;19840601;19840630;  10;   2;   156.0;      0;      0;   39.9;eor
  1548;19840701;19840731;  10;   2;   119.7;      0;      0;   23.5;eor
  1548;19840801;19840831;  10;   2;   169.6;      0;      0;   32.0;eor
  1548;19840901;19840930;  10;   2;   217.4;      1;      1;   50.2;eor
  1548;19841001;19841031;  10;   2;    52.2;      0;      0;   13.8;eor
  1548;19841101;19841130;  10;   2;    61.2;     26;     78;   21.2;eor
  1548;19841201;19841231;  10;   2;    60.1;     53;    318;    8.0;eor
  1548;19850101;19850131;  10;   2;    68.9;     65;   1138;   17.7;eor
  1548;19850201;19850228;  10;   2;    68.1;     51;    699;   17.6;eor
  1548;19850301;19850331;  10;   2;    71.7;     89;    570;   18.1;eor
  1548;19850401;19850430;  10;   2;   112.0;   -999;   -999;   20.3;eor
  1548;19850501;19850531;  10;   2;   104.3;     15;     19;   20.5;eor
  1548;19850601;19850630;  10;   2;   167.8;      0;      0;   32.5;eor
  1548;19850701;19850731;  10;   2;   206.2;      0;      0;   39.4;eor
  1548;19850801;19850831;  10;   2;   290.0;      0;      0;   77.6;eor
  1548;19850901;19850930;  10;   2;    76.0;      0;      0;   18.7;eor
  1548;19851001;19851031;  10;   2;    32.0;      0;      0;   12.4;eor
  1548;19851101;19851130;  10;   2;   104.9;     74;    551;   13.8;eor
  1548;19851201;19851231;  10;   2;    37.2;     50;    274;   13.3;eor
  1548;19860101;19860131;  10;   2;   212.2;    269;   1934;   30.3;eor
  1548;19860201;19860228;  10;   2;    32.8;     61;   2010;   23.9;eor
  1548;19860301;19860331;  10;   2;    76.2;     61;   2637;   14.9;eor
  1548;19860401;19860430;  10;   2;   149.9;     58;    483;   20.7;eor
  1548;19860501;19860531;  10;   2;   201.7;   -999;   -999;   30.0;eor
  1548;19860601;19860630;  10;   2;   105.5;      0;      0;   24.0;eor
  1548;19860701;19860731;  10;   2;   216.4;      0;      0;   46.4;eor
  1548;19860801;19860831;  10;   2;   236.3;      0;      0;   40.4;eor
  1548;19860901;19860930;  10;   2;    54.5;      0;      0;   25.8;eor
  1548;19861001;19861031;  10;   2;    74.0;      7;      7;   25.4;eor
  1548;19861101;19861130;  10;   2;    60.8;     22;    147;   15.9;eor
  1548;19861201;19861231;  10;   2;   122.0;    129;    902;   19.9;eor
  1548;19870101;19870131;  10;   2;    88.4;    109;   2202;   22.3;eor
  1548;19870201;19870228;  10;   2;    66.5;     42;   1908;   16.3;eor
  1548;19870301;19870331;  10;   2;   163.9;    158;   2499;   24.0;eor
  1548;19870401;19870430;  10;   2;    84.8;     25;    611;   18.0;eor
  1548;19870501;19870531;  10;   2;   152.5;     36;     46;   24.5;eor
  1548;19870601;19870630;  10;   2;   159.0;      0;      0;   29.2;eor
  1548;19870701;19870731;  10;   2;   260.2;      0;      0;   34.1;eor
  1548;19870801;19870831;  10;   2;   153.2;      0;      0;   29.3;eor
  1548;19870901;19870930;  10;   2;   108.9;      0;      0;   34.9;eor
  1548;19871001;19871031;  10;   2;    43.7;      0;      0;   17.0;eor
  1548;19871101;19871130;  10;   2;   119.4;     38;    233;   20.9;eor
  1548;19871201;19871231;  10;   2;    80.8;      8;    353;   28.6;eor
  1548;19880101;19880131;  10;   2;    66.0;     74;    263;    9.0;eor
  1548;19880201;19880229;  10;   2;   148.4;    201;   1357;   23.3;eor
  1548;19880301;19880331;  10;   2;   236.4;    265;   3082;   32.5;eor
