STATIONS_ID; MESS_DATUM_BEGINN; MESS_DATUM_ENDE; QUALITAETS_NIVEAU; ART; NIEDERSCHLAGSHOEHE;NEUSCHNEEHOEHE;SCHNEEHOEHE; max(NIEDERSCHLAGSHOEHE);eor
  2503;19510101;19510131;   5;   2;     0.0;   -999;      0;    0.0;eor
  2503;19510201;19510228;   5;   2;    31.5;   -999;     40;    8.1;eor
  2503;19510301;19510331;   5;   2;    44.3;   -999;     24;   13.3;eor
  2503;19510401;19510430;   5;   2;    39.6;   -999;      0;   11.0;eor
  2503;19510501;19510531;   5;   2;    69.0;   -999;      0;   18.2;eor
  2503;19510601;19510630;   5;   2;   102.6;   -999;      0;   27.1;eor
  2503;19510701;19510731;   5;   2;    49.5;   -999;      0;    8.2;eor
  2503;19510801;19510831;   5;   2;    84.1;   -999;      0;   20.9;eor
  2503;19510901;19510930;   5;   2;    51.1;   -999;      0;   12.6;eor
  2503;19511001;19511031;   5;   2;    39.5;   -999;      0;   20.2;eor
  2503;19511101;19511130;   5;   2;    88.9;   -999;      0;   24.9;eor
  2503;19511201;19511231;   5;   2;    41.4;   -999;     13;    9.3;eor
  2503;19520101;19520131;   5;   2;    59.6;   -999;    237;    8.6;eor
  2503;19520201;19520229;   5;   2;    27.8;   -999;    565;    4.8;eor
  2503;19520301;19520331;   5;   2;   114.5;   -999;     26;   17.0;eor
  2503;19520401;19520430;   5;   2;    12.2;   -999;      3;    2.6;eor
  2503;19520501;19520531;   5;   2;    57.3;   -999;      0;   16.3;eor
  2503;19520601;19520630;   5;   2;    39.6;   -999;      0;   11.7;eor
  2503;19520701;19520731;   5;   2;    11.1;   -999;      0;    4.6;eor
  2503;19520801;19520831;   5;   2;    54.2;   -999;      0;   12.5;eor
  2503;19520901;19520930;   5;   2;   126.3;   -999;      0;   25.0;eor
  2503;19521001;19521031;   5;   2;   123.7;   -999;      0;   22.5;eor
  2503;19521101;19521130;   5;   2;   114.0;   -999;     64;   26.5;eor
  2503;19521201;19521231;   5;   2;    43.7;   -999;    144;   10.8;eor
  2503;19530101;19530131;   5;   2;    36.8;   -999;    693;    7.7;eor
  2503;19530201;19530228;   5;   2;    29.4;   -999;    746;    5.7;eor
  2503;19530301;19530331;   5;   2;     6.1;   -999;      0;    1.8;eor
  2503;19530401;19530430;   5;   2;    38.8;   -999;      0;    7.9;eor
  2503;19530501;19530531;   5;   2;    57.8;   -999;      3;   16.1;eor
  2503;19530601;19530630;   5;   2;   120.0;   -999;      0;   19.5;eor
  2503;19530701;19530731;   5;   2;    51.7;   -999;      0;   12.2;eor
  2503;19530801;19530831;   5;   2;    18.5;   -999;      0;    5.9;eor
  2503;19530901;19530930;   5;   2;    33.2;   -999;      0;    9.1;eor
  2503;19531001;19531031;   5;   2;    37.6;   -999;      0;   13.6;eor
  2503;19531101;19531130;   5;   2;     4.1;   -999;      0;    1.8;eor
  2503;19531201;19531231;   5;   2;    21.3;   -999;     17;    5.4;eor
  2503;19540101;19540131;   5;   2;    76.4;   -999;    188;   19.2;eor
  2503;19540201;19540228;   5;   2;    29.1;   -999;     24;   11.2;eor
  2503;19540301;19540331;   5;   2;    33.5;   -999;      2;   11.5;eor
  2503;19540401;19540430;   5;   2;    80.2;   -999;      7;   14.1;eor
  2503;19540501;19540531;   5;   2;    59.5;   -999;      0;   14.5;eor
  2503;19540601;19540630;   5;   2;    32.2;   -999;      0;    5.9;eor
  2503;19540701;19540731;   5;   2;   108.4;   -999;      0;   15.3;eor
  2503;19540801;19540831;   5;   2;    87.7;   -999;      0;   21.1;eor
  2503;19540901;19540930;   5;   2;   124.2;   -999;      0;   19.9;eor
  2503;19541001;19541031;   5;   2;    59.6;   -999;      0;   13.9;eor
  2503;19541101;19541130;   5;   2;    31.9;   -999;      2;    8.4;eor
  2503;19541201;19541231;   5;   2;   112.4;   -999;     51;   14.6;eor
  2503;19550101;19550131;   5;   2;    49.0;   -999;    102;   13.3;eor
  2503;19550201;19550228;   5;   2;    62.4;   -999;    466;   13.9;eor
  2503;19550301;19550331;   5;   2;    20.9;   -999;    270;    3.5;eor
  2503;19550401;19550430;   5;   2;    43.4;   -999;      0;   10.5;eor
  2503;19550501;19550531;   5;   2;    75.4;   -999;      0;   18.7;eor
  2503;19550601;19550630;   5;   2;   103.1;   -999;      0;   32.8;eor
  2503;19550701;19550731;   5;   2;   130.4;   -999;      0;   28.6;eor
  2503;19550801;19550831;   5;   2;    90.5;   -999;      0;   31.2;eor
  2503;19550901;19550930;   5;   2;    47.4;   -999;      0;    7.5;eor
  2503;19551001;19551031;   5;   2;    39.8;   -999;      0;   10.1;eor
  2503;19551101;19551130;   5;   2;    19.7;   -999;     20;    6.9;eor
  2503;19551201;19551231;   5;   2;   108.7;   -999;     35;   20.2;eor
  2503;19560101;19560131;   5;   2;    44.0;   -999;    120;    8.2;eor
  2503;19560201;19560229;   5;   2;    15.5;   -999;    554;    4.1;eor
  2503;19560301;19560331;   5;   2;    61.0;   -999;      8;   20.5;eor
  2503;19560401;19560430;   5;   2;    76.2;   -999;     16;   18.9;eor
  2503;19560501;19560531;   5;   2;    43.1;   -999;      0;   12.2;eor
  2503;19560601;19560630;   5;   2;   119.5;   -999;      0;   18.3;eor
  2503;19560701;19560731;   5;   2;   206.4;   -999;      0;   48.0;eor
  2503;19560801;19560831;   5;   2;    90.3;   -999;      0;   14.6;eor
  2503;19560901;19560930;   5;   2;    48.4;   -999;      0;   14.3;eor
  2503;19561001;19561031;   5;   2;    76.8;   -999;      0;   12.1;eor
  2503;19561101;19561130;   5;   2;    69.1;   -999;     10;   23.1;eor
  2503;19561201;19561231;   5;   2;    34.8;   -999;     81;    5.7;eor
  2503;19570101;19570131;   5;   2;    56.2;   -999;    124;   17.2;eor
  2503;19570201;19570228;   5;   2;    74.6;   -999;      9;   12.9;eor
  2503;19570301;19570331;   5;   2;    66.9;   -999;      0;   16.5;eor
  2503;19570401;19570430;   5;   2;    24.4;   -999;      3;    7.3;eor
  2503;19570501;19570531;   5;   2;    38.0;   -999;      4;    9.0;eor
  2503;19570601;19570630;   5;   2;    47.9;   -999;      0;   12.0;eor
  2503;19570701;19570731;   5;   2;    79.5;   -999;      0;   15.8;eor
  2503;19570801;19570831;   5;   2;    66.1;   -999;      0;   10.1;eor
  2503;19570901;19570930;   5;   2;   140.7;   -999;      0;   20.1;eor
  2503;19571001;19571031;   5;   2;    26.6;   -999;      0;   12.1;eor
  2503;19571101;19571130;   5;   2;    31.7;   -999;      0;    4.6;eor
  2503;19571201;19571231;   5;   2;    51.7;   -999;    107;   14.2;eor
  2503;19580101;19580131;   5;   2;    54.0;   -999;    144;    8.2;eor
  2503;19580201;19580228;   5;   2;    77.5;   -999;    122;   13.3;eor
  2503;19580301;19580331;   5;   2;    36.2;   -999;    184;    7.6;eor
  2503;19580401;19580430;   5;   2;    39.3;   -999;     18;   15.5;eor
  2503;19580501;19580531;   5;   2;    93.4;   -999;      0;   23.3;eor
  2503;19580601;19580630;   5;   2;    74.6;   -999;      0;   20.0;eor
  2503;19580701;19580731;   5;   2;    76.4;   -999;      0;   26.2;eor
  2503;19580801;19580831;   5;   2;   115.6;   -999;      0;   23.8;eor
  2503;19580901;19580930;   5;   2;    58.6;   -999;      0;    8.3;eor
  2503;19581001;19581031;   5;   2;    79.5;   -999;      0;   32.5;eor
  2503;19581101;19581130;   5;   2;    26.4;   -999;      0;    8.3;eor
  2503;19581201;19581231;   5;   2;    63.2;   -999;     18;   11.9;eor
  2503;19590101;19590131;   5;   2;    49.5;   -999;    316;   10.7;eor
  2503;19590201;19590228;   5;   2;     9.7;   -999;     39;    7.1;eor
  2503;19590301;19590331;   5;   2;    27.0;   -999;      0;    7.1;eor
  2503;19590401;19590430;   5;   2;    38.9;   -999;      0;   12.0;eor
  2503;19590501;19590531;   5;   2;    68.1;   -999;      0;   25.6;eor
  2503;19590601;19590630;   5;   2;    84.2;   -999;      0;   21.0;eor
  2503;19590701;19590731;   5;   2;    95.1;   -999;      0;   44.6;eor
  2503;19590801;19590831;   5;   2;    55.1;   -999;      0;   36.9;eor
  2503;19590901;19590930;   5;   2;     2.1;   -999;      0;    2.0;eor
  2503;19591001;19591031;   5;   2;    71.3;   -999;      0;   36.4;eor
  2503;19591101;19591130;   5;   2;    37.4;   -999;      0;   10.9;eor
  2503;19591201;19591231;   5;   2;    54.7;   -999;      0;   20.7;eor
  2503;19600101;19600131;   5;   2;    67.8;   -999;    241;   12.5;eor
  2503;19600201;19600229;   5;   2;    20.4;      9;    132;    9.3;eor
  2503;19600301;19600331;   5;   2;    11.2;      0;      0;    3.0;eor
  2503;19600401;19600430;   5;   2;    35.9;   -999;      1;    6.3;eor
  2503;19600501;19600531;   5;   2;    54.7;   -999;      0;   14.9;eor
  2503;19600601;19600630;   5;   2;    22.8;   -999;      0;    7.5;eor
  2503;19600701;19600731;   5;   2;    78.3;   -999;      0;   23.7;eor
  2503;19600801;19600831;   5;   2;    76.2;   -999;      0;   17.3;eor
  2503;19600901;19600930;   5;   2;    51.5;   -999;      0;   15.5;eor
  2503;19601001;19601031;   5;   2;   170.4;   -999;      0;   33.4;eor
  2503;19601101;19601130;   5;   2;    59.8;   -999;      0;   12.7;eor
  2503;19601201;19601231;   5;   2;    61.8;   -999;    221;   25.6;eor
  2503;19610101;19610131;   5;   2;    57.6;     21;    372;   14.3;eor
  2503;19610201;19610228;   5;   2;    60.7;   -999;     29;    9.7;eor
  2503;19610301;19610331;   5;   2;    53.7;      5;      6;   22.3;eor
  2503;19610401;19610430;   5;   2;   130.6;      0;      0;   48.1;eor
  2503;19610501;19610531;   5;   2;    92.0;      0;      0;   11.0;eor
  2503;19610601;19610630;   5;   2;   125.6;      0;      0;   28.2;eor
  2503;19610701;19610731;   5;   2;   101.5;      0;      0;   16.3;eor
  2503;19610801;19610831;   5;   2;    65.3;      0;      0;   10.0;eor
  2503;19610901;19610930;   5;   2;    58.4;      0;      0;   16.9;eor
  2503;19611001;19611031;   5;   2;    45.3;      0;      0;   13.3;eor
  2503;19611101;19611130;   5;   2;    48.0;      1;      1;   11.8;eor
  2503;19611201;19611231;   5;   2;    92.0;      4;     10;   24.2;eor
  2503;19620101;19620131;   5;   2;    54.2;     12;     27;    7.9;eor
  2503;19620201;19620228;   5;   2;    68.3;     34;    208;   28.8;eor
  2503;19620301;19620331;   5;   2;    46.9;     23;    140;   11.5;eor
  2503;19620401;19620430;   5;   2;    43.8;      2;      2;    8.0;eor
  2503;19620501;19620531;   5;   2;    61.3;      0;      0;    8.4;eor
  2503;19620601;19620630;   5;   2;    48.1;      0;      0;   17.1;eor
  2503;19620701;19620731;   5;   2;    74.1;      0;      0;   16.1;eor
  2503;19620801;19620831;   5;   2;    49.8;      0;      0;   13.7;eor
  2503;19620901;19620930;   5;   2;    40.8;      0;      0;   12.3;eor
  2503;19621001;19621031;   5;   2;     8.0;      0;      0;    4.0;eor
  2503;19621101;19621130;   5;   2;    16.0;     23;     86;    5.7;eor
  2503;19621201;19621231;   5;   2;    71.1;   -999;    314;   23.4;eor
  2503;19630101;19630131;   5;   2;    15.5;     36;    670;    2.5;eor
  2503;19630201;19630228;   5;   2;     8.4;   -999;    812;    2.9;eor
  2503;19630301;19630331;   5;   2;    46.1;      4;    163;    8.5;eor
  2503;19630401;19630430;   5;   2;    18.1;      0;      0;    6.8;eor
  2503;19630501;19630531;   5;   2;    31.5;      0;      0;    7.5;eor
  2503;19630601;19630630;   5;   2;   115.8;      0;      0;   19.2;eor
  2503;19630701;19630731;   5;   2;    87.2;      0;      0;   33.9;eor
  2503;19630801;19630831;   5;   2;   100.7;      0;      0;   15.9;eor
  2503;19630901;19630930;   5;   2;    48.1;      0;      0;   13.9;eor
  2503;19631001;19631031;   5;   2;    33.3;      0;      0;    8.8;eor
  2503;19631101;19631130;   5;   2;   118.5;      0;      0;   31.6;eor
  2503;19631201;19631231;   5;   2;     7.8;      7;     69;    4.9;eor
  2503;19640101;19640131;   5;   2;    15.6;     10;    123;    3.4;eor
  2503;19640201;19640229;   5;   2;    27.1;     10;     43;    3.4;eor
  2503;19640301;19640331;   5;   2;    26.2;      8;     11;    6.4;eor
  2503;19640401;19640430;   5;   2;    46.5;      2;      2;   11.3;eor
  2503;19640501;19640531;   5;   2;   112.8;      0;      0;   26.0;eor
  2503;19640601;19640630;   5;   2;    61.1;      0;      0;   13.4;eor
  2503;19640701;19640731;   5;   2;    19.6;      0;      0;   11.2;eor
  2503;19640801;19640831;   5;   2;    54.5;      0;      0;   20.8;eor
  2503;19640901;19640930;   5;   2;    31.9;      0;      0;    7.3;eor
  2503;19641001;19641031;   5;   2;    53.0;      0;      0;   11.5;eor
  2503;19641101;19641130;   5;   2;    83.2;      0;      0;   22.0;eor
  2503;19641201;19641231;   5;   2;    42.2;     29;     93;   12.2;eor
  2503;19650101;19650131;   5;   2;   110.9;     29;    116;   23.7;eor
  2503;19650201;19650228;   5;   2;    38.1;     50;    899;    5.3;eor
  2503;19650301;19650331;   5;   2;    60.9;     22;    773;   13.9;eor
  2503;19650401;19650430;   5;   2;   112.1;      0;      0;   24.7;eor
  2503;19650501;19650531;   5;   2;    84.4;      0;      0;   17.2;eor
  2503;19650601;19650630;   5;   2;    96.5;      0;      0;   18.3;eor
  2503;19650701;19650731;   5;   2;   132.7;      0;      0;   42.0;eor
  2503;19650801;19650831;   5;   2;    43.0;      0;      0;    8.2;eor
  2503;19650901;19650930;   5;   2;    30.5;      0;      0;   10.7;eor
  2503;19651001;19651031;   5;   2;    14.5;      0;      0;    4.7;eor
  2503;19651101;19651130;   5;   2;   145.4;     22;     82;   22.1;eor
  2503;19651201;19651231;   5;   2;   161.2;   -999;     83;   25.2;eor
  2503;19660101;19660131;   5;   2;    54.6;     23;    164;   16.6;eor
  2503;19660201;19660228;   5;   2;    91.9;      7;      9;   30.1;eor
  2503;19660301;19660331;   5;   2;    87.2;     21;     30;   16.0;eor
  2503;19660401;19660430;   5;   2;    93.7;      0;      0;   22.2;eor
  2503;19660501;19660531;   5;   2;   104.2;      0;      0;   16.6;eor
  2503;19660601;19660630;   5;   2;   128.2;      0;      0;   23.9;eor
  2503;19660701;19660731;   5;   2;   148.0;      0;      0;   42.8;eor
  2503;19660801;19660831;   5;   2;    97.0;      0;      0;   25.2;eor
  2503;19660901;19660930;   5;   2;    26.1;      0;      0;    7.6;eor
  2503;19661001;19661031;   5;   2;    61.8;      0;      0;   15.9;eor
  2503;19661101;19661130;   5;   2;    76.6;     25;     61;   16.8;eor
  2503;19661201;19661231;   5;   2;   193.9;     41;     90;   28.7;eor
  2503;19670101;19670131;   5;   2;    41.7;     30;    199;    6.3;eor
  2503;19670201;19670228;   5;   2;    87.3;     14;     48;   21.5;eor
  2503;19670301;19670331;   5;   2;    80.4;     14;     18;   10.8;eor
  2503;19670401;19670430;   5;   2;    54.8;     16;     16;   12.9;eor
  2503;19670501;19670531;   5;   2;    70.0;      0;      0;   27.3;eor
  2503;19670601;19670630;   5;   2;    88.3;      0;      0;   22.2;eor
  2503;19670701;19670731;   5;   2;    44.1;      0;      0;   13.5;eor
  2503;19670801;19670831;   5;   2;    86.9;      0;      0;   24.2;eor
  2503;19670901;19670930;   5;   2;    91.4;      0;      0;   27.5;eor
  2503;19671001;19671031;   5;   2;    66.3;      0;      0;   15.4;eor
  2503;19671101;19671130;   5;   2;    45.6;      8;     11;   10.4;eor
  2503;19671201;19671231;   5;   2;   150.5;     39;    244;   38.1;eor
  2503;19680101;19680131;   5;   2;   100.0;     50;    274;   22.7;eor
  2503;19680201;19680229;   5;   2;    59.0;     31;     80;   11.0;eor
  2503;19680301;19680331;   5;   2;    99.6;     24;     54;   20.7;eor
  2503;19680401;19680430;   5;   2;    72.8;      2;      2;   28.0;eor
  2503;19680501;19680531;   5;   2;    52.4;      0;      0;   14.4;eor
  2503;19680601;19680630;   5;   2;    61.0;      0;      0;   10.7;eor
  2503;19680701;19680731;   5;   2;    74.3;      0;      0;   21.7;eor
  2503;19680801;19680831;   5;   2;   123.7;      0;      0;   18.7;eor
  2503;19680901;19680930;   5;   2;   100.8;      0;      0;   15.7;eor
  2503;19681001;19681031;   5;   2;    46.8;      0;      0;   14.5;eor
  2503;19681101;19681130;   5;   2;    16.5;      2;      9;    4.4;eor
  2503;19681201;19681231;   5;   2;    36.2;     27;    103;    7.8;eor
  2503;19690101;19690131;   5;   2;    44.2;   -999;    322;   10.2;eor
  2503;19690201;19690228;   5;   2;    40.2;   -999;    479;    8.9;eor
  2503;19690301;19690331;   5;   2;    68.1;   -999;     87;   21.8;eor
  2503;19690401;19690430;   5;   2;   120.2;   -999;     12;   29.9;eor
  2503;19690501;19690531;   5;   2;    94.4;   -999;      0;   13.8;eor
  2503;19690601;19690630;   5;   2;   101.3;   -999;      0;   31.0;eor
  2503;19690701;19690731;   5;   2;    43.6;   -999;      0;   13.3;eor
  2503;19690801;19690831;   5;   2;   122.4;   -999;      0;   29.2;eor
  2503;19690901;19690930;   5;   2;    26.4;   -999;      0;    8.4;eor
  2503;19691001;19691031;   5;   2;    18.3;   -999;      0;   11.6;eor
  2503;19691101;19691130;   5;   2;    78.3;   -999;     41;   12.5;eor
  2503;19691201;19691231;   5;   2;    34.2;   -999;    641;    7.9;eor
  2503;19700101;19700131;   5;   2;    42.8;   -999;   1220;   11.3;eor
  2503;19700201;19700228;   5;   2;   126.0;   -999;   1057;   24.5;eor
  2503;19700301;19700331;   5;   2;    50.7;   -999;    995;    7.5;eor
  2503;19700401;19700430;   5;   2;    94.7;   -999;     18;   14.8;eor
  2503;19700501;19700531;   5;   2;    61.8;   -999;      2;   15.7;eor
  2503;19700601;19700630;   5;   2;    37.1;   -999;      0;   10.0;eor
  2503;19700701;19700731;   5;   2;    93.9;   -999;      0;   17.3;eor
  2503;19700801;19700831;   5;   2;    60.4;   -999;      0;   12.8;eor
  2503;19700901;19700930;   5;   2;    61.7;   -999;      0;   16.9;eor
  2503;19701001;19701031;   5;   2;   111.9;   -999;      0;   23.1;eor
  2503;19701101;19701130;   5;   2;    71.0;   -999;      0;   14.7;eor
  2503;19701201;19701231;   5;   2;    73.6;   -999;     92;   19.0;eor
  2503;19710101;19710131;   5;   2;    43.8;   -999;    383;   11.6;eor
  2503;19710201;19710228;   5;   2;    38.2;   -999;     27;    6.7;eor
  2503;19710301;19710331;   5;   2;    18.0;   -999;    171;    6.2;eor
  2503;19710401;19710430;   5;   2;    82.5;   -999;      0;   52.2;eor
  2503;19710501;19710531;   5;   2;    99.8;   -999;      0;   33.3;eor
  2503;19710601;19710630;   5;   2;   138.4;   -999;      0;   25.3;eor
  2503;19710701;19710731;   5;   2;     5.5;   -999;      0;    5.0;eor
  2503;19710801;19710831;   5;   2;    45.9;   -999;      0;   15.7;eor
  2503;19710901;19710930;   5;   2;    34.2;   -999;      0;    9.6;eor
  2503;19711001;19711031;   5;   2;    35.9;   -999;      2;   14.0;eor
  2503;19711101;19711130;   5;   2;    68.1;   -999;     94;   35.8;eor
  2503;19711201;19711231;   5;   2;    30.3;   -999;     18;    5.0;eor
  2503;19720101;19720131;   5;   2;     8.8;   -999;    156;    2.9;eor
  2503;19720201;19720229;   5;   2;     7.1;   -999;     48;    6.1;eor
  2503;19720301;19720331;   5;   2;    48.7;   -999;     22;   15.4;eor
  2503;19720401;19720430;   5;   2;    72.3;   -999;      1;   10.9;eor
  2503;19720501;19720531;   5;   2;    91.9;   -999;      0;   17.7;eor
  2503;19720601;19720630;   5;   2;   166.3;   -999;      0;   39.4;eor
  2503;19720701;19720731;   5;   2;    72.3;   -999;      0;   18.8;eor
  2503;19720801;19720831;   5;   2;   116.5;   -999;      0;   28.0;eor
  2503;19720901;19720930;   5;   2;    43.9;   -999;      0;   15.7;eor
  2503;19721001;19721031;   5;   2;    37.6;   -999;      2;   15.0;eor
  2503;19721101;19721130;   5;   2;    71.0;   -999;     99;   16.8;eor
  2503;19721201;19721231;   5;   2;    11.0;   -999;      2;    6.6;eor
  2503;19730101;19730131;   5;   2;    28.5;   -999;     55;    7.5;eor
  2503;19730201;19730228;   5;   2;    71.3;   -999;    172;   13.1;eor
  2503;19730301;19730331;   5;   2;    21.7;   -999;     85;    9.6;eor
  2503;19730401;19730430;   5;   2;    74.7;   -999;     46;   10.0;eor
  2503;19730501;19730531;   5;   2;    56.1;   -999;      0;   13.9;eor
  2503;19730601;19730630;   5;   2;    34.9;   -999;      0;    9.0;eor
  2503;19730701;19730731;   5;   2;    94.7;   -999;      0;   41.5;eor
  2503;19730801;19730831;   5;   2;    37.3;   -999;      0;    9.5;eor
  2503;19730901;19730930;   5;   2;    40.9;   -999;      0;   12.4;eor
  2503;19731001;19731031;   5;   2;   105.4;   -999;      0;   26.9;eor
  2503;19731101;19731130;   5;   2;    65.8;   -999;     71;   14.6;eor
  2503;19731201;19731231;   5;   2;    75.6;   -999;    290;   15.6;eor
  2503;19740101;19740131;   5;   2;    49.1;   -999;     46;    9.9;eor
  2503;19740201;19740228;   5;   2;    52.0;   -999;     51;   20.7;eor
  2503;19740301;19740331;   5;   2;    48.9;   -999;      8;   11.3;eor
  2503;19740401;19740430;   5;   2;    20.9;   -999;      0;    8.6;eor
  2503;19740501;19740531;   5;   2;    74.9;   -999;      0;   19.2;eor
  2503;19740601;19740630;   5;   2;    77.3;   -999;      0;   21.8;eor
  2503;19740701;19740731;   5;   2;    85.4;   -999;      0;   20.0;eor
  2503;19740801;19740831;   5;   2;    56.9;   -999;      0;   13.4;eor
  2503;19740901;19740930;   5;   2;    19.3;   -999;      0;    2.8;eor
  2503;19741001;19741031;   5;   2;   167.8;   -999;      1;   43.1;eor
  2503;19741101;19741130;   5;   2;    70.7;   -999;      4;   17.5;eor
  2503;19741201;19741231;   5;   2;   186.4;   -999;     90;   29.3;eor
  2503;19750101;19750131;   5;   2;    52.7;   -999;     12;   11.0;eor
  2503;19750201;19750228;   5;   2;    25.4;   -999;     47;   12.2;eor
  2503;19750301;19750331;   5;   2;    60.5;   -999;     13;   10.6;eor
  2503;19750401;19750430;   5;   2;    82.6;   -999;     14;   22.7;eor
  2503;19750501;19750531;   5;   2;    50.2;   -999;      0;   13.5;eor
  2503;19750601;19750630;   5;   2;    83.1;   -999;      0;   19.3;eor
  2503;19750701;19750731;   5;   2;    47.4;   -999;      0;   13.9;eor
  2503;19750801;19750831;   5;   2;   103.7;   -999;      0;   28.8;eor
  2503;19750901;19750930;   5;   2;    61.2;   -999;      0;   13.8;eor
  2503;19751001;19751031;   5;   2;    22.3;   -999;      0;    4.5;eor
  2503;19751101;19751130;   5;   2;    52.0;   -999;     47;   12.0;eor
  2503;19751201;19751231;   5;   2;    26.5;   -999;     22;    6.4;eor
  2503;19760101;19760131;   5;   2;   180.5;   -999;     62;   20.8;eor
  2503;19760201;19760229;   5;   2;    15.6;   -999;    183;    4.4;eor
  2503;19760301;19760331;   5;   2;    41.4;   -999;      6;   13.6;eor
  2503;19760401;19760430;   5;   2;    21.9;   -999;      4;    9.4;eor
  2503;19760501;19760531;   5;   2;    53.5;   -999;      0;   14.4;eor
  2503;19760601;19760630;   5;   2;    28.0;   -999;      0;   11.4;eor
  2503;19760701;19760731;   5;   2;    43.1;   -999;      0;   18.8;eor
  2503;19760801;19760831;   5;   2;    45.9;   -999;      0;   19.0;eor
  2503;19760901;19760930;   5;   2;    39.6;   -999;      0;   10.7;eor
  2503;19761001;19761031;   5;   2;    26.0;   -999;      0;    9.1;eor
  2503;19761101;19761130;   5;   2;    78.5;   -999;      7;   18.1;eor
  2503;19761201;19761231;   5;   2;    33.9;   -999;    215;    5.5;eor
  2503;19770101;19770131;   5;   2;    62.6;   -999;    784;   11.2;eor
  2503;19770201;19770228;   5;   2;    93.0;   -999;     15;   26.8;eor
  2503;19770301;19770331;   5;   2;    66.4;   -999;      7;   17.8;eor
  2503;19770401;19770430;   5;   2;    75.2;   -999;      9;   14.1;eor
  2503;19770501;19770531;   5;   2;    32.1;   -999;      0;   12.9;eor
  2503;19770601;19770630;   5;   2;   119.1;   -999;      0;   33.6;eor
  2503;19770701;19770731;   5;   2;    61.9;   -999;      0;   20.5;eor
  2503;19770801;19770831;   5;   2;    70.3;   -999;      0;   16.7;eor
  2503;19770901;19770930;   5;   2;    15.2;   -999;      0;    6.8;eor
  2503;19771001;19771031;   5;   2;    83.6;   -999;      0;   19.7;eor
  2503;19771101;19771130;   5;   2;   153.4;   -999;     31;   42.8;eor
  2503;19771201;19771231;   5;   2;    72.1;   -999;     53;   14.6;eor
  2503;19780101;19780131;   5;   2;    34.9;   -999;    270;    7.8;eor
  2503;19780201;19780228;   5;   2;    19.8;   -999;    827;    6.0;eor
  2503;19780301;19780331;   5;   2;    72.9;   -999;     29;   11.8;eor
  2503;19780401;19780430;   5;   2;    14.8;   -999;      1;    8.0;eor
  2503;19780501;19780531;   5;   2;    62.4;   -999;      0;   13.6;eor
  2503;19780601;19780630;   5;   2;    94.8;   -999;      0;   36.8;eor
  2503;19780701;19780731;   5;   2;    46.7;   -999;      0;   14.3;eor
  2503;19780801;19780831;   5;   2;    96.5;   -999;      0;   41.9;eor
  2503;19780901;19780930;   5;   2;    93.2;   -999;      0;   21.5;eor
  2503;19781001;19781031;   5;   2;    29.3;   -999;      0;    6.4;eor
  2503;19781101;19781130;   5;   2;    12.1;   -999;      3;    4.7;eor
  2503;19781201;19781231;   5;   2;   151.1;   -999;     64;   31.5;eor
  2503;19790101;19790131;   5;   2;    30.9;   -999;    735;    4.0;eor
  2503;19790201;19790228;   5;   2;    47.1;   -999;    735;    9.4;eor
  2503;19790301;19790331;   5;   2;   131.4;   -999;    174;   32.8;eor
  2503;19790401;19790430;   5;   2;    60.9;   -999;      1;   12.8;eor
  2503;19790501;19790531;   5;   2;    40.2;   -999;      4;    6.4;eor
  2503;19790601;19790630;   5;   2;    60.1;   -999;      0;   21.5;eor
  2503;19790701;19790731;   5;   2;    91.7;   -999;      0;   27.4;eor
  2503;19790801;19790831;   5;   2;    48.1;   -999;      0;   26.0;eor
  2503;19790901;19790930;   5;   2;    40.7;   -999;      0;   14.0;eor
  2503;19791001;19791031;   5;   2;    20.2;   -999;      0;   10.9;eor
  2503;19791101;19791130;   5;   2;    93.8;   -999;     16;   19.5;eor
  2503;19791201;19791231;   5;   2;   130.6;   -999;     48;   33.3;eor
  2503;19800101;19800131;   5;   2;    52.4;   -999;    699;   13.4;eor
  2503;19800201;19800229;   5;   2;    67.3;   -999;      5;   11.3;eor
  2503;19800301;19800331;   5;   2;    45.9;   -999;     21;    7.1;eor
  2503;19800401;19800430;   5;   2;   110.3;   -999;     11;   22.0;eor
  2503;19800501;19800531;   5;   2;    38.9;   -999;      1;   22.0;eor
  2503;19800601;19800630;   5;   2;   142.5;   -999;      0;   30.8;eor
  2503;19800701;19800731;   5;   2;   138.5;   -999;      0;   25.2;eor
  2503;19800801;19800831;   5;   2;    51.9;   -999;      0;    9.0;eor
  2503;19800901;19800930;   5;   2;    52.9;   -999;      0;    8.5;eor
  2503;19801001;19801031;   5;   2;    48.8;   -999;      0;   15.4;eor
  2503;19801101;19801130;   5;   2;    52.0;   -999;     71;    9.4;eor
  2503;19801201;19801231;   5;   2;    76.2;   -999;    333;   14.4;eor
  2503;19810101;19810131;  10;   2;    76.7;   -999;    662;   15.8;eor
  2503;19810201;19810228;  10;   2;    32.4;   -999;    345;    8.2;eor
  2503;19810301;19810331;  10;   2;   100.9;   -999;     42;   18.6;eor
  2503;19810401;19810430;  10;   2;    62.0;   -999;      3;   26.6;eor
  2503;19810501;19810531;  10;   2;    94.2;   -999;      0;   34.0;eor
  2503;19810601;19810630;  10;   2;   169.6;   -999;      0;   75.9;eor
  2503;19810701;19810731;  10;   2;    72.9;   -999;      0;   16.4;eor
  2503;19810801;19810831;  10;   2;   116.7;   -999;      0;   43.6;eor
  2503;19810901;19810930;  10;   2;    53.8;   -999;      0;   27.0;eor
  2503;19811001;19811031;  10;   2;   111.9;   -999;      0;   17.1;eor
  2503;19811101;19811130;  10;   2;   137.6;   -999;     25;   22.8;eor
  2503;19811201;19811231;  10;   2;   127.7;   -999;   1463;   26.1;eor
  2503;19820101;19820131;  10;   2;    87.7;   -999;    325;   21.1;eor
  2503;19820201;19820228;  10;   2;    24.0;   -999;     23;   14.8;eor
  2503;19820301;19820331;  10;   2;    53.4;   -999;     10;   10.4;eor
  2503;19820401;19820430;  10;   2;    77.4;   -999;     10;   20.1;eor
  2503;19820501;19820531;  10;   2;    78.0;   -999;      1;   23.6;eor
  2503;19820601;19820630;  10;   2;    74.5;   -999;      0;   18.4;eor
  2503;19820701;19820731;  10;   2;    18.6;   -999;      0;   10.1;eor
  2503;19820801;19820831;  10;   2;    29.3;   -999;      0;    6.8;eor
  2503;19820901;19820930;  10;   2;    14.9;   -999;      0;    6.2;eor
  2503;19821001;19821031;  10;   2;   112.9;   -999;      0;   49.6;eor
  2503;19821101;19821130;  10;   2;    37.3;   -999;      4;    8.0;eor
  2503;19821201;19821231;  10;   2;    92.4;   -999;     43;   14.4;eor
  2503;19830101;19830131;  10;   2;   117.4;   -999;     84;   18.1;eor
  2503;19830201;19830228;  10;   2;    34.7;   -999;    295;    7.6;eor
  2503;19830301;19830331;  10;   2;    65.1;   -999;     24;   15.1;eor
  2503;19830401;19830430;  10;   2;   146.3;   -999;      4;   28.6;eor
  2503;19830501;19830531;  10;   2;   115.8;   -999;      0;   39.2;eor
  2503;19830601;19830630;  10;   2;    28.2;   -999;      0;    6.3;eor
  2503;19830701;19830731;  10;   2;    30.3;   -999;      0;   12.9;eor
  2503;19830801;19830831;  10;   2;    37.6;   -999;      0;   19.1;eor
  2503;19830901;19830930;  10;   2;    65.5;   -999;      0;   15.4;eor
  2503;19831001;19831031;  10;   2;    35.4;   -999;      0;   11.0;eor
  2503;19831101;19831130;  10;   2;    57.5;   -999;      8;   21.4;eor
  2503;19831201;19831231;  10;   2;    47.2;   -999;    163;   15.4;eor
  2503;19840101;19840131;  10;   2;   108.0;   -999;    332;   18.0;eor
  2503;19840201;19840229;  10;   2;    87.1;   -999;    379;   43.3;eor
  2503;19840301;19840331;  10;   2;    23.7;   -999;    149;    6.4;eor
  2503;19840401;19840430;  10;   2;    34.9;   -999;     62;    9.2;eor
  2503;19840501;19840531;  10;   2;   155.5;   -999;      0;   31.0;eor
  2503;19840601;19840630;  10;   2;    68.5;   -999;      0;   18.9;eor
  2503;19840701;19840731;  10;   2;    96.3;   -999;      0;   25.9;eor
  2503;19840801;19840831;  10;   2;    46.8;   -999;      0;   15.4;eor
  2503;19840901;19840930;  10;   2;   120.0;   -999;      0;   22.2;eor
  2503;19841001;19841031;  10;   2;    49.3;   -999;      0;    7.7;eor
  2503;19841101;19841130;  10;   2;    84.3;   -999;      2;   39.4;eor
  2503;19841201;19841231;  10;   2;    33.7;   -999;     23;    6.7;eor
  2503;19850101;19850131;  10;   2;    48.8;   -999;    739;    8.9;eor
  2503;19850201;19850228;  10;   2;    21.1;   -999;    218;   10.2;eor
  2503;19850301;19850331;  10;   2;    34.5;   -999;    122;    6.3;eor
  2503;19850401;19850430;  10;   2;    71.5;   -999;      6;   11.2;eor
  2503;19850501;19850531;  10;   2;    64.4;   -999;      2;   14.8;eor
  2503;19850601;19850630;  10;   2;   109.6;   -999;      0;   24.0;eor
  2503;19850701;19850731;  10;   2;    75.0;   -999;      0;   17.5;eor
  2503;19850801;19850831;  10;   2;    63.3;   -999;      0;   18.9;eor
  2503;19850901;19850930;  10;   2;    49.3;   -999;      0;   20.4;eor
  2503;19851001;19851031;  10;   2;    17.7;   -999;      0;    4.4;eor
  2503;19851101;19851130;  10;   2;    81.0;   -999;    165;   16.2;eor
  2503;19851201;19851231;  10;   2;    68.2;   -999;     85;    9.0;eor
  2503;19860101;19860131;  10;   2;   132.7;   -999;    190;   24.0;eor
  2503;19860201;19860228;  10;   2;    11.3;   -999;    417;    3.6;eor
  2503;19860301;19860331;  10;   2;   109.5;   -999;    105;   37.4;eor
  2503;19860401;19860430;  10;   2;    46.5;   -999;     48;   12.5;eor
  2503;19860501;19860531;  10;   2;    66.8;   -999;      0;    9.8;eor
  2503;19860601;19860630;  10;   2;    81.2;   -999;      0;   18.3;eor
  2503;19860701;19860731;  10;   2;    40.1;   -999;      0;    9.3;eor
  2503;19860801;19860831;  10;   2;    66.4;   -999;      0;   12.5;eor
  2503;19860901;19860930;  10;   2;    63.1;   -999;      0;   12.7;eor
  2503;19861001;19861031;  10;   2;    82.8;   -999;      0;   24.7;eor
  2503;19861101;19861130;  10;   2;    26.5;   -999;      0;    7.9;eor
  2503;19861201;19861231;  10;   2;   126.9;   -999;    161;   22.5;eor
  2503;19870101;19870131;  10;   2;    90.8;   -999;    765;   31.1;eor
  2503;19870201;19870228;  10;   2;    68.8;   -999;    388;   19.3;eor
  2503;19870301;19870331;  10;   2;   103.1;   -999;    194;   28.4;eor
  2503;19870401;19870430;  10;   2;    18.8;   -999;      0;    5.1;eor
  2503;19870501;19870531;  10;   2;   111.0;   -999;      0;   33.9;eor
  2503;19870601;19870630;  10;   2;   101.3;   -999;      0;   18.0;eor
  2503;19870701;19870731;  10;   2;    73.0;   -999;      0;   15.9;eor
  2503;19870801;19870831;  10;   2;    80.2;   -999;      0;   13.5;eor
  2503;19870901;19870930;  10;   2;    73.5;   -999;      0;   20.2;eor
  2503;19871001;19871031;  10;   2;    42.3;   -999;      0;    7.8;eor
  2503;19871101;19871130;  10;   2;    77.3;   -999;      9;   10.6;eor
  2503;19871201;19871231;  10;   2;    79.4;   -999;      1;   24.9;eor
  2503;19880101;19880131;  10;   2;    72.5;   -999;     31;   10.1;eor
  2503;19880201;19880229;  10;   2;   102.0;   -999;    354;    9.5;eor
  2503;19880301;19880331;  10;   2;   160.7;   -999;    805;   22.0;eor
  2503;19880401;19880430;  10;   2;    53.1;   -999;      2;   15.9;eor
  2503;19880501;19880531;  10;   2;    41.8;   -999;      0;    9.0;eor
  2503;19880601;19880630;  10;   2;    35.7;   -999;      0;   20.9;eor
  2503;19880701;19880731;  10;   2;    78.0;   -999;      0;   18.4;eor
  2503;19880801;19880831;  10;   2;    21.6;   -999;      0;    6.5;eor
  2503;19880901;19880930;  10;   2;    58.4;   -999;      0;   16.5;eor
  2503;19881001;19881031;  10;   2;    28.7;   -999;      0;    7.6;eor
  2503;19881101;19881130;  10;   2;    86.1;   -999;     62;   22.9;eor
  2503;19881201;19881231;  10;   2;   145.2;   -999;      6;   28.0;eor
  2503;19890101;19890131;  10;   2;    33.8;   -999;     12;    7.2;eor
  2503;19890201;19890228;  10;   2;    47.4;   -999;      6;    8.0;eor
  2503;19890301;19890331;  10;   2;    65.1;   -999;      2;   11.0;eor
  2503;19890401;19890430;  10;   2;    56.6;   -999;      1;   13.6;eor
  2503;19890501;19890531;  10;   2;    33.6;   -999;      0;   18.8;eor
  2503;19890601;19890630;  10;   2;    64.6;   -999;      0;   14.0;eor
  2503;19890701;19890731;  10;   2;    40.7;   -999;      0;   15.6;eor
  2503;19890801;19890831;  10;   2;    34.3;   -999;      0;    6.0;eor
  2503;19890901;19890930;  10;   2;    51.2;   -999;      0;   16.3;eor
  2503;19891001;19891031;  10;   2;    67.0;   -999;      0;   16.7;eor
  2503;19891101;19891130;  10;   2;    54.7;   -999;      7;   22.8;eor
  2503;19891201;19891231;  10;   2;   122.6;   -999;      4;   25.5;eor
  2503;19900101;19900131;  10;   2;    44.3;   -999;      9;   14.7;eor
  2503;19900201;19900228;  10;   2;   104.2;   -999;     60;   23.2;eor
  2503;19900301;19900331;  10;   2;    60.0;   -999;     21;   22.4;eor
  2503;19900401;19900430;  10;   2;    39.4;   -999;      0;    7.1;eor
  2503;19900501;19900531;  10;   2;    12.1;   -999;      0;    5.1;eor
  2503;19900601;19900630;  10;   2;    79.1;   -999;      0;   18.9;eor
  2503;19900701;19900731;  10;   2;    29.9;   -999;      0;    6.2;eor
  2503;19900801;19900831;  10;   2;    42.9;   -999;      0;   14.0;eor
  2503;19900901;19900930;  10;   2;    92.8;   -999;      0;   26.2;eor
  2503;19901001;19901031;  10;   2;    54.5;   -999;      0;   21.8;eor
  2503;19901101;19901130;  10;   2;   116.2;   -999;     18;   21.6;eor
  2503;19901201;19901231;  10;   2;    58.1;   -999;    330;   13.9;eor
  2503;19911101;19911130;-999;-999;    -999;   -999;   -999;   11.4;eor
  2503;19911201;19911231;-999;-999;    -999;   -999;   -999;   19.5;eor
  2503;19920101;19920131;-999;-999;    -999;   -999;   -999;   12.1;eor
  2503;19920201;19920229;-999;-999;    -999;   -999;   -999;    2.9;eor
  2503;19920301;19920331;-999;-999;    -999;   -999;   -999;    7.7;eor
  2503;19920401;19920430;-999;-999;    -999;   -999;   -999;   14.3;eor
  2503;19920501;19920531;-999;-999;    -999;   -999;   -999;    8.6;eor
  2503;19920601;19920630;-999;-999;    -999;   -999;   -999;   20.0;eor
  2503;19920701;19920731;-999;-999;    -999;   -999;   -999;   28.9;eor
  2503;19920801;19920831;-999;-999;    -999;   -999;   -999;   15.6;eor
  2503;19920901;19920930;-999;-999;    -999;   -999;   -999;    7.6;eor
  2503;19921001;19921031;-999;-999;    -999;   -999;   -999;   20.2;eor
  2503;19921101;19921130;-999;-999;    -999;   -999;   -999;   16.5;eor
  2503;19921201;19921231;-999;-999;    -999;   -999;   -999;   13.2;eor
  2503;19930101;19930131;-999;-999;    -999;   -999;   -999;   24.2;eor
  2503;19930201;19930228;-999;-999;    -999;   -999;   -999;    7.2;eor
  2503;19930301;19930331;-999;-999;    -999;   -999;   -999;    7.2;eor
  2503;19930401;19930430;-999;-999;    -999;   -999;   -999;   16.4;eor
  2503;19930501;19930531;-999;-999;    -999;   -999;   -999;   25.1;eor
  2503;19930601;19930630;-999;-999;    -999;   -999;   -999;   14.5;eor
  2503;19930701;19930731;-999;-999;    -999;   -999;   -999;    9.6;eor
  2503;19930801;19930831;-999;-999;    -999;   -999;   -999;   10.0;eor
  2503;19930901;19930930;-999;-999;    -999;   -999;   -999;   11.3;eor
  2503;19931001;19931031;-999;-999;    -999;   -999;   -999;   15.5;eor
  2503;19931101;19931130;-999;-999;    -999;   -999;   -999;   22.6;eor
  2503;19931201;19931231;-999;-999;    -999;   -999;   -999;   41.0;eor
  2503;19940101;19940131;-999;-999;    -999;   -999;   -999;   13.3;eor
  2503;19940201;19940228;-999;-999;    -999;   -999;   -999;    7.4;eor
  2503;19940301;19940331;-999;-999;    -999;   -999;   -999;   21.7;eor
  2503;19940401;19940430;-999;-999;    -999;   -999;   -999;   42.3;eor
  2503;19940501;19940531;-999;-999;    -999;   -999;   -999;   16.5;eor
  2503;19940601;19940630;-999;-999;    -999;   -999;   -999;   41.1;eor
  2503;19940701;19940731;-999;-999;    -999;   -999;   -999;   10.5;eor
  2503;19940801;19940831;-999;-999;    -999;   -999;   -999;    8.6;eor
  2503;19940901;19940930;-999;-999;    -999;   -999;   -999;   13.0;eor
  2503;19941001;19941031;-999;-999;    -999;   -999;   -999;   11.6;eor
  2503;19941101;19941130;-999;-999;    -999;   -999;   -999;   12.0;eor
  2503;19941201;19941231;-999;-999;    -999;   -999;   -999;   24.1;eor
  2503;19950101;19950131;-999;-999;    -999;   -999;   -999;   25.7;eor
  2503;19950201;19950228;-999;-999;    -999;   -999;   -999;   11.2;eor
  2503;19950301;19950331;-999;-999;    -999;   -999;   -999;    9.3;eor
  2503;19950401;19950430;-999;-999;    -999;   -999;   -999;   21.3;eor
  2503;19950501;19950531;-999;-999;    -999;   -999;   -999;   23.0;eor
  2503;19950601;19950630;-999;-999;    -999;   -999;   -999;   10.0;eor
  2503;19950701;19950731;-999;-999;    -999;   -999;   -999;   31.2;eor
  2503;19950801;19950831;-999;-999;    -999;   -999;   -999;   13.6;eor
  2503;19950901;19950930;-999;-999;    -999;   -999;   -999;   22.5;eor
  2503;19951001;19951031;-999;-999;    -999;   -999;   -999;    1.7;eor
  2503;19951101;19951130;-999;-999;    -999;   -999;   -999;   11.2;eor
  2503;19951201;19951231;-999;-999;    -999;   -999;   -999;   17.7;eor
  2503;19960101;19960131;-999;-999;    -999;   -999;   -999;    3.2;eor
  2503;19960201;19960229;-999;-999;    -999;   -999;   -999;    5.6;eor
  2503;19960301;19960331;-999;-999;    -999;   -999;   -999;    7.6;eor
  2503;19960401;19960430;-999;-999;    -999;   -999;   -999;   13.1;eor
  2503;19960501;19960531;-999;-999;    -999;   -999;   -999;   15.7;eor
  2503;19960601;19960630;-999;-999;    -999;   -999;   -999;   10.9;eor
  2503;19960701;19960731;-999;-999;    -999;   -999;   -999;   22.4;eor
  2503;19960801;19960831;-999;-999;    -999;   -999;   -999;   22.5;eor
  2503;19960901;19960930;-999;-999;    -999;   -999;   -999;   13.4;eor
  2503;19961001;19961031;-999;-999;    -999;   -999;   -999;   23.8;eor
  2503;19961101;19961130;-999;-999;    -999;   -999;   -999;   12.1;eor
  2503;19961201;19961231;-999;-999;    -999;   -999;   -999;    6.1;eor
  2503;19970101;19970131;-999;-999;    -999;   -999;   -999;    3.2;eor
  2503;19970201;19970228;-999;-999;    -999;   -999;   -999;   32.8;eor
  2503;19970301;19970331;-999;-999;    -999;   -999;   -999;   16.9;eor
  2503;19970401;19970430;-999;-999;    -999;   -999;   -999;    9.2;eor
  2503;19970501;19970531;-999;-999;    -999;   -999;   -999;   14.2;eor
  2503;19970601;19970630;-999;-999;    -999;   -999;   -999;   30.5;eor
  2503;19970701;19970731;-999;-999;    -999;   -999;   -999;   36.4;eor
  2503;19970801;19970831;-999;-999;    -999;   -999;   -999;    7.4;eor
  2503;19970901;19970930;-999;-999;    -999;   -999;   -999;    6.6;eor
  2503;19971001;19971031;-999;-999;    -999;   -999;   -999;   23.0;eor
  2503;19971101;19971130;-999;-999;    -999;   -999;   -999;   13.7;eor
  2503;19971201;19971231;-999;-999;    -999;   -999;   -999;   16.6;eor
  2503;19990101;19990131;   9;   2;    62.5;     33;     81;   11.9;eor
  2503;19990201;19990228;   9;   2;    67.5;     60;    314;   12.9;eor
  2503;19990301;19990331;   9;   2;    64.7;      3;      3;   15.9;eor
  2503;19990401;19990430;   9;   2;    51.4;      3;      3;    9.0;eor
  2503;19990501;19990531;   9;   2;    64.9;      0;      0;   15.6;eor
  2503;19990601;19990630;   9;   2;    85.7;      0;      0;   20.5;eor
  2503;19990701;19990731;   9;   2;    59.7;      0;      0;   22.3;eor
  2503;19990801;19990831;   9;   2;    95.2;      0;      0;   29.5;eor
  2503;19990901;19990930;   9;   2;    22.4;      0;      0;    6.9;eor
  2503;19991001;19991031;   9;   2;    28.4;      0;      0;   10.0;eor
  2503;19991101;19991130;   9;   2;    54.0;     28;    111;   12.8;eor
  2503;19991201;19991231;   9;   2;    87.9;     37;    120;   15.7;eor
  2503;20000101;20000131;   9;   2;    63.1;     16;    115;   31.3;eor
  2503;20000201;20000229;   9;   2;    87.6;     18;     70;   10.1;eor
  2503;20000301;20000331;   9;   2;   109.4;     20;     33;   24.4;eor
  2503;20000401;20000430;   9;   2;    62.6;      0;      0;   30.1;eor
  2503;20000501;20000531;   9;   2;    29.6;      0;      0;    4.6;eor
  2503;20000601;20000630;   9;   2;    29.6;      0;      0;   10.1;eor
  2503;20000701;20000731;   9;   2;   138.1;      0;      0;   24.0;eor
  2503;20000801;20000831;   9;   2;    79.7;      0;      0;   26.2;eor
  2503;20000901;20000930;   9;   2;    95.4;      0;      0;   15.8;eor
  2503;20001001;20001031;   9;   2;    63.1;      0;      0;   10.1;eor
  2503;20001101;20001130;   9;   2;    49.1;      0;      0;    8.6;eor
  2503;20001201;20001231;   9;   2;    55.4;     22;     71;   10.1;eor
  2503;20010101;20010131;   9;   2;    50.1;     17;     96;   15.4;eor
  2503;20010201;20010228;   9;   2;    59.7;     45;    133;   12.2;eor
  2503;20010301;20010331;   9;   2;   103.8;     25;    131;   10.5;eor
  2503;20010401;20010430;   9;   2;    72.9;      4;      4;   14.1;eor
  2503;20010501;20010531;   9;   2;    29.6;      0;      0;    7.4;eor
  2503;20010601;20010630;   9;   2;   119.0;      0;      0;   15.9;eor
  2503;20010701;20010731;   9;   2;    46.2;      0;      0;   23.8;eor
  2503;20010801;20010831;   9;   2;    61.6;      0;      0;   14.3;eor
  2503;20010901;20010930;   9;   2;   155.0;      0;      0;   19.4;eor
  2503;20011001;20011031;   9;   2;    35.5;      0;      0;    7.8;eor
  2503;20011101;20011130;   9;   2;   106.6;      9;     19;   22.1;eor
  2503;20011201;20011231;   9;   2;    65.2;     67;    315;    8.8;eor
  2503;20020107;20020131;-999;-999;    -999;   -999;   -999;   27.5;eor
  2503;20020201;20020228;   9;   2;   211.4;   -999;   -999;   45.7;eor
  2503;20020301;20020331;   9;   2;    54.6;   -999;   -999;   17.0;eor
  2503;20020401;20020430;-999;-999;    -999;   -999;   -999;   10.6;eor
  2503;20020501;20020531;-999;-999;    -999;   -999;   -999;   15.1;eor
  2503;20020601;20020630;   9;   2;    75.5;   -999;   -999;   50.1;eor
  2503;20020701;20020731;   9;   2;    92.8;   -999;   -999;   27.5;eor
  2503;20020801;20020831;   9;   2;    56.9;   -999;   -999;   11.9;eor
  2503;20020901;20020930;-999;-999;    -999;   -999;   -999;   67.5;eor
  2503;20021001;20021031;   9;   2;   138.5;   -999;   -999;   19.5;eor
  2503;20021101;20021130;-999;-999;    -999;   -999;   -999;   14.9;eor
  2503;20021201;20021231;   9;   2;    94.0;   -999;   -999;   30.5;eor
  2503;20030101;20030131;-999;-999;    -999;   -999;   -999;   20.0;eor
  2503;20030201;20030228;   9;   2;    23.4;   -999;   -999;    7.9;eor
  2503;20030301;20030331;   9;   2;    40.7;   -999;   -999;   13.2;eor
  2503;20030401;20030430;   9;   2;    39.1;   -999;   -999;   11.0;eor
