STATIONS_ID; MESS_DATUM_BEGINN; MESS_DATUM_ENDE; QUALITAETS_NIVEAU; ART; NIEDERSCHLAGSHOEHE;NEUSCHNEEHOEHE;SCHNEEHOEHE; max(NIEDERSCHLAGSHOEHE);eor
  1790;18910101;18910131;   5;   2;    37.0;   -999;   -999;-999;eor
  1790;18910201;18910228;   5;   2;     8.0;   -999;   -999;-999;eor
  1790;18910301;18910331;   5;   2;    41.0;   -999;   -999;-999;eor
  1790;18910401;18910430;   5;   2;    30.0;   -999;   -999;-999;eor
  1790;18910501;18910531;   5;   2;    62.0;   -999;   -999;-999;eor
  1790;18910601;18910630;   5;   2;   101.0;   -999;   -999;-999;eor
  1790;18910701;18910731;   5;   2;   118.0;   -999;   -999;-999;eor
  1790;18910801;18910831;   5;   2;    49.0;   -999;   -999;-999;eor
  1790;18910901;18910930;   5;   2;    67.0;   -999;   -999;-999;eor
  1790;18911001;18911031;   5;   2;    34.0;   -999;   -999;-999;eor
  1790;18911101;18911130;   5;   2;    47.0;   -999;   -999;-999;eor
  1790;18911201;18911231;   5;   2;    53.0;   -999;   -999;-999;eor
  1790;18920101;18920131;   5;   2;    48.0;   -999;   -999;-999;eor
  1790;18920201;18920229;   5;   2;    14.0;   -999;   -999;-999;eor
  1790;18920301;18920331;   5;   2;    28.0;   -999;   -999;-999;eor
  1790;18920401;18920430;   5;   2;    11.0;   -999;   -999;-999;eor
  1790;18920501;18920531;   5;   2;    45.0;   -999;   -999;-999;eor
  1790;18920601;18920630;   5;   2;    36.0;   -999;   -999;-999;eor
  1790;18920701;18920731;   5;   2;    10.0;   -999;   -999;-999;eor
  1790;18920801;18920831;   5;   2;    44.0;   -999;   -999;-999;eor
  1790;18920901;18920930;   5;   2;    46.0;   -999;   -999;-999;eor
  1790;18921001;18921031;   5;   2;    13.0;   -999;   -999;-999;eor
  1790;18921101;18921130;   5;   2;    11.0;   -999;   -999;-999;eor
  1790;18921201;18921231;   5;   2;    52.0;   -999;   -999;-999;eor
  1790;18930101;18930131;   5;   2;    25.0;   -999;   -999;-999;eor
  1790;18930201;18930228;   5;   2;    76.0;   -999;   -999;-999;eor
  1790;18930301;18930331;   5;   2;    26.0;   -999;   -999;-999;eor
  1790;18930401;18930430;   5;   2;     1.0;   -999;   -999;-999;eor
  1790;18930501;18930531;   5;   2;    31.0;   -999;   -999;-999;eor
  1790;18930601;18930630;   5;   2;    46.0;   -999;   -999;-999;eor
  1790;18930701;18930731;   5;   2;    40.0;   -999;   -999;-999;eor
  1790;18930801;18930831;   5;   2;    29.0;   -999;   -999;-999;eor
  1790;18930901;18930930;   5;   2;    25.0;   -999;   -999;-999;eor
  1790;18931001;18931031;   5;   2;    67.0;   -999;   -999;-999;eor
  1790;18931101;18931130;   5;   2;    78.0;   -999;   -999;-999;eor
  1790;18931201;18931231;   5;   2;    18.0;   -999;   -999;-999;eor
  1790;18940101;18940131;   5;   2;     9.0;   -999;   -999;-999;eor
  1790;18940201;18940228;   5;   2;    59.0;   -999;   -999;-999;eor
  1790;18940301;18940331;   5;   2;    52.0;   -999;   -999;-999;eor
  1790;18940401;18940430;   5;   2;    39.0;   -999;   -999;-999;eor
  1790;18940501;18940531;   5;   2;    72.0;   -999;   -999;-999;eor
  1790;18940601;18940630;   5;   2;    73.0;   -999;   -999;-999;eor
  1790;18940701;18940731;   5;   2;    35.0;   -999;   -999;-999;eor
  1790;18940801;18940831;   5;   2;    81.0;   -999;   -999;-999;eor
  1790;18940901;18940930;   5;   2;    51.0;   -999;   -999;-999;eor
  1790;18941001;18941031;   5;   2;    64.0;   -999;   -999;-999;eor
  1790;18941101;18941130;   5;   2;    23.0;   -999;   -999;-999;eor
  1790;18941201;18941231;   5;   2;    45.0;   -999;   -999;-999;eor
  1790;18950101;18950131;   5;   2;    38.0;   -999;   -999;-999;eor
  1790;18950201;18950228;   5;   2;    15.0;   -999;   -999;-999;eor
  1790;18950301;18950331;   5;   2;    45.0;   -999;   -999;-999;eor
  1790;18950401;18950430;   5;   2;    33.0;   -999;   -999;-999;eor
  1790;18950501;18950531;   5;   2;    45.0;   -999;   -999;-999;eor
  1790;18950601;18950630;   5;   2;    38.0;   -999;   -999;-999;eor
  1790;18950701;18950731;   5;   2;    50.0;   -999;   -999;-999;eor
  1790;18950801;18950831;   5;   2;    55.0;   -999;   -999;-999;eor
  1790;18950901;18950930;   5;   2;    42.0;   -999;   -999;-999;eor
  1790;18951001;18951031;   5;   2;    65.0;   -999;   -999;-999;eor
  1790;18951101;18951130;   5;   2;    48.0;   -999;   -999;-999;eor
  1790;18951201;18951231;   5;   2;    49.0;   -999;   -999;-999;eor
  1790;18960101;18960131;   5;   2;    31.0;   -999;   -999;-999;eor
  1790;18960201;18960229;   5;   2;    13.0;   -999;   -999;-999;eor
  1790;18960301;18960331;   5;   2;    47.0;   -999;   -999;-999;eor
  1790;18960401;18960430;   5;   2;    23.0;   -999;   -999;-999;eor
  1790;18960501;18960531;   5;   2;    17.0;   -999;   -999;-999;eor
  1790;18960601;18960630;   5;   2;    65.0;   -999;   -999;-999;eor
  1790;18960701;18960731;   5;   2;    71.0;   -999;   -999;-999;eor
  1790;18960801;18960831;   5;   2;    56.0;   -999;   -999;-999;eor
  1790;18960901;18960930;   5;   2;    74.0;   -999;   -999;-999;eor
  1790;18961001;18961031;   5;   2;    58.0;   -999;   -999;-999;eor
  1790;18961101;18961130;   5;   2;    11.0;   -999;   -999;-999;eor
  1790;18961201;18961231;   5;   2;    36.0;   -999;   -999;-999;eor
  1790;18970101;18970131;   5;   2;    32.0;   -999;   -999;-999;eor
  1790;18970201;18970228;   5;   2;    17.0;   -999;   -999;-999;eor
  1790;18970301;18970331;   5;   2;    59.0;   -999;   -999;-999;eor
  1790;18970401;18970430;   5;   2;    43.0;   -999;   -999;-999;eor
  1790;18970501;18970531;   5;   2;    85.0;   -999;   -999;-999;eor
  1790;18970601;18970630;   5;   2;    26.0;   -999;   -999;-999;eor
  1790;18970701;18970731;   5;   2;   101.0;   -999;   -999;-999;eor
  1790;18970801;18970831;   5;   2;    42.0;   -999;   -999;-999;eor
  1790;18970901;18970930;   5;   2;    58.0;   -999;   -999;-999;eor
  1790;18971001;18971031;   5;   2;    13.0;   -999;   -999;-999;eor
  1790;18971101;18971130;   5;   2;    16.0;   -999;   -999;-999;eor
  1790;18971201;18971231;   5;   2;    23.0;   -999;   -999;-999;eor
  1790;18980101;18980131;   5;   2;    42.0;   -999;   -999;-999;eor
  1790;18980201;18980228;   5;   2;    49.0;   -999;   -999;-999;eor
  1790;18980301;18980331;   5;   2;    59.0;   -999;   -999;-999;eor
  1790;18980401;18980430;   5;   2;    81.0;   -999;   -999;-999;eor
  1790;18980501;18980531;   5;   2;    48.0;   -999;   -999;-999;eor
  1790;18980601;18980630;   5;   2;    40.0;   -999;   -999;-999;eor
  1790;18980701;18980731;   5;   2;   124.0;   -999;   -999;-999;eor
  1790;18980801;18980831;   5;   2;    23.0;   -999;   -999;-999;eor
  1790;18980901;18980930;   5;   2;    28.0;   -999;   -999;-999;eor
  1790;18981001;18981031;   5;   2;    44.0;   -999;   -999;-999;eor
  1790;18981101;18981130;   5;   2;    10.0;   -999;   -999;-999;eor
  1790;18981201;18981231;   5;   2;    42.0;   -999;   -999;-999;eor
  1790;18990101;18990131;   5;   2;    56.0;   -999;   -999;-999;eor
  1790;18990201;18990228;   5;   2;    15.0;   -999;   -999;-999;eor
  1790;18990301;18990331;   5;   2;    16.0;   -999;   -999;-999;eor
  1790;18990401;18990430;   5;   2;    17.0;   -999;   -999;-999;eor
  1790;18990501;18990531;   5;   2;   130.0;   -999;   -999;-999;eor
  1790;18990601;18990630;   5;   2;    50.0;   -999;   -999;-999;eor
  1790;18990701;18990731;   5;   2;    90.0;   -999;   -999;-999;eor
  1790;18990801;18990831;   5;   2;    10.0;   -999;   -999;-999;eor
  1790;18990901;18990930;   5;   2;    52.0;   -999;   -999;-999;eor
  1790;18991001;18991031;   5;   2;    22.0;   -999;   -999;-999;eor
  1790;18991101;18991130;   5;   2;    22.0;   -999;   -999;-999;eor
  1790;18991201;18991231;   5;   2;    31.0;   -999;   -999;-999;eor
  1790;19000101;19000131;   5;   2;    58.0;   -999;   -999;-999;eor
  1790;19000201;19000228;   5;   2;    23.0;   -999;   -999;-999;eor
  1790;19000301;19000331;   5;   2;    29.0;   -999;   -999;-999;eor
  1790;19000401;19000430;   5;   2;    66.0;   -999;   -999;-999;eor
  1790;19000501;19000531;   5;   2;    16.0;   -999;   -999;-999;eor
  1790;19000601;19000630;   5;   2;   117.0;   -999;   -999;-999;eor
  1790;19000701;19000731;   5;   2;    68.0;   -999;   -999;-999;eor
  1790;19000801;19000831;   5;   2;    30.0;   -999;   -999;-999;eor
  1790;19000901;19000930;   5;   2;    16.0;   -999;   -999;-999;eor
  1790;19001001;19001031;   5;   2;    60.0;   -999;   -999;-999;eor
  1790;19001101;19001130;   5;   2;    37.0;   -999;   -999;-999;eor
  1790;19001201;19001231;   5;   2;    35.0;   -999;   -999;-999;eor
  1790;19010101;19010131;   5;   2;    38.0;   -999;   -999;-999;eor
  1790;19010201;19010228;   5;   2;     5.0;   -999;   -999;-999;eor
  1790;19010301;19010331;   5;   2;    31.0;   -999;   -999;-999;eor
  1790;19010401;19010430;   5;   2;    42.0;   -999;   -999;-999;eor
  1790;19010501;19010531;   5;   2;    50.0;   -999;   -999;-999;eor
  1790;19010601;19010630;   5;   2;    68.0;   -999;   -999;-999;eor
  1790;19010701;19010731;   5;   2;    44.0;   -999;   -999;-999;eor
  1790;19010801;19010831;   5;   2;    19.0;   -999;   -999;-999;eor
  1790;19010901;19010930;   5;   2;    38.0;   -999;   -999;-999;eor
  1790;19011001;19011031;   5;   2;    60.0;   -999;   -999;-999;eor
  1790;19011101;19011130;   5;   2;    66.0;   -999;   -999;-999;eor
  1790;19011201;19011231;   5;   2;    48.0;   -999;   -999;-999;eor
  1790;19020101;19020131;   5;   2;    40.0;   -999;   -999;-999;eor
  1790;19020201;19020228;   5;   2;    16.0;   -999;   -999;-999;eor
  1790;19020301;19020331;   5;   2;    60.0;   -999;   -999;-999;eor
  1790;19020401;19020430;   5;   2;    33.0;   -999;   -999;-999;eor
  1790;19020501;19020531;   5;   2;    61.0;   -999;   -999;-999;eor
  1790;19020601;19020630;   5;   2;    85.0;   -999;   -999;-999;eor
  1790;19020701;19020731;   5;   2;    49.0;   -999;   -999;-999;eor
  1790;19020801;19020831;   5;   2;    68.0;   -999;   -999;-999;eor
  1790;19020901;19020930;   5;   2;    67.0;   -999;   -999;-999;eor
  1790;19021001;19021031;   5;   2;    25.0;   -999;   -999;-999;eor
  1790;19021101;19021130;   5;   2;     0.0;   -999;   -999;-999;eor
  1790;19021201;19021231;   5;   2;    39.0;   -999;   -999;-999;eor
  1790;19700101;19700131;   5;   2;    33.0;   -999;    677;   11.3;eor
  1790;19700201;19700228;   5;   2;    62.5;   -999;    206;    8.1;eor
  1790;19700301;19700331;   5;   2;    55.9;   -999;    371;   12.8;eor
  1790;19700401;19700430;   5;   2;    45.8;   -999;      2;   16.2;eor
  1790;19700501;19700531;   5;   2;    39.3;   -999;      0;    8.9;eor
  1790;19700601;19700630;   5;   2;    36.3;   -999;      0;   18.2;eor
  1790;19700701;19700731;   5;   2;    52.2;   -999;      0;   11.1;eor
  1790;19700801;19700831;   5;   2;    34.4;   -999;      0;   14.9;eor
  1790;19700901;19700930;   5;   2;    46.5;   -999;      0;   16.8;eor
  1790;19701001;19701031;   5;   2;    58.8;   -999;      0;    8.3;eor
  1790;19701101;19701130;   5;   2;    66.3;   -999;      2;   15.3;eor
  1790;19701201;19701231;   5;   2;    40.6;   -999;     60;    8.8;eor
  1790;19710101;19710131;   5;   2;    21.3;   -999;    183;   10.8;eor
  1790;19710201;19710228;   5;   2;    28.1;   -999;      9;    4.1;eor
  1790;19710301;19710331;   5;   2;    24.6;   -999;     80;    4.7;eor
  1790;19710401;19710430;   5;   2;    41.4;   -999;      0;   11.8;eor
  1790;19710501;19710531;   5;   2;    76.7;   -999;      0;   33.7;eor
  1790;19710601;19710630;   5;   2;    94.5;   -999;      0;   22.9;eor
  1790;19710701;19710731;   5;   2;     4.3;   -999;      0;    2.7;eor
  1790;19710801;19710831;   5;   2;    50.7;   -999;      0;   15.2;eor
  1790;19710901;19710930;   5;   2;    41.7;   -999;      0;   10.6;eor
  1790;19711001;19711031;   5;   2;    25.4;   -999;      0;   17.0;eor
  1790;19711101;19711130;   5;   2;    37.9;   -999;     33;    7.2;eor
  1790;19711201;19711231;   5;   2;    57.3;   -999;      0;   13.2;eor
  1790;19720101;19720131;   5;   2;    22.6;   -999;    111;   10.2;eor
  1790;19720201;19720229;   5;   2;     1.7;   -999;     45;    1.7;eor
  1790;19720301;19720331;   5;   2;    47.3;   -999;      0;   19.6;eor
  1790;19720401;19720430;   5;   2;    20.2;   -999;      0;    3.9;eor
  1790;19720501;19720531;   5;   2;   139.0;   -999;      0;   59.1;eor
  1790;19720601;19720630;   5;   2;    69.9;   -999;      0;   23.6;eor
  1790;19720701;19720731;   5;   2;    32.1;   -999;      0;    9.8;eor
  1790;19720801;19720831;   5;   2;    53.3;   -999;      0;   14.5;eor
  1790;19720901;19720930;   5;   2;    42.9;   -999;      0;   10.2;eor
  1790;19721001;19721031;   5;   2;    15.5;   -999;      0;    6.8;eor
  1790;19721101;19721130;   5;   2;    25.6;   -999;      0;    4.3;eor
  1790;19721201;19721231;   5;   2;     3.1;   -999;      0;    1.4;eor
  1790;19730101;19730131;   5;   2;    18.1;   -999;      2;    8.5;eor
  1790;19730201;19730228;   5;   2;    35.1;   -999;     19;    9.3;eor
  1790;19730301;19730331;   5;   2;    12.5;   -999;      0;    3.6;eor
  1790;19730401;19730430;   5;   2;    76.6;   -999;      0;   23.3;eor
  1790;19730501;19730531;   5;   2;    52.0;   -999;      0;   15.4;eor
  1790;19730601;19730630;   5;   2;    63.5;   -999;      0;   12.3;eor
  1790;19730701;19730731;   5;   2;    73.0;   -999;      0;   16.8;eor
  1790;19730801;19730831;   5;   2;    26.7;   -999;      0;   12.6;eor
  1790;19730901;19730930;   5;   2;    25.7;   -999;      0;   12.4;eor
  1790;19731001;19731031;   5;   2;    47.0;   -999;      0;   11.6;eor
  1790;19731101;19731130;   5;   2;    40.6;   -999;     34;    6.5;eor
  1790;19731201;19731231;   5;   2;    44.7;   -999;     95;    6.4;eor
  1790;19740101;19740131;   5;   2;    24.6;   -999;      5;    6.6;eor
  1790;19740201;19740228;   5;   2;    41.2;   -999;      2;   10.2;eor
  1790;19740301;19740331;   5;   2;    15.6;   -999;      0;    8.0;eor
  1790;19740401;19740430;   5;   2;     8.7;   -999;      0;    2.4;eor
  1790;19740501;19740531;   5;   2;    77.9;   -999;      0;   19.1;eor
  1790;19740601;19740630;   5;   2;    96.5;   -999;      0;   16.1;eor
  1790;19740701;19740731;   5;   2;    56.1;   -999;      0;    7.8;eor
  1790;19740801;19740831;   5;   2;    71.6;   -999;      0;   36.7;eor
  1790;19740901;19740930;   5;   2;    72.8;   -999;      0;   34.9;eor
  1790;19741001;19741031;   5;   2;   134.3;   -999;      0;   33.0;eor
  1790;19741101;19741130;   5;   2;    53.0;   -999;      0;   14.0;eor
  1790;19741201;19741231;   5;   2;   125.8;   -999;     14;   16.2;eor
  1790;19750101;19750131;   5;   2;    43.2;   -999;      0;    7.6;eor
  1790;19750201;19750228;   5;   2;    13.8;   -999;      5;    9.0;eor
  1790;19750301;19750331;   5;   2;    13.8;   -999;      0;    5.4;eor
  1790;19750401;19750430;   5;   2;    34.0;   -999;      0;   12.9;eor
  1790;19750501;19750531;   5;   2;    30.3;   -999;      0;   12.2;eor
  1790;19750601;19750630;   5;   2;    49.4;   -999;      0;   17.8;eor
  1790;19750701;19750731;   5;   2;    52.1;   -999;      0;   33.2;eor
  1790;19750801;19750831;   5;   2;    44.4;   -999;      0;   37.9;eor
  1790;19750901;19750930;   5;   2;    63.5;   -999;      0;   38.6;eor
  1790;19751001;19751031;   5;   2;    46.2;   -999;      0;   18.8;eor
  1790;19751101;19751130;   5;   2;    32.2;   -999;      8;    6.5;eor
  1790;19751201;19751231;   5;   2;    29.5;   -999;      0;   13.3;eor
  1790;19760101;19760131;   5;   2;   114.7;   -999;     51;   17.2;eor
  1790;19760201;19760229;   5;   2;    13.5;   -999;     29;    4.1;eor
  1790;19760301;19760331;   5;   2;    16.7;   -999;      6;    4.1;eor
  1790;19760401;19760430;   5;   2;    10.0;   -999;      0;    2.9;eor
  1790;19760501;19760531;   5;   2;    40.3;   -999;      0;    8.2;eor
  1790;19760601;19760630;   5;   2;    24.0;   -999;      0;    5.3;eor
  1790;19760701;19760731;   5;   2;    19.5;   -999;      0;    6.9;eor
  1790;19760801;19760831;   5;   2;    20.3;   -999;      0;    5.3;eor
  1790;19760901;19760930;   5;   2;    39.9;   -999;      0;   10.6;eor
  1790;19761001;19761031;   5;   2;    23.3;   -999;      0;    7.4;eor
  1790;19761101;19761130;   5;   2;    38.9;   -999;      0;    7.9;eor
  1790;19761201;19761231;   5;   2;    46.0;   -999;     67;    7.0;eor
  1790;19770101;19770131;   5;   2;    24.8;   -999;     44;    3.6;eor
  1790;19770201;19770228;   5;   2;    35.7;   -999;      0;    5.2;eor
  1790;19770301;19770331;   5;   2;    37.6;   -999;      1;    6.2;eor
  1790;19770401;19770430;   5;   2;    55.9;   -999;      6;    7.4;eor
  1790;19770501;19770531;   5;   2;    58.7;   -999;      0;   23.1;eor
  1790;19770601;19770630;   5;   2;    73.7;   -999;      0;   53.4;eor
  1790;19770701;19770731;   5;   2;    86.9;   -999;      0;   25.5;eor
  1790;19770801;19770831;   5;   2;    69.0;   -999;      0;   13.8;eor
  1790;19770901;19770930;   5;   2;    65.2;   -999;      0;   32.9;eor
  1790;19771001;19771031;   5;   2;    10.8;   -999;      0;    2.4;eor
  1790;19771101;19771130;   5;   2;    67.9;   -999;      5;   11.4;eor
  1790;19771201;19771231;   5;   2;    38.5;   -999;      0;    7.0;eor
  1790;19780101;19780131;   5;   2;    36.6;   -999;      6;   11.9;eor
  1790;19780201;19780228;   5;   2;    11.8;   -999;     39;    3.2;eor
  1790;19780301;19780331;   5;   2;    33.2;   -999;      0;    5.2;eor
  1790;19780401;19780430;   5;   2;    29.9;   -999;      0;   10.8;eor
  1790;19780501;19780531;   5;   2;    94.8;   -999;      0;   22.8;eor
  1790;19780601;19780630;   5;   2;    22.5;   -999;      0;    6.5;eor
  1790;19780701;19780731;   5;   2;    26.2;   -999;      0;    9.7;eor
  1790;19780801;19780831;   5;   2;   149.7;   -999;      0;   96.2;eor
  1790;19780901;19780930;   5;   2;    86.2;   -999;      0;   16.0;eor
  1790;19781001;19781031;   5;   2;    44.2;   -999;      0;    9.3;eor
  1790;19781101;19781130;   5;   2;    26.0;   -999;      0;   16.2;eor
  1790;19781201;19781231;   5;   2;    93.0;   -999;     27;   12.5;eor
  1790;19790101;19790131;   5;   2;    35.5;   -999;    765;    5.0;eor
  1790;19790201;19790228;   5;   2;    36.5;   -999;    359;    8.3;eor
  1790;19790301;19790331;   5;   2;    55.6;   -999;     23;    9.6;eor
  1790;19790401;19790430;   5;   2;    37.8;   -999;      0;    9.3;eor
  1790;19790501;19790531;   5;   2;    35.5;   -999;      0;   25.3;eor
  1790;19790601;19790630;   5;   2;    63.8;   -999;      0;   18.1;eor
  1790;19790701;19790731;   5;   2;    76.4;   -999;      0;   17.0;eor
  1790;19790801;19790831;   5;   2;    27.1;   -999;      0;    6.8;eor
  1790;19790901;19790930;   5;   2;    58.6;   -999;      0;   16.6;eor
  1790;19791001;19791031;   5;   2;    12.0;   -999;      0;   10.8;eor
  1790;19791101;19791130;   5;   2;    73.5;   -999;      0;   13.2;eor
  1790;19791201;19791231;   5;   2;    83.2;   -999;     15;   12.2;eor
  1790;19800101;19800131;   5;   2;    22.6;   -999;    188;    9.2;eor
  1790;19800201;19800229;   5;   2;    41.4;   -999;     27;    9.2;eor
  1790;19800301;19800331;   5;   2;    29.7;   -999;     21;    6.8;eor
  1790;19800401;19800430;   5;   2;    58.6;   -999;      0;   14.9;eor
  1790;19800501;19800531;   5;   2;    18.2;   -999;      0;   15.6;eor
  1790;19800601;19800630;   5;   2;    81.6;   -999;      0;   18.2;eor
  1790;19800701;19800731;   5;   2;   110.6;   -999;      0;   23.4;eor
  1790;19800801;19800831;   5;   2;    32.9;   -999;      0;    6.7;eor
  1790;19800901;19800930;   5;   2;    55.1;   -999;      0;   17.8;eor
  1790;19801001;19801031;   5;   2;    52.0;   -999;      0;   14.3;eor
  1790;19801101;19801130;   5;   2;    38.9;   -999;      5;   10.1;eor
  1790;19801201;19801231;   5;   2;    40.5;   -999;     74;    6.3;eor
  1790;19810101;19810131;  10;   2;    52.8;   -999;     87;   10.8;eor
  1790;19810201;19810228;  10;   2;    19.1;   -999;      9;    4.3;eor
  1790;19810301;19810331;  10;   2;    78.4;   -999;      2;   19.2;eor
  1790;19810401;19810430;  10;   2;    43.2;   -999;      0;   29.7;eor
  1790;19810501;19810531;  10;   2;    36.3;   -999;      0;   14.2;eor
  1790;19810601;19810630;  10;   2;    31.4;   -999;      0;    8.2;eor
  1790;19810701;19810731;  10;   2;   155.0;   -999;      0;   26.5;eor
  1790;19810801;19810831;  10;   2;    52.6;   -999;      0;   25.2;eor
  1790;19810901;19810930;  10;   2;    33.5;   -999;      0;    8.4;eor
  1790;19811001;19811031;  10;   2;    73.1;   -999;      0;   10.1;eor
  1790;19811101;19811130;  10;   2;    48.1;   -999;      0;    8.6;eor
  1790;19811201;19811231;  10;   2;    67.5;   -999;    310;   11.7;eor
  1790;19820101;19820131;  10;   2;    59.4;   -999;     17;   17.3;eor
  1790;19820201;19820228;  10;   2;     9.8;   -999;      0;    3.7;eor
  1790;19820301;19820331;  10;   2;    38.3;   -999;      0;   10.9;eor
  1790;19820401;19820430;  10;   2;    27.5;   -999;      0;    9.0;eor
  1790;19820501;19820531;  10;   2;    47.0;   -999;      0;   10.0;eor
  1790;19820601;19820630;  10;   2;    60.1;   -999;      0;   13.4;eor
  1790;19820701;19820731;  10;   2;    23.2;   -999;      0;   12.4;eor
  1790;19820801;19820831;  10;   2;    19.0;   -999;      0;    6.1;eor
  1790;19820901;19820930;  10;   2;     6.3;   -999;      0;    2.7;eor
  1790;19821001;19821031;  10;   2;    37.4;   -999;      0;    8.3;eor
  1790;19821101;19821130;  10;   2;    27.1;   -999;      0;    5.8;eor
  1790;19821201;19821231;  10;   2;    26.7;   -999;      0;    5.9;eor
  1790;19830101;19830131;  10;   2;    76.0;   -999;      0;   12.0;eor
  1790;19830201;19830228;  10;   2;    39.6;   -999;    197;   10.3;eor
  1790;19830301;19830331;  10;   2;    27.9;   -999;      0;    5.0;eor
  1790;19830401;19830430;  10;   2;    59.5;   -999;      0;   19.0;eor
  1790;19830501;19830531;  10;   2;   126.6;   -999;      0;   47.5;eor
  1790;19830601;19830630;  10;   2;    23.1;   -999;      0;   18.0;eor
  1790;19830701;19830731;  10;   2;    21.0;   -999;      0;   10.2;eor
  1790;19830801;19830831;  10;   2;   102.7;   -999;      0;   46.5;eor
  1790;19830901;19830930;  10;   2;    50.2;   -999;      0;   33.5;eor
  1790;19831001;19831031;  10;   2;    18.9;   -999;      0;    8.4;eor
  1790;19831101;19831130;  10;   2;    34.1;   -999;      2;   13.5;eor
  1790;19831201;19831231;  10;   2;    32.8;   -999;     21;    3.6;eor
  1790;19840101;19840131;  10;   2;    51.2;   -999;      7;    9.5;eor
  1790;19840201;19840229;  10;   2;    37.8;   -999;     11;    9.3;eor
  1790;19840301;19840331;  10;   2;     8.9;   -999;      0;    5.8;eor
  1790;19840401;19840430;  10;   2;    41.2;   -999;      0;    8.7;eor
  1790;19840501;19840531;  10;   2;    53.8;   -999;      0;   14.5;eor
  1790;19840601;19840630;  10;   2;    59.4;   -999;      0;   13.5;eor
  1790;19840701;19840731;  10;   2;    52.1;   -999;      0;   21.3;eor
  1790;19840801;19840831;  10;   2;    85.5;   -999;      0;   41.5;eor
  1790;19840901;19840930;  10;   2;    55.8;   -999;      0;    9.5;eor
  1790;19841001;19841031;  10;   2;    28.5;   -999;      0;    5.1;eor
  1790;19841101;19841130;  10;   2;    40.2;   -999;      9;   13.5;eor
  1790;19841201;19841231;  10;   2;    24.8;   -999;      7;    6.2;eor
  1790;19850101;19850131;  10;   2;    30.3;   -999;    192;    4.2;eor
  1790;19850201;19850228;  10;   2;    30.1;   -999;     48;    6.9;eor
  1790;19850301;19850331;  10;   2;    42.3;   -999;     15;   11.5;eor
  1790;19850401;19850430;  10;   2;    52.7;   -999;      0;   12.4;eor
  1790;19850501;19850531;  10;   2;    24.7;   -999;      0;    5.6;eor
  1790;19850601;19850630;  10;   2;    79.9;   -999;      0;   15.5;eor
  1790;19850701;19850731;  10;   2;    31.1;   -999;      0;    5.6;eor
  1790;19850801;19850831;  10;   2;    69.4;   -999;      0;   16.9;eor
  1790;19850901;19850930;  10;   2;    37.7;   -999;      0;    9.5;eor
  1790;19851001;19851031;  10;   2;    17.2;   -999;      0;    5.7;eor
  1790;19851101;19851130;  10;   2;    40.5;   -999;     72;    9.0;eor
  1790;19851201;19851231;  10;   2;    67.2;   -999;     38;    7.4;eor
  1790;19860101;19860131;  10;   2;    55.0;   -999;     85;    9.0;eor
  1790;19860201;19860228;  10;   2;    27.7;   -999;    183;   16.3;eor
  1790;19860301;19860331;  10;   2;    36.2;   -999;     36;    9.4;eor
  1790;19860401;19860430;  10;   2;    58.2;   -999;     14;   14.0;eor
  1790;19860501;19860531;  10;   2;   107.3;   -999;      0;   26.3;eor
  1790;19860601;19860630;  10;   2;    44.1;   -999;      0;   10.2;eor
  1790;19860701;19860731;  10;   2;    50.5;   -999;      0;   20.2;eor
  1790;19860801;19860831;  10;   2;    68.5;   -999;      0;   13.0;eor
  1790;19860901;19860930;  10;   2;    40.3;   -999;      0;    8.6;eor
  1790;19861001;19861031;  10;   2;    43.5;   -999;      0;   14.5;eor
  1790;19861101;19861130;  10;   2;    15.8;   -999;      0;    5.7;eor
  1790;19861201;19861231;  10;   2;   116.1;   -999;    106;   19.8;eor
  1790;19870101;19870131;  10;   2;    52.0;   -999;    338;    8.8;eor
  1790;19870201;19870228;  10;   2;    47.0;   -999;     72;    9.2;eor
  1790;19870301;19870331;  10;   2;    23.2;   -999;      3;    8.2;eor
  1790;19870401;19870430;  10;   2;    74.9;   -999;      0;   28.5;eor
  1790;19870501;19870531;  10;   2;    59.9;   -999;      0;   15.1;eor
  1790;19870601;19870630;  10;   2;    72.1;   -999;      0;   19.6;eor
  1790;19870701;19870731;  10;   2;    93.7;   -999;      0;   40.6;eor
  1790;19870801;19870831;  10;   2;    90.8;   -999;      0;   16.5;eor
  1790;19870901;19870930;  10;   2;    48.0;   -999;      0;   11.9;eor
  1790;19871001;19871031;  10;   2;    19.4;   -999;      0;   15.5;eor
  1790;19871101;19871130;  10;   2;    60.0;   -999;      0;   29.1;eor
  1790;19871201;19871231;  10;   2;    42.4;   -999;      1;   11.2;eor
  1790;19880101;19880131;  10;   2;    45.0;   -999;      0;    7.7;eor
  1790;19880201;19880229;  10;   2;    69.2;   -999;     24;   13.1;eor
  1790;19880301;19880331;  10;   2;    74.9;   -999;     25;    8.7;eor
  1790;19880401;19880430;  10;   2;     1.4;   -999;      0;    0.5;eor
  1790;19880501;19880531;  10;   2;    26.8;   -999;      0;    7.5;eor
  1790;19880601;19880630;  10;   2;    79.5;   -999;      0;   10.7;eor
  1790;19880701;19880731;  10;   2;    67.1;   -999;      0;   18.4;eor
  1790;19880801;19880831;  10;   2;    20.3;   -999;      0;    8.2;eor
  1790;19880901;19880930;  10;   2;    41.0;   -999;      0;   15.2;eor
  1790;19881001;19881031;  10;   2;     7.7;   -999;      0;    2.6;eor
  1790;19881101;19881130;  10;   2;    35.0;   -999;      7;    7.1;eor
  1790;19881201;19881231;  10;   2;    69.9;   -999;     13;    9.7;eor
  1790;19890101;19890131;  10;   2;    17.4;   -999;      0;    5.5;eor
  1790;19890201;19890228;  10;   2;    30.9;   -999;      0;    5.3;eor
  1790;19890301;19890331;  10;   2;    29.1;   -999;      0;    5.2;eor
  1790;19890401;19890430;  10;   2;    44.2;   -999;      0;    9.7;eor
  1790;19890501;19890531;  10;   2;    11.9;   -999;      0;    3.6;eor
  1790;19890601;19890630;  10;   2;    33.3;   -999;      0;    9.6;eor
  1790;19890701;19890731;  10;   2;    61.3;   -999;      0;   24.3;eor
  1790;19890801;19890831;  10;   2;    31.8;   -999;      0;    8.4;eor
  1790;19890901;19890930;  10;   2;    22.4;   -999;      0;    9.0;eor
  1790;19891001;19891031;  10;   2;    33.0;   -999;      0;   18.9;eor
  1790;19891101;19891130;  10;   2;    75.0;   -999;     43;   21.5;eor
  1790;19891201;19891231;  10;   2;    51.7;   -999;      0;   11.4;eor
  1790;19900101;19900131;  10;   2;    23.5;   -999;      0;    7.2;eor
  1790;19900201;19900228;  10;   2;    39.0;   -999;      2;    7.9;eor
  1790;19900301;19900331;  10;   2;    17.5;   -999;      0;    5.5;eor
  1790;19900401;19900430;  10;   2;    41.9;   -999;      0;   17.6;eor
  1790;19900501;19900531;  10;   2;    20.1;   -999;      0;    6.5;eor
  1790;19900601;19900630;  10;   2;    77.8;   -999;      0;   14.5;eor
  1790;19900701;19900731;  10;   2;    19.8;   -999;      0;    8.1;eor
  1790;19900801;19900831;  10;   2;    65.6;   -999;      0;   10.9;eor
  1790;19900901;19900930;  10;   2;    57.1;   -999;      0;   11.9;eor
  1790;19901001;19901031;  10;   2;    48.6;   -999;      0;   29.1;eor
  1790;19901101;19901130;  10;   2;    63.0;   -999;      0;   18.5;eor
  1790;19901201;19901231;  10;   2;    54.3;   -999;     44;   10.1;eor
  1790;19910101;19910131;   9;   2;    21.2;      0;      0;    3.2;eor
  1790;19910201;19910228;   9;   2;    18.7;     20;    143;    5.7;eor
  1790;19910301;19910331;   9;   2;    19.7;      0;      0;   12.9;eor
  1790;19910401;19910430;   9;   2;    41.9;      0;      0;    5.9;eor
  1790;19910501;19910531;   9;   2;    68.1;      0;      0;   18.2;eor
  1790;19910601;19910630;   9;   2;    56.0;      0;      0;   28.5;eor
  1790;19910701;19910731;   9;   2;    39.1;      0;      0;   16.5;eor
  1790;19910801;19910831;   9;   2;    21.3;      0;      0;   10.9;eor
  1790;19910901;19910930;   9;   2;    10.9;      0;      0;    2.9;eor
  1790;19911001;19911031;   9;   2;    14.4;      0;      0;    4.9;eor
  1790;19911101;19911130;   9;   2;    52.1;      0;      0;   11.1;eor
  1790;19911201;19911231;   9;   2;    50.1;      1;      1;   22.5;eor
  1790;19920101;19920131;   9;   2;    43.7;      2;      2;   13.1;eor
  1790;19920201;19920229;   9;   2;    27.6;      1;      3;    4.1;eor
  1790;19920301;19920331;   9;   2;    92.8;      0;      0;   22.6;eor
  1790;19920401;19920430;   9;   2;    27.3;      0;      0;   18.0;eor
  1790;19920501;19920531;   9;   2;    20.3;      0;      0;    4.8;eor
  1790;19920601;19920630;   9;   2;    10.0;      0;      0;    3.7;eor
  1790;19920701;19920731;   9;   2;    44.9;      0;      0;    9.5;eor
  1790;19920801;19920831;   9;   2;    38.8;      0;      0;    9.9;eor
  1790;19920901;19920930;   9;   2;    24.1;      0;      0;    6.3;eor
  1790;19921001;19921031;   9;   2;    49.8;      0;      0;   15.2;eor
  1790;19921101;19921130;   9;   2;    46.6;      0;      0;    6.9;eor
  1790;19921201;19921231;   9;   2;    30.1;      0;      0;    8.7;eor
  1790;19930101;19930131;   9;   2;    57.2;      3;     11;   14.6;eor
  1790;19930201;19930228;   9;   2;    39.4;     17;     52;    7.2;eor
  1790;19930301;19930331;   9;   2;    12.6;      0;      0;    3.0;eor
  1790;19930401;19930430;   9;   2;    17.5;      0;      0;    6.1;eor
  1790;19930501;19930531;   9;   2;    78.8;      0;      0;   23.2;eor
  1790;19930601;19930630;   9;   2;    89.6;      0;      0;   19.5;eor
  1790;19930701;19930731;   9;   2;   179.5;      0;      0;   37.2;eor
  1790;19930801;19930831;   9;   2;    76.4;      0;      0;   27.2;eor
  1790;19930901;19930930;   9;   2;    56.3;      0;      0;   13.0;eor
  1790;19931001;19931031;   9;   2;    31.2;      0;      0;    8.9;eor
  1790;19931101;19931130;   9;   2;    47.1;     20;    129;   11.6;eor
  1790;19931201;19931231;   9;   2;    97.4;     13;     65;   16.8;eor
  1790;19940101;19940131;   9;   2;    55.4;      0;      0;   10.8;eor
  1790;19940201;19940228;   9;   2;    16.9;     11;     23;    6.5;eor
  1790;19940301;19940331;   9;   2;    93.4;      0;      0;   15.9;eor
  1790;19940401;19940430;   9;   2;    71.9;      0;      0;   34.1;eor
  1790;19940501;19940531;   9;   2;    61.9;      0;      0;   23.0;eor
  1790;19940601;19940630;   9;   2;    38.4;      0;      0;   10.5;eor
  1790;19940701;19940731;   9;   2;    41.9;      0;      0;   24.0;eor
  1790;19940801;19940831;   9;   2;    98.1;      0;      0;   31.0;eor
  1790;19940901;19940930;   9;   2;    64.7;      0;      0;   15.8;eor
  1790;19941001;19941031;   9;   2;    30.5;      0;      0;   10.2;eor
  1790;19941101;19941130;   9;   2;    35.4;      0;      0;   13.5;eor
  1790;19941201;19941231;   9;   2;    53.9;      0;      0;    7.1;eor
  1790;19950101;19950131;   9;   2;    50.9;     25;     98;    8.1;eor
  1790;19950201;19950228;   9;   2;    57.1;      5;      8;    8.5;eor
  1790;19950301;19950331;   9;   2;    28.6;      2;      2;    6.8;eor
  1790;19950401;19950430;   9;   2;    33.9;      0;      0;    7.7;eor
  1790;19950501;19950531;   9;   2;   100.1;      0;      0;   42.0;eor
  1790;19950601;19950630;   9;   2;   110.1;      0;      0;   21.5;eor
  1790;19950701;19950731;   9;   2;    74.9;      0;      0;   52.5;eor
  1790;19950801;19950831;   9;   2;    75.8;      0;      0;   40.2;eor
  1790;19950901;19950930;   9;   2;    53.0;      0;      0;   15.5;eor
  1790;19951001;19951031;   9;   2;     5.1;      0;      0;    2.0;eor
  1790;19951101;19951130;   9;   2;    50.9;      5;     12;   12.2;eor
  1790;19951201;19951231;   9;   2;    29.6;      5;     16;   12.2;eor
  1790;19960101;19960131;   9;   2;     3.9;      6;     24;    2.6;eor
  1790;19960201;19960229;   9;   2;    27.7;     18;     78;    8.6;eor
  1790;19960301;19960331;   9;   2;    15.5;      7;      7;    7.5;eor
  1790;19960401;19960430;   9;   2;    17.5;      0;      0;    5.6;eor
  1790;19960501;19960531;   9;   2;   112.2;      0;      0;   45.5;eor
  1790;19960601;19960630;   9;   2;    27.7;      0;      0;    5.2;eor
  1790;19960701;19960731;   9;   2;   139.3;      0;      0;   48.6;eor
  1790;19960801;19960831;   9;   2;    60.6;      0;      0;   24.0;eor
  1790;19960901;19960930;   9;   2;    38.6;      0;      0;    6.8;eor
  1790;19961001;19961031;   9;   2;    36.8;      0;      0;    8.0;eor
  1790;19961101;19961130;   9;   2;    37.4;      7;      9;   10.1;eor
  1790;19961201;19961231;   9;   2;    12.8;      1;      1;    4.4;eor
  1790;19970101;19970131;   9;   2;     8.3;      1;      2;    2.8;eor
  1790;19970201;19970228;   9;   2;    37.7;      0;      0;    7.3;eor
  1790;19970301;19970331;   9;   2;    23.4;      6;      6;    7.3;eor
  1790;19970401;19970430;   9;   2;    41.4;      1;      1;   10.5;eor
  1790;19970501;19970531;   9;   2;    63.5;      0;      0;   13.1;eor
  1790;19970601;19970630;   9;   2;    49.2;      0;      0;   12.5;eor
  1790;19970701;19970731;   9;   2;   116.9;      0;      0;   36.2;eor
  1790;19970801;19970831;   9;   2;    54.4;      0;      0;   47.0;eor
  1790;19970901;19970930;   9;   2;    34.5;      0;      0;   20.0;eor
  1790;19971001;19971031;   9;   2;    34.9;      0;      0;    8.2;eor
  1790;19971101;19971130;   9;   2;     9.2;      0;      0;    4.7;eor
  1790;19971201;19971231;   9;   2;    55.9;      0;      0;   10.2;eor
  1790;19980101;19980131;   9;   2;    48.4;      2;      2;    9.5;eor
  1790;19980201;19980228;   9;   2;    13.3;      8;     19;    2.6;eor
  1790;19980301;19980331;   9;   2;    55.9;      3;      3;   10.5;eor
  1790;19980401;19980430;   9;   2;    48.8;      0;      0;   15.0;eor
  1790;19980501;19980531;   9;   2;    84.2;      0;      0;   39.4;eor
  1790;19980601;19980630;   9;   2;    82.6;      0;      0;   16.1;eor
  1790;19980701;19980731;   9;   2;   117.1;      0;      0;   29.0;eor
  1790;19980801;19980831;   9;   2;    82.3;      0;      0;   21.6;eor
  1790;19980901;19980930;   9;   2;    63.3;      0;      0;   19.5;eor
  1790;19981001;19981031;   9;   2;    84.4;      0;      0;   14.1;eor
  1790;19981101;19981130;   9;   2;    38.3;      3;      3;   16.3;eor
  1790;19981201;19981231;   9;   2;    30.4;     18;     84;    5.8;eor
  1790;19990101;19990131;   9;   2;    29.1;      7;     14;    4.6;eor
  1790;19990201;19990228;   9;   2;    46.4;     18;     41;    9.0;eor
  1790;19990301;19990331;   9;   2;    31.6;      0;      0;    7.5;eor
  1790;19990401;19990430;   9;   2;    37.0;      0;      0;   11.6;eor
  1790;19990501;19990531;   9;   2;    35.0;      0;      0;    8.6;eor
  1790;19990601;19990630;   9;   2;    52.5;      0;      0;   17.0;eor
  1790;19990701;19990731;   9;   2;    53.9;      0;      0;   26.2;eor
  1790;19990801;19990831;   9;   2;    25.5;      0;      0;   11.5;eor
  1790;19990901;19990930;   9;   2;    21.3;      0;      0;    4.5;eor
  1790;19991001;19991031;   9;   2;    37.5;      0;      0;    8.5;eor
  1790;19991101;19991130;   9;   2;    30.4;      4;      7;   12.5;eor
  1790;19991201;19991231;   9;   2;    41.2;      5;      9;    6.0;eor
  1790;20000101;20000131;   9;   2;    44.0;     10;     23;    8.6;eor
  1790;20000201;20000229;   9;   2;    49.8;      0;      0;   10.2;eor
  1790;20000301;20000331;   9;   2;    74.2;      2;      2;   10.5;eor
  1790;20000401;20000430;   9;   2;    24.6;      0;      0;   11.1;eor
  1790;20000501;20000531;   9;   2;    32.8;      0;      0;   10.2;eor
  1790;20000601;20000630;   9;   2;    46.4;      0;      0;   35.2;eor
  1790;20000701;20000731;   9;   2;    64.9;      0;      0;   13.4;eor
  1790;20000801;20000831;   9;   2;    47.0;      0;      0;   22.5;eor
  1790;20000901;20000930;   9;   2;    45.8;      0;      0;   12.1;eor
  1790;20001001;20001031;   9;   2;    13.3;      0;      0;    3.1;eor
  1790;20001101;20001130;   9;   2;    27.6;      0;      0;    7.5;eor
  1790;20001201;20001231;   9;   2;    32.2;      5;     18;    9.2;eor
  1790;20010101;20010131;   9;   2;    27.9;      6;     13;    7.8;eor
  1790;20010201;20010228;   9;   2;    43.6;     45;    106;   17.5;eor
  1790;20010301;20010331;   9;   2;    67.1;     17;     38;   12.0;eor
  1790;20010401;20010430;   9;   2;    22.4;      0;      0;    5.0;eor
  1790;20010501;20010531;   9;   2;    32.4;      0;      0;   17.5;eor
  1790;20010601;20010630;   9;   2;    34.7;      0;      0;    8.0;eor
  1790;20010701;20010731;   9;   2;    57.2;      0;      0;   19.2;eor
  1790;20010801;20010831;   9;   2;    36.5;      0;      0;   11.8;eor
  1790;20010901;20010930;   9;   2;    98.8;      0;      0;   14.2;eor
  1790;20011001;20011031;   9;   2;    19.2;      0;      0;    8.6;eor
  1790;20011101;20011130;   9;   2;    39.5;      0;      0;    7.3;eor
  1790;20011201;20011231;   9;   2;    47.9;     41;     62;   10.0;eor
  1790;20020101;20020131;   9;   2;    34.3;      5;     76;    7.8;eor
  1790;20020201;20020228;   9;   2;    79.9;     10;     10;    8.0;eor
  1790;20020301;20020331;   9;   2;    27.0;      0;      0;    7.5;eor
  1790;20020401;20020430;   9;   2;    61.5;      0;      0;   25.5;eor
  1790;20020501;20020531;   9;   2;    62.1;      0;      0;   18.1;eor
  1790;20020601;20020630;   9;   2;    22.2;      0;      0;    6.0;eor
  1790;20020701;20020731;   9;   2;    58.4;      0;      0;   13.0;eor
  1790;20020801;20020831;   9;   2;   141.0;      0;      0;   43.0;eor
  1790;20020901;20020930;   9;   2;    60.6;      0;      0;   22.0;eor
  1790;20021001;20021031;   9;   2;    57.1;      2;      2;    8.4;eor
  1790;20021101;20021130;   9;   2;   100.6;     11;     18;   22.5;eor
  1790;20021201;20021231;   9;   2;    30.8;     14;     27;   11.0;eor
  1790;20030101;20030131;   9;   2;    44.0;      9;     41;   11.8;eor
  1790;20030201;20030228;   9;   2;     6.0;      4;      7;    2.8;eor
  1790;20030301;20030331;   9;   2;    33.4;      0;      0;   10.5;eor
  1790;20030401;20030430;   9;   2;    22.0;      0;      0;    7.1;eor
  1790;20030501;20030531;   9;   2;    10.6;      0;      0;    3.0;eor
  1790;20030601;20030630;   9;   2;    54.7;      0;      0;   14.0;eor
  1790;20030701;20030731;   9;   2;    76.6;      0;      0;   22.5;eor
  1790;20030801;20030831;   9;   2;     4.1;      0;      0;    2.6;eor
  1790;20030901;20030930;   9;   2;    23.0;      0;      0;    8.0;eor
  1790;20031001;20031031;   9;   2;    30.4;      0;      0;    7.0;eor
  1790;20031101;20031130;   9;   2;    27.7;      0;      0;    7.8;eor
  1790;20031201;20031231;   9;   2;    36.7;      1;      1;   18.0;eor
  1790;20040101;20040131;   9;   2;    49.3;     17;     66;    9.7;eor
  1790;20040201;20040229;   9;   2;    33.1;      6;      8;    6.5;eor
  1790;20040301;20040331;   9;   2;    22.9;      5;      5;    8.8;eor
  1790;20040401;20040430;   9;   2;    14.0;      0;      0;    3.6;eor
  1790;20040501;20040531;   9;   2;    63.4;      0;      0;   20.1;eor
  1790;20040601;20040630;   9;   2;    50.1;      0;      0;   12.5;eor
  1790;20040701;20040731;   9;   2;    78.9;      0;      0;   21.0;eor
  1790;20040801;20040831;   9;   2;    41.6;      0;      0;   21.5;eor
  1790;20040901;20040930;   9;   2;    27.2;      0;      0;   10.5;eor
  1790;20041001;20041031;   9;   2;    40.5;      0;      0;   11.8;eor
  1790;20041101;20041130;   9;   2;    71.1;     14;     34;   16.0;eor
  1790;20041201;20041231;   9;   2;    38.2;      5;      5;    9.5;eor
  1790;20050101;20050131;   9;   2;    60.0;     19;     75;   14.8;eor
  1790;20050201;20050228;   9;   2;    43.0;     22;     91;   12.5;eor
  1790;20050301;20050331;   9;   2;    19.3;     13;    149;    5.6;eor
  1790;20050401;20050430;   9;   2;    14.0;      0;      0;    8.5;eor
  1790;20050501;20050531;   9;   2;    69.0;      0;      0;   20.2;eor
  1790;20050601;20050630;   9;   2;    61.4;      0;      0;   31.5;eor
  1790;20050701;20050731;   9;   2;   154.4;      0;      0;   38.0;eor
  1790;20050801;20050831;   9;   2;    67.3;      0;      0;   15.5;eor
  1790;20050901;20050930;   9;   2;    34.4;      0;      0;   12.2;eor
  1790;20051001;20051031;   9;   2;    13.6;      0;      0;    8.2;eor
  1790;20051101;20051130;   9;   2;    26.9;      0;      0;    8.8;eor
  1790;20051201;20051231;   9;   2;    73.3;     20;     49;   11.6;eor
  1790;20060101;20060131;   9;   2;    20.6;     13;    131;    8.9;eor
  1790;20060201;20060228;   9;   2;    32.0;     13;     46;    7.5;eor
  1790;20060301;20060331;   9;   2;    43.9;     27;    127;   13.5;eor
  1790;20060401;20060430;   9;   2;    34.3;      0;      0;    8.2;eor
  1790;20060501;20060531;   9;   2;    30.9;      0;      0;    7.1;eor
  1790;20060601;20060630;   9;   2;    28.8;      0;      0;    9.5;eor
  1790;20060701;20060731;   9;   2;     0.5;      0;      0;    0.5;eor
  1790;20060801;20060831;   9;   2;    63.9;      0;      0;   12.5;eor
  1790;20060901;20060930;   9;   2;     5.1;      0;      0;    2.4;eor
  1790;20061001;20061031;   9;   2;    33.1;      0;      0;    8.7;eor
  1790;20061101;20061130;   9;   2;    42.2;      0;      0;   12.8;eor
  1790;20061201;20061231;   9;   2;    33.6;      0;      0;   14.0;eor
  1790;20070101;20070131;   9;   2;    75.2;     11;     22;   12.0;eor
  1790;20070201;20070228;   9;   2;    61.5;     10;     13;    7.8;eor
  1790;20070301;20070331;   9;   2;    59.9;      4;      4;   11.8;eor
  1790;20070401;20070430;   9;   2;     1.2;      0;      0;    0.9;eor
  1790;20070501;20070531;   9;   2;   132.3;      0;      0;   34.0;eor
  1790;20070601;20070630;   9;   2;    66.2;      0;      0;   22.8;eor
  1790;20070701;20070731;   9;   2;   143.6;      0;      0;   37.0;eor
  1790;20070801;20070831;   9;   2;    45.6;      0;      0;   18.8;eor
  1790;20070901;20070930;   9;   2;    65.2;      0;      0;   16.5;eor
  1790;20071001;20071031;   9;   2;    16.4;      0;      0;    9.5;eor
  1790;20071101;20071130;   9;   2;    55.3;      1;      1;    9.8;eor
  1790;20071201;20071231;   9;   2;    37.6;      0;      0;    8.4;eor
  1790;20080101;20080131;   9;   2;    60.1;      3;      8;   13.0;eor
  1790;20080201;20080229;   9;   2;    31.1;      0;      0;   12.0;eor
  1790;20080301;20080331;   9;   2;    52.6;     10;     10;    5.1;eor
  1790;20080401;20080430;   9;   2;    80.6;      0;      0;   23.3;eor
  1790;20080501;20080531;   9;   2;    21.8;      0;      0;   16.5;eor
  1790;20080601;20080630;   9;   2;    34.1;      0;      0;    8.1;eor
  1790;20080701;20080731;   9;   2;    66.0;      0;      0;   19.5;eor
  1790;20080801;20080831;   9;   2;    90.6;      0;      0;   19.5;eor
  1790;20080901;20080930;   9;   2;    44.3;      0;      0;   13.2;eor
  1790;20081001;20081031;   9;   2;    85.6;      0;      0;   32.0;eor
  1790;20081101;20081130;   9;   2;    27.7;      8;     19;    7.2;eor
  1790;20081201;20081231;   9;   2;    38.4;      0;      0;    8.5;eor
  1790;20090101;20090131;   9;   2;    35.2;     20;    197;    7.8;eor
  1790;20090201;20090228;   9;   2;    47.3;     39;    211;    7.1;eor
  1790;20090301;20090331;   9;   2;    52.0;      0;      0;    9.2;eor
  1790;20090401;20090430;   9;   2;     7.3;      0;      0;    5.5;eor
  1790;20090501;20090531;   9;   2;    94.8;      0;      0;   22.9;eor
  1790;20090601;20090630;   9;   2;    47.3;      0;      0;   12.0;eor
  1790;20090701;20090731;   9;   2;   134.0;      0;      0;   27.2;eor
  1790;20090801;20090831;   9;   2;    32.8;      0;      0;    9.0;eor
  1790;20090901;20090930;   9;   2;    33.7;      0;      0;   19.5;eor
  1790;20091001;20091031;   9;   2;    73.1;      0;      0;    9.8;eor
  1790;20091101;20091130;   9;   2;    55.4;      0;      0;   16.3;eor
  1790;20091201;20091231;   9;   2;    62.5;     12;     38;   11.0;eor
  1790;20100101;20100131;   9;   2;    43.0;     52;    662;   10.2;eor
  1790;20100201;20100228;   9;   2;    21.8;      7;    592;    8.0;eor
  1790;20100301;20100331;   9;   2;    50.7;     14;     14;   10.2;eor
  1790;20100401;20100430;   9;   2;    13.2;      0;      0;    7.0;eor
  1790;20100501;20100531;   9;   2;    80.3;      0;      0;   14.5;eor
  1790;20100601;20100630;   9;   2;     8.0;      0;      0;    2.5;eor
  1790;20100701;20100731;   9;   2;    84.5;      0;      0;   32.0;eor
  1790;20100801;20100831;   9;   2;   204.2;      0;      0;   38.3;eor
  1790;20100901;20100930;   9;   2;   118.2;      0;      0;   40.2;eor
  1790;20101001;20101031;  10;   2;    16.8;   -999;   -999;    6.0;eor
  1790;20101101;20101130;   7;   2;   118.4;      7;      8;   22.0;eor
  1790;20101201;20101231;   7;   2;    77.4;     60;    567;   13.0;eor
  1790;20110101;20110131;   3;   2;    47.6;      2;    109;    8.8;eor
  1790;20110201;20110228;   3;   2;     9.3;      0;      0;    4.0;eor
  1790;20110301;20110331;   3;   2;    27.2;      0;      0;   15.2;eor
  1790;20110401;20110430;   3;   2;    20.8;      0;      0;    5.5;eor
  1790;20110501;20110531;   3;   2;    48.0;      0;      0;   19.5;eor
  1790;20110601;20110630;   3;   2;    35.9;      0;      0;   10.5;eor
  1790;20110701;20110731;   3;   2;   165.5;      0;      0;   53.5;eor
  1790;20110801;20110831;   3;   2;    30.9;      0;      0;    6.5;eor
  1790;20110901;20110930;   3;   2;    90.6;      0;      0;   36.0;eor
  1790;20111001;20111031;   3;   2;    42.9;      0;      0;   18.0;eor
  1790;20111101;20111130;   3;   2;     2.0;      0;      0;    1.5;eor
  1790;20111201;20111231;   3;   2;    61.1;      0;      0;   10.5;eor
  1790;20120101;20120131;   3;   2;    69.4;      0;      0;    8.2;eor
  1790;20120201;20120229;   3;   2;    41.6;     11;     50;    7.6;eor
  1790;20120301;20120331;   3;   2;    16.7;      0;      0;    4.1;eor
  1790;20120401;20120430;   3;   2;    28.4;      0;      0;    9.8;eor
  1790;20120501;20120531;   3;   2;    20.2;      0;      0;    6.8;eor
  1790;20120601;20120630;   3;   2;    92.8;      0;      0;   17.2;eor
  1790;20120701;20120731;   3;   2;   123.5;      0;      0;   22.0;eor
  1790;20120801;20120831;   3;   2;    34.0;      0;      0;   13.0;eor
  1790;20120901;20120930;   3;   2;    47.2;      0;      0;   17.9;eor
  1790;20121001;20121031;   3;   2;    20.0;      0;      0;    6.0;eor
  1790;20121101;20121130;   3;   2;    75.5;      0;      0;   33.1;eor
  1790;20121201;20121231;   3;   2;    36.2;     21;     95;   10.0;eor
  1790;20130101;20130131;   3;   2;    57.9;     18;    113;   10.0;eor
  1790;20130201;20130228;   3;   2;    35.9;     32;     91;    8.0;eor
  1790;20130301;20130331;   3;   2;    27.6;     27;    102;   10.0;eor
  1790;20130401;20130430;   3;   2;    12.6;      0;      0;    5.0;eor
  1790;20130501;20130531;   3;   2;    74.2;      0;      0;   23.8;eor
  1790;20130601;20130630;   3;   2;   137.5;      0;      0;   42.2;eor
  1790;20130701;20130731;   3;   2;    52.8;      0;      0;   21.2;eor
  1790;20130801;20130831;   3;   2;    35.4;      0;      0;   13.1;eor
  1790;20130901;20130930;   3;   2;    60.7;      0;      0;   12.2;eor
  1790;20131001;20131031;   3;   2;    34.4;      0;      0;   10.2;eor
  1790;20131101;20131130;   3;   2;    48.1;      0;      0;    8.1;eor
  1790;20131201;20131231;   3;   2;    24.8;      0;      0;   11.5;eor
  1790;20140101;20140131;   3;   2;    41.5;      4;     29;    8.5;eor
  1790;20140201;20140228;   3;   2;    13.5;   -999;   -999;    8.4;eor
  1790;20140301;20140331;   3;   2;    19.1;   -999;   -999;    3.3;eor
  1790;20140401;20140430;   3;   2;    32.1;   -999;   -999;   12.1;eor
  1790;20140501;20140531;   3;   2;    52.1;   -999;   -999;   13.2;eor
  1790;20140601;20140630;   3;   2;    27.7;   -999;   -999;   10.2;eor
  1790;20140701;20140731;   3;   2;    76.9;   -999;   -999;   31.2;eor
  1790;20140801;20140831;   3;   2;   114.5;   -999;   -999;   33.2;eor
  1790;20140901;20140930;   3;   2;    32.6;   -999;   -999;   13.5;eor
  1790;20141001;20141031;-999;-999;    -999;   -999;   -999;    7.8;eor
  1790;20141101;20141130;   3;   2;     6.9;   -999;   -999;    2.2;eor
  1790;20141201;20141231;   3;   2;    29.2;      4;      7;    6.8;eor
