STATIONS_ID; MESS_DATUM_BEGINN; MESS_DATUM_ENDE; QUALITAETS_NIVEAU; ART; NIEDERSCHLAGSHOEHE;NEUSCHNEEHOEHE;SCHNEEHOEHE; max(NIEDERSCHLAGSHOEHE);eor
  5084;18940101;18940131;   5;   2;    23.0;   -999;   -999;-999;eor
  5084;18940201;18940228;   5;   2;    43.0;   -999;   -999;-999;eor
  5084;18940301;18940331;   5;   2;    17.0;   -999;   -999;-999;eor
  5084;18940401;18940430;   5;   2;    15.0;   -999;   -999;-999;eor
  5084;18940501;18940531;   5;   2;    19.0;   -999;   -999;-999;eor
  5084;18940601;18940630;   5;   2;    81.0;   -999;   -999;-999;eor
  5084;18940701;18940731;   5;   2;   122.0;   -999;   -999;-999;eor
  5084;18940801;18940831;   5;   2;    56.0;   -999;   -999;-999;eor
  5084;18940901;18940930;   5;   2;    81.0;   -999;   -999;-999;eor
  5084;18941001;18941031;   5;   2;   110.0;   -999;   -999;-999;eor
  5084;18941101;18941130;   5;   2;    24.0;   -999;   -999;-999;eor
  5084;18941201;18941231;   5;   2;    41.0;   -999;   -999;-999;eor
  5084;18950101;18950131;   5;   2;    68.0;   -999;   -999;-999;eor
  5084;18950201;18950228;   5;   2;    40.0;   -999;   -999;-999;eor
  5084;18950301;18950331;   5;   2;    28.0;   -999;   -999;-999;eor
  5084;18950401;18950430;   5;   2;    54.0;   -999;   -999;-999;eor
  5084;18950501;18950531;   5;   2;    76.0;   -999;   -999;-999;eor
  5084;18950601;18950630;   5;   2;    32.0;   -999;   -999;-999;eor
  5084;18950701;18950731;   5;   2;    42.0;   -999;   -999;-999;eor
  5084;18950801;18950831;   5;   2;    61.0;   -999;   -999;-999;eor
  5084;18950901;18950930;   5;   2;    22.0;   -999;   -999;-999;eor
  5084;18951001;18951031;   5;   2;    72.0;   -999;   -999;-999;eor
  5084;18951101;18951130;   5;   2;    54.0;   -999;   -999;-999;eor
  5084;18951201;18951231;   5;   2;    87.0;   -999;   -999;-999;eor
  5084;18960101;18960131;   5;   2;    52.0;   -999;   -999;-999;eor
  5084;18960201;18960229;   5;   2;    13.0;   -999;   -999;-999;eor
  5084;18960301;18960331;   5;   2;    75.0;   -999;   -999;-999;eor
  5084;18960401;18960430;   5;   2;    60.0;   -999;   -999;-999;eor
  5084;18960501;18960531;   5;   2;    17.0;   -999;   -999;-999;eor
  5084;18960601;18960630;   5;   2;   106.0;   -999;   -999;-999;eor
  5084;18960701;18960731;   5;   2;   107.0;   -999;   -999;-999;eor
  5084;18960801;18960831;   5;   2;   140.0;   -999;   -999;-999;eor
  5084;18960901;18960930;   5;   2;    41.0;   -999;   -999;-999;eor
  5084;18961001;18961031;   5;   2;    50.0;   -999;   -999;-999;eor
  5084;18961101;18961130;   5;   2;    17.0;   -999;   -999;-999;eor
  5084;18961201;18961231;   5;   2;    16.0;   -999;   -999;-999;eor
  5084;18970101;18970131;   5;   2;    42.0;   -999;   -999;-999;eor
  5084;18970201;18970228;   5;   2;    64.0;   -999;   -999;-999;eor
  5084;18970301;18970331;   5;   2;    33.0;   -999;   -999;-999;eor
  5084;18970401;18970430;   5;   2;    59.0;   -999;   -999;-999;eor
  5084;18970501;18970531;   5;   2;    72.0;   -999;   -999;-999;eor
  5084;18970601;18970630;   5;   2;    50.0;   -999;   -999;-999;eor
  5084;18970701;18970731;   5;   2;    61.0;   -999;   -999;-999;eor
  5084;18970801;18970831;   5;   2;    59.0;   -999;   -999;-999;eor
  5084;18970901;18970930;   5;   2;    98.0;   -999;   -999;-999;eor
  5084;18971001;18971031;   5;   2;    24.0;   -999;   -999;-999;eor
  5084;18971101;18971130;   5;   2;    22.0;   -999;   -999;-999;eor
  5084;18971201;18971231;   5;   2;    35.0;   -999;   -999;-999;eor
  5084;18980101;18980131;   5;   2;    38.0;   -999;   -999;-999;eor
  5084;18980201;18980228;   5;   2;    71.0;   -999;   -999;-999;eor
  5084;18980301;18980331;   5;   2;    68.0;   -999;   -999;-999;eor
  5084;18980401;18980430;   5;   2;    59.0;   -999;   -999;-999;eor
  5084;18980501;18980531;   5;   2;    93.0;   -999;   -999;-999;eor
  5084;18980601;18980630;   5;   2;    90.0;   -999;   -999;-999;eor
  5084;18980701;18980731;   5;   2;    77.0;   -999;   -999;-999;eor
  5084;18980801;18980831;   5;   2;    23.0;   -999;   -999;-999;eor
  5084;18980901;18980930;   5;   2;    19.0;   -999;   -999;-999;eor
  5084;18981001;18981031;   5;   2;    46.0;   -999;   -999;-999;eor
  5084;18981101;18981130;   5;   2;     6.0;   -999;   -999;-999;eor
  5084;18981201;18981231;   5;   2;    36.0;   -999;   -999;-999;eor
  5084;18990101;18990131;   5;   2;    58.0;   -999;   -999;-999;eor
  5084;18990201;18990228;   5;   2;    17.0;   -999;   -999;-999;eor
  5084;18990301;18990331;   5;   2;    23.0;   -999;   -999;-999;eor
  5084;18990401;18990430;   5;   2;    49.0;   -999;   -999;-999;eor
  5084;18990501;18990531;   5;   2;    98.0;   -999;   -999;-999;eor
  5084;18990601;18990630;   5;   2;    30.0;   -999;   -999;-999;eor
  5084;18990701;18990731;   5;   2;   125.0;   -999;   -999;-999;eor
  5084;18990801;18990831;   5;   2;    41.0;   -999;   -999;-999;eor
  5084;18990901;18990930;   5;   2;    95.0;   -999;   -999;-999;eor
  5084;18991001;18991031;   5;   2;    16.0;   -999;   -999;-999;eor
  5084;18991101;18991130;   5;   2;    44.0;   -999;   -999;-999;eor
  5084;18991201;18991231;   5;   2;    24.0;   -999;   -999;-999;eor
  5084;19000101;19000131;   5;   2;    78.0;   -999;   -999;-999;eor
  5084;19000201;19000228;   5;   2;    47.0;   -999;   -999;-999;eor
  5084;19000301;19000331;   5;   2;    45.0;   -999;   -999;-999;eor
  5084;19000401;19000430;   5;   2;    36.0;   -999;   -999;-999;eor
  5084;19000501;19000531;   5;   2;   119.0;   -999;   -999;-999;eor
  5084;19000601;19000630;   5;   2;   106.0;   -999;   -999;-999;eor
  5084;19000701;19000731;   5;   2;   107.0;   -999;   -999;-999;eor
  5084;19000801;19000831;   5;   2;    75.0;   -999;   -999;-999;eor
  5084;19000901;19000930;   5;   2;    19.0;   -999;   -999;-999;eor
  5084;19001001;19001031;   5;   2;    71.0;   -999;   -999;-999;eor
  5084;19001101;19001130;   5;   2;    50.0;   -999;   -999;-999;eor
  5084;19001201;19001231;   5;   2;    64.0;   -999;   -999;-999;eor
  5084;19030101;19030131;   5;   2;    31.0;   -999;   -999;-999;eor
  5084;19030201;19030228;   5;   2;    27.0;   -999;   -999;-999;eor
  5084;19030301;19030331;   5;   2;    38.0;   -999;   -999;-999;eor
  5084;19030401;19030430;   5;   2;    53.0;   -999;   -999;-999;eor
  5084;19030501;19030531;   5;   2;    51.0;   -999;   -999;-999;eor
  5084;19030601;19030630;   5;   2;    36.0;   -999;   -999;-999;eor
  5084;19030701;19030731;   5;   2;    51.0;   -999;   -999;-999;eor
  5084;19030801;19030831;   5;   2;    97.0;   -999;   -999;-999;eor
  5084;19030901;19030930;   5;   2;    46.0;   -999;   -999;-999;eor
  5084;19031001;19031031;   5;   2;    57.0;   -999;   -999;-999;eor
  5084;19031101;19031130;   5;   2;    75.0;   -999;   -999;-999;eor
  5084;19031201;19031231;   5;   2;    11.0;   -999;   -999;-999;eor
  5084;19040101;19040131;   5;   2;    27.0;   -999;   -999;-999;eor
  5084;19040201;19040229;   5;   2;    67.0;   -999;   -999;-999;eor
  5084;19040301;19040331;   5;   2;    52.0;   -999;   -999;-999;eor
  5084;19040401;19040430;   5;   2;    27.0;   -999;   -999;-999;eor
  5084;19040501;19040531;   5;   2;    56.0;   -999;   -999;-999;eor
  5084;19040601;19040630;   5;   2;    65.0;   -999;   -999;-999;eor
  5084;19040701;19040731;   5;   2;    21.0;   -999;   -999;-999;eor
  5084;19040801;19040831;   5;   2;    24.0;   -999;   -999;-999;eor
  5084;19040901;19040930;   5;   2;    46.0;   -999;   -999;-999;eor
  5084;19041001;19041031;   5;   2;    29.0;   -999;   -999;-999;eor
  5084;19041101;19041130;   5;   2;    69.0;   -999;   -999;-999;eor
  5084;19041201;19041231;   5;   2;    46.0;   -999;   -999;-999;eor
  5084;19050101;19050131;   5;   2;    36.0;   -999;   -999;-999;eor
  5084;19050201;19050228;   5;   2;    56.0;   -999;   -999;-999;eor
  5084;19050301;19050331;   5;   2;    74.0;   -999;   -999;-999;eor
  5084;19050401;19050430;   5;   2;    59.0;   -999;   -999;-999;eor
  5084;19050501;19050531;   5;   2;    41.0;   -999;   -999;-999;eor
  5084;19050601;19050630;   5;   2;   131.0;   -999;   -999;-999;eor
  5084;19050701;19050731;   5;   2;   121.0;   -999;   -999;-999;eor
  5084;19050801;19050831;   5;   2;    50.0;   -999;   -999;-999;eor
  5084;19050901;19050930;   5;   2;    60.0;   -999;   -999;-999;eor
  5084;19051001;19051031;   5;   2;    87.0;   -999;   -999;-999;eor
  5084;19051101;19051130;   5;   2;    38.0;   -999;   -999;-999;eor
  5084;19051201;19051231;   5;   2;    18.0;   -999;   -999;-999;eor
  5084;19060101;19060131;   5;   2;    48.0;   -999;   -999;-999;eor
  5084;19060201;19060228;   5;   2;    59.0;   -999;   -999;-999;eor
  5084;19060301;19060331;   5;   2;    82.0;   -999;   -999;-999;eor
  5084;19060401;19060430;   5;   2;    21.0;   -999;   -999;-999;eor
  5084;19060501;19060531;   5;   2;   129.0;   -999;   -999;-999;eor
  5084;19060601;19060630;   5;   2;    33.0;   -999;   -999;-999;eor
  5084;19060701;19060731;   5;   2;   126.0;   -999;   -999;-999;eor
  5084;19060801;19060831;   5;   2;    64.0;   -999;   -999;-999;eor
  5084;19060901;19060930;   5;   2;    43.0;   -999;   -999;-999;eor
  5084;19061001;19061031;   5;   2;    27.0;   -999;   -999;-999;eor
  5084;19061101;19061130;   5;   2;    44.0;   -999;   -999;-999;eor
  5084;19061201;19061231;   5;   2;   100.0;   -999;   -999;-999;eor
  5084;19070101;19070131;   5;   2;    65.0;   -999;   -999;-999;eor
  5084;19070201;19070228;   5;   2;    38.0;   -999;   -999;-999;eor
  5084;19070301;19070331;   5;   2;    52.0;   -999;   -999;-999;eor
  5084;19070401;19070430;   5;   2;    23.0;   -999;   -999;-999;eor
  5084;19070501;19070531;   5;   2;    52.0;   -999;   -999;-999;eor
  5084;19070601;19070630;   5;   2;    78.0;   -999;   -999;-999;eor
  5084;19070701;19070731;   5;   2;   104.0;   -999;   -999;-999;eor
  5084;19070801;19070831;   5;   2;    56.0;   -999;   -999;-999;eor
  5084;19070901;19070930;   5;   2;    36.0;   -999;   -999;-999;eor
  5084;19071001;19071031;   5;   2;    42.0;   -999;   -999;-999;eor
  5084;19071101;19071130;   5;   2;    28.0;   -999;   -999;-999;eor
  5084;19071201;19071231;   5;   2;    57.0;   -999;   -999;-999;eor
  5084;19080101;19080131;   5;   2;    29.0;   -999;   -999;-999;eor
  5084;19080201;19080229;   5;   2;    71.0;   -999;   -999;-999;eor
  5084;19080301;19080331;   5;   2;    33.0;   -999;   -999;-999;eor
  5084;19080401;19080430;   5;   2;   100.0;   -999;   -999;-999;eor
  5084;19080501;19080531;   5;   2;   118.0;   -999;   -999;-999;eor
  5084;19080601;19080630;   5;   2;    41.0;   -999;   -999;-999;eor
  5084;19080701;19080731;   5;   2;    34.0;   -999;   -999;-999;eor
  5084;19080801;19080831;   5;   2;    83.0;   -999;   -999;-999;eor
  5084;19080901;19080930;   5;   2;    39.0;   -999;   -999;-999;eor
  5084;19081001;19081031;   5;   2;     5.0;   -999;   -999;-999;eor
  5084;19081101;19081130;   5;   2;    35.0;   -999;   -999;-999;eor
  5084;19081201;19081231;   5;   2;    17.0;   -999;   -999;-999;eor
  5084;19090101;19090131;   5;   2;    38.0;   -999;   -999;-999;eor
  5084;19090201;19090228;   5;   2;    94.0;   -999;   -999;-999;eor
  5084;19090301;19090331;   5;   2;    25.0;   -999;   -999;-999;eor
  5084;19090401;19090430;   5;   2;    52.0;   -999;   -999;-999;eor
  5084;19090501;19090531;   5;   2;    32.0;   -999;   -999;-999;eor
  5084;19090601;19090630;   5;   2;    62.0;   -999;   -999;-999;eor
  5084;19090701;19090731;   5;   2;    92.0;   -999;   -999;-999;eor
  5084;19090801;19090831;   5;   2;    51.0;   -999;   -999;-999;eor
  5084;19090901;19090930;   5;   2;    99.0;   -999;   -999;-999;eor
  5084;19091001;19091031;   5;   2;    65.0;   -999;   -999;-999;eor
  5084;19091101;19091130;   5;   2;    90.0;   -999;   -999;-999;eor
  5084;19091201;19091231;   5;   2;    65.0;   -999;   -999;-999;eor
  5084;19100101;19100131;   5;   2;    41.0;   -999;   -999;-999;eor
  5084;19100201;19100228;   5;   2;    64.0;   -999;   -999;-999;eor
  5084;19100301;19100331;   5;   2;    17.0;   -999;   -999;-999;eor
  5084;19100401;19100430;   5;   2;    32.0;   -999;   -999;-999;eor
  5084;19100501;19100531;   5;   2;    73.0;   -999;   -999;-999;eor
  5084;19100601;19100630;   5;   2;    43.0;   -999;   -999;-999;eor
  5084;19100701;19100731;   5;   2;    82.0;   -999;   -999;-999;eor
  5084;19100801;19100831;   5;   2;    93.0;   -999;   -999;-999;eor
  5084;19110101;19110131;   5;   2;    25.0;   -999;   -999;-999;eor
  5084;19110201;19110228;   5;   2;    25.0;   -999;   -999;-999;eor
  5084;19110301;19110331;   5;   2;    10.0;   -999;   -999;-999;eor
  5084;19110401;19110430;   5;   2;    16.0;   -999;   -999;-999;eor
  5084;19110501;19110531;   5;   2;    19.0;   -999;   -999;-999;eor
  5084;19110601;19110630;   5;   2;    32.0;   -999;   -999;-999;eor
  5084;19110701;19110731;   5;   2;    23.0;   -999;   -999;-999;eor
  5084;19110801;19110831;   5;   2;    25.0;   -999;   -999;-999;eor
  5084;19110901;19110930;   5;   2;    45.0;   -999;   -999;-999;eor
  5084;19111001;19111031;   5;   2;    27.0;   -999;   -999;-999;eor
  5084;19111101;19111130;   5;   2;    33.0;   -999;   -999;-999;eor
  5084;19111201;19111231;   5;   2;    81.0;   -999;   -999;-999;eor
  5084;19120101;19120131;   5;   2;    57.0;   -999;   -999;-999;eor
  5084;19120201;19120229;   5;   2;    28.0;   -999;   -999;-999;eor
  5084;19120301;19120331;   5;   2;    54.0;   -999;   -999;-999;eor
  5084;19120401;19120430;   5;   2;    25.0;   -999;   -999;-999;eor
  5084;19120501;19120531;   5;   2;    68.0;   -999;   -999;-999;eor
  5084;19120601;19120630;   5;   2;    60.0;   -999;   -999;-999;eor
  5084;19120701;19120731;   5;   2;    95.0;   -999;   -999;-999;eor
  5084;19120801;19120831;   5;   2;   119.0;   -999;   -999;-999;eor
  5084;19120901;19120930;   5;   2;    56.0;   -999;   -999;-999;eor
  5084;19121001;19121031;   5;   2;    56.0;   -999;   -999;-999;eor
  5084;19121101;19121130;   5;   2;    80.0;   -999;   -999;-999;eor
  5084;19121201;19121231;   5;   2;    82.0;   -999;   -999;-999;eor
  5084;19130101;19130131;   5;   2;    36.0;   -999;   -999;-999;eor
  5084;19130201;19130228;   5;   2;    29.0;   -999;   -999;-999;eor
  5084;19130301;19130331;   5;   2;    42.0;   -999;   -999;-999;eor
  5084;19130401;19130430;   5;   2;    35.0;   -999;   -999;-999;eor
  5084;19130501;19130531;   5;   2;   108.0;   -999;   -999;-999;eor
  5084;19130601;19130630;   5;   2;   115.0;   -999;   -999;-999;eor
  5084;19130701;19130731;   5;   2;    47.0;   -999;   -999;-999;eor
  5084;19130801;19130831;   5;   2;    35.0;   -999;   -999;-999;eor
  5084;19130901;19130930;   5;   2;    45.0;   -999;   -999;-999;eor
  5084;19131001;19131031;   5;   2;    43.0;   -999;   -999;-999;eor
  5084;19131101;19131130;   5;   2;    50.0;   -999;   -999;-999;eor
  5084;19131201;19131231;   5;   2;    80.0;   -999;   -999;-999;eor
  5084;19140101;19140131;   5;   2;    27.0;   -999;   -999;-999;eor
  5084;19140201;19140228;   5;   2;    31.0;   -999;   -999;-999;eor
  5084;19140301;19140331;   5;   2;    85.0;   -999;   -999;-999;eor
  5084;19140401;19140430;   5;   2;    25.0;   -999;   -999;-999;eor
  5084;19140501;19140531;   5;   2;   111.0;   -999;   -999;-999;eor
  5084;19140601;19140630;   5;   2;    53.0;   -999;   -999;-999;eor
  5084;19140701;19140731;   5;   2;   130.0;   -999;   -999;-999;eor
  5084;19140801;19140831;   5;   2;    20.0;   -999;   -999;-999;eor
  5084;19140901;19140930;   5;   2;    50.0;   -999;   -999;-999;eor
  5084;19141001;19141031;   5;   2;    45.0;   -999;   -999;-999;eor
  5084;19141101;19141130;   5;   2;    30.0;   -999;   -999;-999;eor
  5084;19141201;19141231;   5;   2;    45.0;   -999;   -999;-999;eor
  5084;19160101;19160131;   5;   2;    80.0;   -999;   -999;-999;eor
  5084;19160201;19160229;   5;   2;    60.0;   -999;   -999;-999;eor
  5084;19160301;19160331;   5;   2;    65.0;   -999;   -999;-999;eor
  5084;19160401;19160430;   5;   2;    60.0;   -999;   -999;-999;eor
  5084;19160501;19160531;   5;   2;    49.0;   -999;   -999;-999;eor
  5084;19160601;19160630;   5;   2;    47.0;   -999;   -999;-999;eor
  5084;19160701;19160731;   5;   2;    66.0;   -999;   -999;-999;eor
  5084;19160801;19160831;   5;   2;    85.0;   -999;   -999;-999;eor
  5084;19160901;19160930;   5;   2;    50.0;   -999;   -999;-999;eor
  5084;19161001;19161031;   5;   2;    27.0;   -999;   -999;-999;eor
  5084;19161101;19161130;   5;   2;    40.0;   -999;   -999;-999;eor
  5084;19161201;19161231;   5;   2;    77.0;   -999;   -999;-999;eor
  5084;19170101;19170131;   5;   2;    31.0;   -999;   -999;-999;eor
  5084;19170201;19170228;   5;   2;    10.0;   -999;   -999;-999;eor
  5084;19170301;19170331;   5;   2;    55.0;   -999;   -999;-999;eor
  5084;19170401;19170430;   5;   2;    45.0;   -999;   -999;-999;eor
  5084;19170501;19170531;   5;   2;    71.0;   -999;   -999;-999;eor
  5084;19170601;19170630;   5;   2;    35.0;   -999;   -999;-999;eor
  5084;19170701;19170731;   5;   2;    37.0;   -999;   -999;-999;eor
  5084;19170801;19170831;   5;   2;   109.0;   -999;   -999;-999;eor
  5084;19170901;19170930;   5;   2;    25.0;   -999;   -999;-999;eor
  5084;19171001;19171031;   5;   2;    73.0;   -999;   -999;-999;eor
  5084;19171101;19171130;   5;   2;    32.0;   -999;   -999;-999;eor
  5084;19171201;19171231;   5;   2;    15.0;   -999;   -999;-999;eor
  5084;19180101;19180131;   5;   2;    53.0;   -999;   -999;-999;eor
  5084;19180201;19180228;   5;   2;    38.0;   -999;   -999;-999;eor
  5084;19180301;19180331;   5;   2;    24.0;   -999;   -999;-999;eor
  5084;19180401;19180430;   5;   2;   105.0;   -999;   -999;-999;eor
  5084;19180501;19180531;   5;   2;    29.0;   -999;   -999;-999;eor
  5084;19180601;19180630;   5;   2;    41.0;   -999;   -999;-999;eor
  5084;19180701;19180731;   5;   2;    80.0;   -999;   -999;-999;eor
  5084;19180801;19180831;   5;   2;    54.0;   -999;   -999;-999;eor
  5084;19180901;19180930;   5;   2;    48.0;   -999;   -999;-999;eor
  5084;19181001;19181031;   5;   2;    87.0;   -999;   -999;-999;eor
  5084;19181101;19181130;   5;   2;    21.0;   -999;   -999;-999;eor
  5084;19181201;19181231;   5;   2;    65.0;   -999;   -999;-999;eor
  5084;19190101;19190131;   5;   2;    25.0;   -999;   -999;-999;eor
  5084;19190201;19190228;   5;   2;    18.0;   -999;   -999;-999;eor
  5084;19190301;19190331;   5;   2;    23.0;   -999;   -999;-999;eor
  5084;19190401;19190430;   5;   2;    49.0;   -999;   -999;-999;eor
  5084;19190501;19190531;   5;   2;     4.0;   -999;   -999;-999;eor
  5084;19190601;19190630;   5;   2;    41.0;   -999;   -999;-999;eor
  5084;19190701;19190731;   5;   2;    46.0;   -999;   -999;-999;eor
  5084;19190801;19190831;   5;   2;    38.0;   -999;   -999;-999;eor
  5084;19190901;19190930;   5;   2;    23.0;   -999;   -999;-999;eor
  5084;19191001;19191031;   5;   2;    33.0;   -999;   -999;-999;eor
  5084;19191101;19191130;   5;   2;    63.0;   -999;   -999;-999;eor
  5084;19191201;19191231;   5;   2;    79.0;   -999;   -999;-999;eor
  5084;19200101;19200131;   5;   2;    75.0;   -999;   -999;-999;eor
  5084;19200201;19200229;   5;   2;    32.0;   -999;   -999;-999;eor
  5084;19200301;19200331;   5;   2;    18.0;   -999;   -999;-999;eor
  5084;19200401;19200430;   5;   2;    38.0;   -999;   -999;-999;eor
  5084;19200501;19200531;   5;   2;    86.0;   -999;   -999;-999;eor
  5084;19200601;19200630;   5;   2;    19.0;   -999;   -999;-999;eor
  5084;19200701;19200731;   5;   2;   115.0;   -999;   -999;-999;eor
  5084;19200801;19200831;   5;   2;    67.0;   -999;   -999;-999;eor
  5084;19200901;19200930;   5;   2;    69.0;   -999;   -999;-999;eor
  5084;19201001;19201031;   5;   2;     4.0;   -999;   -999;-999;eor
  5084;19201101;19201130;   5;   2;     6.0;   -999;   -999;-999;eor
  5084;19201201;19201231;   5;   2;    28.0;   -999;   -999;-999;eor
  5084;19210101;19210131;   5;   2;    84.0;   -999;   -999;-999;eor
  5084;19210201;19210228;   5;   2;    14.0;   -999;   -999;-999;eor
  5084;19210301;19210331;   5;   2;     4.0;   -999;   -999;-999;eor
  5084;19210401;19210430;   5;   2;    12.0;   -999;   -999;-999;eor
  5084;19210501;19210531;   5;   2;    83.0;   -999;   -999;-999;eor
  5084;19210601;19210630;   5;   2;    56.0;   -999;   -999;-999;eor
  5084;19210701;19210731;   5;   2;    32.0;   -999;   -999;-999;eor
  5084;19210801;19210831;   5;   2;    57.0;   -999;   -999;-999;eor
  5084;19210901;19210930;   5;   2;    17.0;   -999;   -999;-999;eor
  5084;19211001;19211031;   5;   2;    28.0;   -999;   -999;-999;eor
  5084;19211101;19211130;   5;   2;    24.0;   -999;   -999;-999;eor
  5084;19211201;19211231;   5;   2;    30.0;   -999;   -999;-999;eor
  5084;19220101;19220131;   5;   2;    70.0;   -999;   -999;-999;eor
  5084;19220201;19220228;   5;   2;    55.0;   -999;   -999;-999;eor
  5084;19220301;19220331;   5;   2;    35.0;   -999;   -999;-999;eor
  5084;19220401;19220430;   5;   2;    76.0;   -999;   -999;-999;eor
  5084;19220501;19220531;   5;   2;    32.0;   -999;   -999;-999;eor
  5084;19220601;19220630;   5;   2;    21.0;   -999;   -999;-999;eor
  5084;19220701;19220731;   5;   2;    76.0;   -999;   -999;-999;eor
  5084;19220801;19220831;   5;   2;    63.0;   -999;   -999;-999;eor
  5084;19220901;19220930;   5;   2;    45.0;   -999;   -999;-999;eor
  5084;19221001;19221031;   5;   2;    47.0;   -999;   -999;-999;eor
  5084;19221101;19221130;   5;   2;    77.0;   -999;   -999;-999;eor
  5084;19221201;19221231;   5;   2;    63.0;   -999;   -999;-999;eor
  5084;19230101;19230131;   5;   2;    36.0;   -999;   -999;-999;eor
  5084;19230201;19230228;   5;   2;    36.0;   -999;   -999;-999;eor
  5084;19230301;19230331;   5;   2;    21.0;   -999;   -999;-999;eor
  5084;19230401;19230430;   5;   2;    37.0;   -999;   -999;-999;eor
  5084;19230501;19230531;   5;   2;   110.0;   -999;   -999;-999;eor
  5084;19230601;19230630;   5;   2;    84.0;   -999;   -999;-999;eor
  5084;19230701;19230731;   5;   2;    49.0;   -999;   -999;-999;eor
  5084;19230801;19230831;   5;   2;    53.0;   -999;   -999;-999;eor
  5084;19230901;19230930;   5;   2;    46.0;   -999;   -999;-999;eor
  5084;19231001;19231031;   5;   2;   105.0;   -999;   -999;-999;eor
  5084;19231101;19231130;   5;   2;    30.0;   -999;   -999;-999;eor
  5084;19231201;19231231;   5;   2;    60.0;   -999;   -999;-999;eor
  5084;19240101;19240131;   5;   2;    20.0;   -999;   -999;-999;eor
  5084;19240201;19240229;   5;   2;    50.0;   -999;   -999;-999;eor
  5084;19240301;19240331;   5;   2;    25.0;   -999;   -999;-999;eor
  5084;19240401;19240430;   5;   2;    47.0;   -999;   -999;-999;eor
  5084;19240501;19240531;   5;   2;    57.0;   -999;   -999;-999;eor
  5084;19240601;19240630;   5;   2;    49.0;   -999;   -999;-999;eor
  5084;19240701;19240731;   5;   2;    67.0;   -999;   -999;-999;eor
  5084;19240801;19240831;   5;   2;   117.0;   -999;   -999;-999;eor
  5084;19240901;19240930;   5;   2;    85.0;   -999;   -999;-999;eor
  5084;19241001;19241031;   5;   2;    30.0;   -999;   -999;-999;eor
  5084;19241101;19241130;   5;   2;    35.0;   -999;   -999;-999;eor
  5084;19241201;19241231;   5;   2;     8.0;   -999;   -999;-999;eor
  5084;19250101;19250131;   5;   2;    28.0;   -999;   -999;-999;eor
  5084;19250201;19250228;   5;   2;    36.0;   -999;   -999;-999;eor
  5084;19250301;19250331;   5;   2;    38.0;   -999;   -999;-999;eor
  5084;19250401;19250430;   5;   2;    70.0;   -999;   -999;-999;eor
  5084;19250501;19250531;   5;   2;    13.0;   -999;   -999;-999;eor
  5084;19250601;19250630;   5;   2;    31.0;   -999;   -999;-999;eor
  5084;19250701;19250731;   5;   2;    67.0;   -999;   -999;-999;eor
  5084;19250801;19250831;   5;   2;    97.0;   -999;   -999;-999;eor
  5084;19250901;19250930;   5;   2;    73.0;   -999;   -999;-999;eor
  5084;19251001;19251031;   5;   2;    37.0;   -999;   -999;-999;eor
  5084;19251101;19251130;   5;   2;    39.0;   -999;   -999;-999;eor
  5084;19251201;19251231;   5;   2;    66.0;   -999;   -999;-999;eor
  5084;19260101;19260131;   5;   2;    56.0;   -999;   -999;-999;eor
  5084;19260201;19260228;   5;   2;    51.0;   -999;   -999;-999;eor
  5084;19260301;19260331;   5;   2;    45.0;   -999;   -999;-999;eor
  5084;19260401;19260430;   5;   2;    44.0;   -999;   -999;-999;eor
  5084;19260501;19260531;   5;   2;    29.0;   -999;   -999;-999;eor
  5084;19260601;19260630;   5;   2;    40.0;   -999;   -999;-999;eor
  5084;19260701;19260731;   5;   2;   166.0;   -999;   -999;-999;eor
  5084;19260801;19260831;   5;   2;    62.0;   -999;   -999;-999;eor
  5084;19260901;19260930;   5;   2;    20.0;   -999;   -999;-999;eor
  5084;19261001;19261031;   5;   2;   109.0;   -999;   -999;-999;eor
  5084;19261101;19261130;   5;   2;    19.0;   -999;   -999;-999;eor
  5084;19261201;19261231;   5;   2;    19.0;   -999;   -999;-999;eor
  5084;19270101;19270131;   5;   2;    49.0;   -999;   -999;-999;eor
  5084;19270201;19270228;   5;   2;    22.0;   -999;   -999;-999;eor
  5084;19270301;19270331;   5;   2;    31.0;   -999;   -999;-999;eor
  5084;19270401;19270430;   5;   2;    73.0;   -999;   -999;-999;eor
  5084;19270501;19270531;   5;   2;    44.0;   -999;   -999;-999;eor
  5084;19270601;19270630;   5;   2;    47.0;   -999;   -999;-999;eor
  5084;19270701;19270731;   5;   2;    76.0;   -999;   -999;-999;eor
  5084;19270801;19270831;   5;   2;    74.0;   -999;   -999;-999;eor
  5084;19270901;19270930;   5;   2;    56.0;   -999;   -999;-999;eor
  5084;19271001;19271031;   5;   2;    18.0;   -999;   -999;-999;eor
  5084;19271101;19271130;   5;   2;    37.0;   -999;   -999;-999;eor
  5084;19271201;19271231;   5;   2;    25.0;   -999;   -999;-999;eor
  5084;19280101;19280131;   5;   2;    24.0;   -999;   -999;-999;eor
  5084;19280201;19280229;   5;   2;    34.0;   -999;   -999;-999;eor
  5084;19280301;19280331;   5;   2;    25.0;   -999;   -999;-999;eor
  5084;19280401;19280430;   5;   2;   100.0;   -999;   -999;-999;eor
  5084;19280501;19280531;   5;   2;    25.0;   -999;   -999;-999;eor
  5084;19280601;19280630;   5;   2;    30.0;   -999;   -999;-999;eor
  5084;19280701;19280731;   5;   2;    45.0;   -999;   -999;-999;eor
  5084;19280801;19280831;   5;   2;    43.0;   -999;   -999;-999;eor
  5084;19280901;19280930;   5;   2;    39.0;   -999;   -999;-999;eor
  5084;19281001;19281031;   5;   2;    73.0;   -999;   -999;-999;eor
  5084;19281101;19281130;   5;   2;    83.0;   -999;   -999;-999;eor
  5084;19281201;19281231;   5;   2;    35.0;   -999;   -999;-999;eor
  5084;19300101;19300131;   5;   2;    24.0;   -999;   -999;-999;eor
  5084;19300201;19300228;   5;   2;    10.0;   -999;   -999;-999;eor
  5084;19300301;19300331;   5;   2;    37.0;   -999;   -999;-999;eor
  5084;19300401;19300430;   5;   2;    69.0;   -999;   -999;-999;eor
  5084;19300501;19300531;   5;   2;    76.0;   -999;   -999;-999;eor
  5084;19300601;19300630;   5;   2;    30.0;   -999;   -999;-999;eor
  5084;19300701;19300731;   5;   2;    79.0;   -999;   -999;-999;eor
  5084;19300801;19300831;   5;   2;    44.0;   -999;   -999;-999;eor
  5084;19300901;19300930;   5;   2;    48.0;   -999;   -999;-999;eor
  5084;19301001;19301031;   5;   2;    54.0;   -999;   -999;-999;eor
  5084;19301101;19301130;   5;   2;    78.0;   -999;   -999;-999;eor
  5084;19301201;19301231;   5;   2;    25.0;   -999;   -999;-999;eor
  5084;19310101;19310131;   5;   2;    80.0;   -999;   -999;-999;eor
  5084;19310201;19310228;   5;   2;    22.0;   -999;   -999;-999;eor
  5084;19310301;19310331;   5;   2;    13.0;   -999;   -999;-999;eor
  5084;19310401;19310430;   5;   2;    45.0;   -999;   -999;-999;eor
  5084;19310501;19310531;   5;   2;    40.0;   -999;   -999;-999;eor
  5084;19310601;19310630;   5;   2;    57.0;   -999;   -999;-999;eor
  5084;19310701;19310731;   5;   2;   141.0;   -999;   -999;-999;eor
  5084;19310801;19310831;   5;   2;    96.0;   -999;   -999;-999;eor
  5084;19310901;19310930;   5;   2;    58.0;   -999;   -999;-999;eor
  5084;19311001;19311031;   5;   2;    39.0;   -999;   -999;-999;eor
  5084;19311101;19311130;   5;   2;    14.0;   -999;   -999;-999;eor
  5084;19311201;19311231;   5;   2;    40.0;   -999;   -999;-999;eor
  5084;19320101;19320131;   5;   2;    49.0;   -999;   -999;-999;eor
  5084;19320201;19320229;   5;   2;    13.0;   -999;   -999;-999;eor
  5084;19320301;19320331;   5;   2;    23.0;   -999;   -999;-999;eor
  5084;19320401;19320430;   5;   2;    43.0;   -999;   -999;-999;eor
  5084;19320501;19320531;   5;   2;    77.0;   -999;   -999;-999;eor
  5084;19320601;19320630;   5;   2;    47.0;   -999;   -999;-999;eor
  5084;19320701;19320731;   5;   2;    55.0;   -999;   -999;-999;eor
  5084;19320801;19320831;   5;   2;    58.0;   -999;   -999;-999;eor
  5084;19320901;19320930;   5;   2;    65.0;   -999;   -999;-999;eor
  5084;19321001;19321031;   5;   2;    82.0;   -999;   -999;-999;eor
  5084;19321101;19321130;   5;   2;    50.0;   -999;   -999;-999;eor
  5084;19321201;19321231;   5;   2;     3.0;   -999;   -999;-999;eor
  5084;19330101;19330131;   5;   2;    24.0;   -999;   -999;-999;eor
  5084;19330201;19330228;   5;   2;    36.0;   -999;   -999;-999;eor
  5084;19330301;19330331;   5;   2;    18.0;   -999;   -999;-999;eor
  5084;19330401;19330430;   5;   2;    20.0;   -999;   -999;-999;eor
  5084;19330501;19330531;   5;   2;    46.0;   -999;   -999;-999;eor
  5084;19330601;19330630;   5;   2;   142.0;   -999;   -999;-999;eor
  5084;19330701;19330731;   5;   2;    94.0;   -999;   -999;-999;eor
  5084;19330801;19330831;   5;   2;    52.0;   -999;   -999;-999;eor
  5084;19330901;19330930;   5;   2;    26.0;   -999;   -999;-999;eor
  5084;19331001;19331031;   5;   2;    44.0;   -999;   -999;-999;eor
  5084;19331101;19331130;   5;   2;    33.0;   -999;   -999;-999;eor
  5084;19331201;19331231;   5;   2;    13.0;   -999;   -999;-999;eor
  5084;19340101;19340131;   5;   2;    37.0;   -999;   -999;-999;eor
  5084;19340201;19340228;   5;   2;    23.0;   -999;   -999;-999;eor
  5084;19340301;19340331;   5;   2;    26.0;   -999;   -999;-999;eor
  5084;19340401;19340430;   5;   2;    23.0;   -999;   -999;-999;eor
  5084;19340501;19340531;   5;   2;    15.0;   -999;   -999;-999;eor
  5084;19340601;19340630;   5;   2;    33.0;   -999;   -999;-999;eor
  5084;19340701;19340731;   5;   2;    27.0;   -999;   -999;-999;eor
  5084;19340801;19340831;   5;   2;    62.0;   -999;   -999;-999;eor
  5084;19340901;19340930;   5;   2;    41.0;   -999;   -999;-999;eor
  5084;19341001;19341031;   5;   2;    82.0;   -999;   -999;-999;eor
  5084;19341101;19341130;   5;   2;    49.0;   -999;   -999;-999;eor
  5084;19341201;19341231;   5;   2;    34.0;   -999;   -999;-999;eor
  5084;19350101;19350131;   5;   2;    49.0;   -999;   -999;-999;eor
  5084;19350201;19350228;   5;   2;    53.0;   -999;   -999;-999;eor
  5084;19350301;19350331;   5;   2;    26.0;   -999;   -999;-999;eor
  5084;19350401;19350430;   5;   2;    84.0;   -999;   -999;-999;eor
  5084;19350501;19350531;   5;   2;    32.0;   -999;   -999;-999;eor
  5084;19350601;19350630;   5;   2;    91.0;   -999;   -999;-999;eor
  5084;19350701;19350731;   5;   2;    26.0;   -999;   -999;-999;eor
  5084;19350801;19350831;   5;   2;    71.0;   -999;   -999;-999;eor
  5084;19350901;19350930;   5;   2;    61.0;   -999;   -999;-999;eor
  5084;19351001;19351031;   5;   2;    66.0;   -999;   -999;-999;eor
  5084;19351101;19351130;   5;   2;    14.0;   -999;   -999;-999;eor
  5084;19351201;19351231;   5;   2;    31.0;   -999;   -999;-999;eor
  5084;19360101;19360131;   5;   2;    43.0;   -999;   -999;-999;eor
  5084;19360201;19360229;   5;   2;    57.0;   -999;   -999;-999;eor
  5084;19360301;19360331;   5;   2;    17.0;   -999;   -999;-999;eor
  5084;19360401;19360430;   5;   2;    12.0;   -999;   -999;-999;eor
  5084;19360501;19360531;   5;   2;    32.0;   -999;   -999;-999;eor
  5084;19360601;19360630;   5;   2;    27.0;   -999;   -999;-999;eor
  5084;19360701;19360731;   5;   2;   115.0;   -999;   -999;-999;eor
  5084;19360801;19360831;   5;   2;    45.0;   -999;   -999;-999;eor
  5084;19360901;19360930;   5;   2;    49.0;   -999;   -999;-999;eor
  5084;19361001;19361031;   5;   2;    54.0;   -999;   -999;-999;eor
  5084;19361101;19361130;   5;   2;    41.0;   -999;   -999;-999;eor
  5084;19361201;19361231;   5;   2;    43.0;   -999;   -999;-999;eor
  5084;19370101;19370131;   5;   2;    67.0;   -999;   -999;-999;eor
  5084;19370201;19370228;   5;   2;    90.0;   -999;   -999;-999;eor
  5084;19370301;19370331;   5;   2;    32.0;   -999;   -999;-999;eor
  5084;19370401;19370430;   5;   2;    47.0;   -999;   -999;-999;eor
  5084;19370501;19370531;   5;   2;    32.0;   -999;   -999;-999;eor
  5084;19370601;19370630;   5;   2;    90.0;   -999;   -999;-999;eor
  5084;19370701;19370731;   5;   2;    71.0;   -999;   -999;-999;eor
  5084;19370801;19370831;   5;   2;    36.0;   -999;   -999;-999;eor
  5084;19370901;19370930;   5;   2;    23.0;   -999;   -999;-999;eor
  5084;19371001;19371031;   5;   2;    20.0;   -999;   -999;-999;eor
  5084;19371101;19371130;   5;   2;    21.0;   -999;   -999;-999;eor
  5084;19371201;19371231;   5;   2;    18.0;   -999;   -999;-999;eor
  5084;19380101;19380131;   5;   2;    85.0;   -999;   -999;-999;eor
  5084;19380201;19380228;   5;   2;    15.0;   -999;   -999;-999;eor
  5084;19380301;19380331;   5;   2;    16.0;   -999;   -999;-999;eor
  5084;19380401;19380430;   5;   2;    17.0;   -999;   -999;-999;eor
  5084;19380501;19380531;   5;   2;   106.0;   -999;   -999;-999;eor
  5084;19380601;19380630;   5;   2;    49.0;   -999;   -999;-999;eor
  5084;19380701;19380731;   5;   2;    55.0;   -999;   -999;-999;eor
  5084;19380801;19380831;   5;   2;    57.0;   -999;   -999;-999;eor
  5084;19380901;19380930;   5;   2;    23.0;   -999;   -999;-999;eor
  5084;19381001;19381031;   5;   2;    56.0;   -999;   -999;-999;eor
  5084;19381101;19381130;   5;   2;    30.0;   -999;   -999;-999;eor
  5084;19381201;19381231;   5;   2;    45.0;   -999;   -999;-999;eor
  5084;19390101;19390131;   5;   2;    58.0;   -999;   -999;-999;eor
  5084;19390201;19390228;   5;   2;    26.0;   -999;   -999;-999;eor
  5084;19390301;19390331;   5;   2;    41.0;   -999;   -999;-999;eor
  5084;19390401;19390430;   5;   2;    66.0;   -999;   -999;-999;eor
  5084;19390501;19390531;   5;   2;    38.0;   -999;   -999;-999;eor
  5084;19390601;19390630;   5;   2;    35.0;   -999;   -999;-999;eor
  5084;19390701;19390731;   5;   2;    65.0;   -999;   -999;-999;eor
  5084;19390801;19390831;   5;   2;    82.0;   -999;   -999;-999;eor
  5084;19390901;19390930;   5;   2;    48.0;   -999;   -999;-999;eor
  5084;19391001;19391031;   5;   2;    97.0;   -999;   -999;-999;eor
  5084;19391101;19391130;   5;   2;    98.0;   -999;   -999;-999;eor
  5084;19391201;19391231;   5;   2;    34.0;   -999;   -999;-999;eor
  5084;19400101;19400131;   5;   2;    15.0;   -999;   -999;-999;eor
  5084;19400201;19400229;   5;   2;    18.0;   -999;   -999;-999;eor
  5084;19400301;19400331;   5;   2;    56.0;   -999;   -999;-999;eor
  5084;19400401;19400430;   5;   2;    46.0;   -999;   -999;-999;eor
  5084;19400501;19400531;   5;   2;    15.0;   -999;   -999;-999;eor
  5084;19400601;19400630;   5;   2;    56.0;   -999;   -999;-999;eor
  5084;19400701;19400731;   5;   2;   104.0;   -999;   -999;-999;eor
  5084;19400801;19400831;   5;   2;    56.0;   -999;   -999;-999;eor
  5084;19400901;19400930;   5;   2;    62.0;   -999;   -999;-999;eor
  5084;19401001;19401031;   5;   2;    35.0;   -999;   -999;-999;eor
  5084;19401101;19401130;   5;   2;    99.0;   -999;   -999;-999;eor
  5084;19401201;19401231;   5;   2;    52.0;   -999;   -999;-999;eor
  5084;19410101;19410131;   5;   2;    48.0;   -999;   -999;-999;eor
  5084;19410201;19410228;   5;   2;    42.0;   -999;   -999;-999;eor
  5084;19410301;19410331;   5;   2;    45.0;   -999;   -999;-999;eor
  5084;19410401;19410430;   5;   2;    15.0;   -999;   -999;-999;eor
  5084;19410501;19410531;   5;   2;    92.0;   -999;   -999;-999;eor
  5084;19410601;19410630;   5;   2;    39.0;   -999;   -999;-999;eor
  5084;19410701;19410731;   5;   2;   109.0;   -999;   -999;-999;eor
  5084;19410801;19410831;   5;   2;   108.0;   -999;   -999;-999;eor
  5084;19410901;19410930;   5;   2;    34.0;   -999;   -999;-999;eor
  5084;19411001;19411031;   5;   2;   116.0;   -999;   -999;-999;eor
  5084;19411101;19411130;   5;   2;    40.0;   -999;   -999;-999;eor
  5084;19411201;19411231;   5;   2;    45.0;   -999;   -999;-999;eor
  5084;19420101;19420131;   5;   2;    20.0;   -999;   -999;-999;eor
  5084;19420201;19420228;   5;   2;    18.0;   -999;   -999;-999;eor
  5084;19420301;19420331;   5;   2;    21.0;   -999;   -999;-999;eor
  5084;19420401;19420430;   5;   2;    19.0;   -999;   -999;-999;eor
  5084;19420501;19420531;   5;   2;    65.0;   -999;   -999;-999;eor
  5084;19420601;19420630;   5;   2;    84.0;   -999;   -999;-999;eor
  5084;19420701;19420731;   5;   2;    90.0;   -999;   -999;-999;eor
  5084;19420801;19420831;   5;   2;    50.0;   -999;   -999;-999;eor
  5084;19420901;19420930;   5;   2;    46.0;   -999;   -999;-999;eor
  5084;19421001;19421031;   5;   2;    67.0;   -999;   -999;-999;eor
  5084;19421101;19421130;   5;   2;    46.0;   -999;   -999;-999;eor
  5084;19421201;19421231;   5;   2;    26.0;   -999;   -999;-999;eor
  5084;19430101;19430131;   5;   2;    25.0;   -999;   -999;-999;eor
  5084;19430201;19430228;   5;   2;    28.0;   -999;   -999;-999;eor
  5084;19430301;19430331;   5;   2;    17.0;   -999;   -999;-999;eor
  5084;19430401;19430430;   5;   2;    51.0;   -999;   -999;-999;eor
  5084;19430501;19430531;   5;   2;    30.0;   -999;   -999;-999;eor
  5084;19430601;19430630;   5;   2;    69.0;   -999;   -999;-999;eor
  5084;19430701;19430731;   5;   2;    15.0;   -999;   -999;-999;eor
  5084;19430801;19430831;   5;   2;    44.0;   -999;   -999;-999;eor
  5084;19430901;19430930;   5;   2;    72.0;   -999;   -999;-999;eor
  5084;19431001;19431031;   5;   2;     0.0;   -999;   -999;-999;eor
  5084;19431101;19431130;   5;   2;    59.0;   -999;   -999;-999;eor
  5084;19431201;19431231;   5;   2;    82.0;   -999;   -999;-999;eor
  5084;19440101;19440131;   5;   2;    47.0;   -999;   -999;-999;eor
  5084;19440201;19440229;   5;   2;    23.0;   -999;   -999;-999;eor
  5084;19440301;19440331;   5;   2;    33.0;   -999;   -999;-999;eor
  5084;19440401;19440430;   5;   2;    29.0;   -999;   -999;-999;eor
  5084;19440501;19440531;   5;   2;    44.0;   -999;   -999;-999;eor
  5084;19440601;19440630;   5;   2;    84.0;   -999;   -999;-999;eor
  5084;19440701;19440731;   5;   2;    85.0;   -999;   -999;-999;eor
  5084;19440801;19440831;   5;   2;    44.0;   -999;   -999;-999;eor
  5084;19440901;19440930;   5;   2;    36.0;   -999;   -999;-999;eor
  5084;19441001;19441031;   5;   2;    71.0;   -999;   -999;-999;eor
  5084;19441101;19441130;   5;   2;   182.0;   -999;   -999;-999;eor
  5084;19441201;19441231;   5;   2;    58.0;   -999;   -999;-999;eor
  5084;19470101;19470131;   5;   2;    35.0;   -999;   -999;-999;eor
  5084;19470201;19470228;   5;   2;    46.0;   -999;   -999;-999;eor
  5084;19470301;19470331;   5;   2;    48.0;   -999;   -999;-999;eor
  5084;19470401;19470430;   5;   2;    68.0;   -999;   -999;-999;eor
  5084;19470501;19470531;   5;   2;    59.0;   -999;   -999;-999;eor
  5084;19470601;19470630;   5;   2;    76.0;   -999;   -999;-999;eor
  5084;19470701;19470731;   5;   2;    51.0;   -999;   -999;-999;eor
  5084;19470801;19470831;   5;   2;    45.0;   -999;   -999;-999;eor
  5084;19470901;19470930;   5;   2;    31.0;   -999;   -999;-999;eor
  5084;19471001;19471031;   5;   2;     8.0;   -999;   -999;-999;eor
  5084;19471101;19471130;   5;   2;    72.0;   -999;   -999;-999;eor
  5084;19471201;19471231;   5;   2;   120.0;   -999;   -999;-999;eor
  5084;19480101;19480131;   5;   2;    77.0;   -999;   -999;-999;eor
  5084;19480201;19480229;   5;   2;    65.0;   -999;   -999;-999;eor
  5084;19480301;19480331;   5;   2;    17.0;   -999;   -999;-999;eor
  5084;19480401;19480430;   5;   2;    92.0;   -999;   -999;-999;eor
  5084;19480501;19480531;   5;   2;    36.0;   -999;   -999;-999;eor
  5084;19480601;19480630;   5;   2;    62.0;   -999;   -999;-999;eor
  5084;19480701;19480731;   5;   2;   116.0;   -999;   -999;-999;eor
  5084;19480801;19480831;   5;   2;    55.0;   -999;   -999;-999;eor
  5084;19480901;19480930;   5;   2;    26.0;   -999;   -999;-999;eor
  5084;19481001;19481031;   5;   2;    44.0;   -999;   -999;-999;eor
  5084;19481101;19481130;   5;   2;    19.0;   -999;   -999;-999;eor
  5084;19481201;19481231;   5;   2;    22.0;   -999;   -999;-999;eor
  5084;19490101;19490131;   5;   2;    42.0;   -999;   -999;-999;eor
  5084;19490201;19490228;   5;   2;    33.0;   -999;   -999;-999;eor
  5084;19490301;19490331;   5;   2;    47.0;   -999;   -999;-999;eor
  5084;19490401;19490430;   5;   2;    48.0;   -999;   -999;-999;eor
  5084;19490501;19490531;   5;   2;    64.0;   -999;   -999;-999;eor
  5084;19490601;19490630;   5;   2;    48.0;   -999;   -999;-999;eor
  5084;19490701;19490731;   5;   2;    32.0;   -999;   -999;-999;eor
  5084;19490801;19490831;   5;   2;    60.0;   -999;   -999;-999;eor
  5084;19490901;19490930;   5;   2;    26.0;   -999;   -999;-999;eor
  5084;19491001;19491031;   5;   2;    14.0;   -999;   -999;-999;eor
  5084;19491101;19491130;   5;   2;    42.0;   -999;   -999;-999;eor
  5084;19491201;19491231;   5;   2;    63.0;   -999;   -999;-999;eor
  5084;19500101;19500131;   5;   2;    30.0;   -999;   -999;-999;eor
  5084;19500201;19500228;   5;   2;    62.0;   -999;   -999;-999;eor
  5084;19500301;19500331;   5;   2;     4.0;   -999;   -999;-999;eor
  5084;19500401;19500430;   5;   2;    77.0;   -999;   -999;-999;eor
  5084;19500501;19500531;   5;   2;   105.0;   -999;   -999;-999;eor
  5084;19500601;19500630;   5;   2;    32.0;   -999;   -999;-999;eor
  5084;19500701;19500731;   5;   2;    84.0;   -999;   -999;-999;eor
  5084;19500801;19500831;   5;   2;    16.0;   -999;   -999;-999;eor
  5084;19500901;19500930;   5;   2;    36.0;   -999;   -999;-999;eor
  5084;19501001;19501031;   5;   2;    30.0;   -999;   -999;-999;eor
  5084;19501101;19501130;   5;   2;    80.0;   -999;   -999;-999;eor
  5084;19501201;19501231;   5;   2;    45.0;   -999;   -999;-999;eor
  5084;19510101;19510131;   5;   2;    36.0;   -999;   -999;-999;eor
  5084;19510201;19510228;   5;   2;    36.0;   -999;   -999;-999;eor
  5084;19510301;19510331;   5;   2;    29.0;   -999;   -999;-999;eor
  5084;19510401;19510430;   5;   2;    39.0;   -999;   -999;-999;eor
  5084;19510501;19510531;   5;   2;    41.0;   -999;   -999;-999;eor
  5084;19510601;19510630;   5;   2;   115.0;   -999;   -999;-999;eor
  5084;19510701;19510731;   5;   2;    41.0;   -999;   -999;-999;eor
  5084;19510801;19510831;   5;   2;    53.0;   -999;   -999;-999;eor
  5084;19510901;19510930;   5;   2;    62.0;   -999;   -999;-999;eor
  5084;19511001;19511031;   5;   2;    22.0;   -999;   -999;-999;eor
  5084;19511101;19511130;   5;   2;    61.0;   -999;   -999;-999;eor
  5084;19511201;19511231;   5;   2;    28.0;   -999;   -999;-999;eor
  5084;19520101;19520131;   5;   2;    58.0;   -999;   -999;-999;eor
  5084;19520201;19520229;   5;   2;    26.0;   -999;   -999;-999;eor
  5084;19520301;19520331;   5;   2;    88.0;   -999;   -999;-999;eor
  5084;19520401;19520430;   5;   2;    42.0;   -999;   -999;-999;eor
  5084;19520501;19520531;   5;   2;    58.0;   -999;   -999;-999;eor
  5084;19520601;19520630;   5;   2;    54.0;   -999;   -999;-999;eor
  5084;19520701;19520731;   5;   2;    21.0;   -999;   -999;-999;eor
  5084;19520801;19520831;   5;   2;    44.0;   -999;   -999;-999;eor
  5084;19520901;19520930;   5;   2;   101.0;   -999;   -999;-999;eor
  5084;19521001;19521031;   5;   2;    82.0;   -999;   -999;-999;eor
  5084;19521101;19521130;   5;   2;    80.0;   -999;   -999;-999;eor
  5084;19521201;19521231;   5;   2;    47.0;   -999;   -999;-999;eor
  5084;19530101;19530131;   5;   2;    28.0;   -999;   -999;-999;eor
  5084;19530201;19530228;   5;   2;    33.0;   -999;   -999;-999;eor
  5084;19530301;19530331;   5;   2;     4.0;   -999;   -999;-999;eor
  5084;19530401;19530430;   5;   2;    23.0;   -999;   -999;-999;eor
  5084;19530501;19530531;   5;   2;    44.0;   -999;   -999;-999;eor
  5084;19530601;19530630;   5;   2;   101.0;   -999;   -999;-999;eor
  5084;19530701;19530731;   5;   2;    58.0;   -999;   -999;-999;eor
  5084;19530801;19530831;   5;   2;    33.0;   -999;   -999;-999;eor
  5084;19530901;19530930;   5;   2;    24.0;   -999;   -999;-999;eor
  5084;19531001;19531031;   5;   2;    39.0;   -999;   -999;-999;eor
  5084;19531101;19531130;   5;   2;     2.0;   -999;   -999;-999;eor
  5084;19531201;19531231;   5;   2;    22.0;   -999;   -999;-999;eor
  5084;19540101;19540131;   5;   2;    51.0;   -999;   -999;-999;eor
  5084;19540201;19540228;   5;   2;    18.0;   -999;   -999;-999;eor
  5084;19540301;19540331;   5;   2;    10.0;   -999;   -999;-999;eor
  5084;19540401;19540430;   5;   2;    33.0;   -999;   -999;-999;eor
  5084;19540501;19540531;   5;   2;    28.0;   -999;   -999;-999;eor
  5084;19540601;19540630;   5;   2;    40.0;   -999;   -999;-999;eor
  5084;19540701;19540731;   5;   2;   116.0;   -999;   -999;-999;eor
  5084;19540801;19540831;   5;   2;    71.0;   -999;   -999;-999;eor
  5084;19540901;19540930;   5;   2;    97.0;   -999;   -999;-999;eor
  5084;19541001;19541031;   5;   2;    66.0;   -999;   -999;-999;eor
  5084;19541101;19541130;   5;   2;    19.0;   -999;   -999;-999;eor
  5084;19541201;19541231;   5;   2;    64.0;   -999;   -999;-999;eor
  5084;19550101;19550131;   5;   2;    41.0;   -999;   -999;-999;eor
  5084;19550201;19550228;   5;   2;    35.0;   -999;   -999;-999;eor
  5084;19550301;19550331;   5;   2;    34.0;   -999;   -999;-999;eor
  5084;19550401;19550430;   5;   2;    26.0;   -999;   -999;-999;eor
  5084;19550501;19550531;   5;   2;    58.0;   -999;   -999;-999;eor
  5084;19550601;19550630;   5;   2;    78.0;   -999;   -999;-999;eor
  5084;19550701;19550731;   5;   2;    91.0;   -999;   -999;-999;eor
  5084;19550801;19550831;   5;   2;   106.0;   -999;   -999;-999;eor
  5084;19550901;19550930;   5;   2;    43.0;   -999;   -999;-999;eor
  5084;19551001;19551031;   5;   2;    38.0;   -999;   -999;-999;eor
  5084;19551101;19551130;   5;   2;    15.0;   -999;   -999;-999;eor
  5084;19551201;19551231;   5;   2;    55.0;   -999;   -999;-999;eor
  5084;19560101;19560131;   5;   2;    31.0;   -999;   -999;-999;eor
  5084;19560201;19560229;   5;   2;    15.0;   -999;   -999;-999;eor
  5084;19560301;19560331;   5;   2;    26.0;   -999;   -999;-999;eor
  5084;19560401;19560430;   5;   2;    62.0;   -999;   -999;-999;eor
  5084;19560501;19560531;   5;   2;    23.0;   -999;   -999;-999;eor
  5084;19560601;19560630;   5;   2;   116.0;   -999;   -999;-999;eor
  5084;19560701;19560731;   5;   2;   216.0;   -999;   -999;-999;eor
  5084;19560801;19560831;   5;   2;    92.0;   -999;   -999;-999;eor
  5084;19560901;19560930;   5;   2;    29.0;   -999;   -999;-999;eor
  5084;19561001;19561031;   5;   2;    66.0;   -999;   -999;-999;eor
  5084;19561101;19561130;   5;   2;    40.0;   -999;   -999;-999;eor
  5084;19561201;19561231;   5;   2;    24.0;   -999;   -999;-999;eor
  5084;19570101;19570131;   5;   2;    32.0;   -999;   -999;-999;eor
  5084;19570201;19570228;   5;   2;    70.0;   -999;   -999;-999;eor
  5084;19570301;19570331;   5;   2;    39.0;   -999;   -999;-999;eor
  5084;19570401;19570430;   5;   2;    47.0;   -999;   -999;-999;eor
  5084;19570501;19570531;   5;   2;    48.0;   -999;   -999;-999;eor
  5084;19570601;19570630;   5;   2;    40.0;   -999;   -999;-999;eor
  5084;19570701;19570731;   5;   2;   109.0;   -999;   -999;-999;eor
  5084;19570801;19570831;   5;   2;    66.0;   -999;   -999;-999;eor
  5084;19570901;19570930;   5;   2;   108.0;   -999;   -999;-999;eor
  5084;19571001;19571031;   5;   2;    30.0;   -999;   -999;-999;eor
  5084;19571101;19571130;   5;   2;    23.0;   -999;   -999;-999;eor
  5084;19571201;19571231;   5;   2;    38.0;   -999;   -999;-999;eor
  5084;19580101;19580131;   5;   2;    55.0;   -999;   -999;-999;eor
  5084;19580201;19580228;   5;   2;    62.0;   -999;   -999;-999;eor
  5084;19580301;19580331;   5;   2;    20.0;   -999;   -999;-999;eor
  5084;19580401;19580430;   5;   2;    34.0;   -999;   -999;-999;eor
  5084;19580501;19580531;   5;   2;    97.0;   -999;   -999;-999;eor
  5084;19580601;19580630;   5;   2;   109.0;   -999;   -999;-999;eor
  5084;19580701;19580731;   5;   2;    58.0;   -999;   -999;-999;eor
  5084;19580801;19580831;   5;   2;   164.0;   -999;   -999;-999;eor
  5084;19580901;19580930;   5;   2;    35.0;   -999;   -999;-999;eor
  5084;19581001;19581031;   5;   2;    47.0;   -999;   -999;-999;eor
  5084;19581101;19581130;   5;   2;    15.0;   -999;   -999;-999;eor
  5084;19581201;19581231;   5;   2;    54.0;   -999;   -999;-999;eor
  5084;19590101;19590131;   5;   2;    51.0;   -999;   -999;-999;eor
  5084;19590201;19590228;   5;   2;     6.0;   -999;   -999;-999;eor
  5084;19590301;19590331;   5;   2;    15.0;   -999;   -999;-999;eor
  5084;19590401;19590430;   5;   2;    21.0;   -999;   -999;-999;eor
  5084;19590501;19590531;   5;   2;    25.0;   -999;   -999;-999;eor
  5084;19590601;19590630;   5;   2;    51.0;   -999;   -999;-999;eor
  5084;19590701;19590731;   5;   2;    29.0;   -999;   -999;-999;eor
  5084;19590801;19590831;   5;   2;    50.0;   -999;   -999;-999;eor
  5084;19590901;19590930;   5;   2;     0.0;   -999;   -999;-999;eor
  5084;19591001;19591031;   5;   2;    42.0;   -999;   -999;-999;eor
  5084;19591101;19591130;   5;   2;    42.0;   -999;   -999;-999;eor
  5084;19591201;19591231;   5;   2;    31.0;   -999;   -999;-999;eor
  5084;19600101;19600131;   5;   2;    76.0;   -999;   -999;-999;eor
  5084;19600201;19600229;   5;   2;    13.0;   -999;   -999;-999;eor
  5084;19600301;19600331;   5;   2;    18.0;   -999;   -999;-999;eor
  5084;19600401;19600430;   5;   2;    45.0;   -999;   -999;-999;eor
  5084;19600501;19600531;   5;   2;    78.0;   -999;   -999;-999;eor
  5084;19600601;19600630;   5;   2;    33.0;   -999;   -999;-999;eor
  5084;19600701;19600731;   5;   2;    87.0;   -999;   -999;-999;eor
  5084;19600801;19600831;   5;   2;   105.0;   -999;   -999;-999;eor
  5084;19600901;19600930;   5;   2;    44.0;   -999;   -999;-999;eor
  5084;19601001;19601031;   5;   2;    92.0;   -999;   -999;-999;eor
  5084;19601101;19601130;   5;   2;    41.0;   -999;   -999;-999;eor
  5084;19601201;19601231;   5;   2;    83.0;   -999;   -999;-999;eor
  5084;19610101;19610131;   5;   2;    55.0;   -999;   -999;-999;eor
  5084;19610201;19610228;   5;   2;    44.0;   -999;   -999;-999;eor
  5084;19610301;19610331;   5;   2;    38.0;   -999;   -999;-999;eor
  5084;19610401;19610430;   5;   2;   155.0;   -999;   -999;-999;eor
  5084;19610501;19610531;   5;   2;   131.0;   -999;   -999;-999;eor
  5084;19610601;19610630;   5;   2;    79.0;   -999;   -999;-999;eor
  5084;19610701;19610731;   5;   2;    86.0;   -999;   -999;-999;eor
  5084;19610801;19610831;   5;   2;    47.0;   -999;   -999;-999;eor
  5084;19610901;19610930;   5;   2;    29.0;   -999;   -999;-999;eor
  5084;19611001;19611031;   5;   2;    38.0;   -999;   -999;-999;eor
  5084;19611101;19611130;   5;   2;    34.0;   -999;   -999;-999;eor
  5084;19611201;19611231;   5;   2;    78.0;   -999;   -999;-999;eor
  5084;19620101;19620131;   5;   2;    77.0;   -999;   -999;-999;eor
  5084;19620201;19620228;   5;   2;    64.0;   -999;   -999;-999;eor
  5084;19620301;19620331;   5;   2;    54.0;   -999;   -999;-999;eor
  5084;19620401;19620430;   5;   2;    45.0;   -999;   -999;-999;eor
  5084;19620501;19620531;   5;   2;    70.0;   -999;   -999;-999;eor
  5084;19620601;19620630;   5;   2;    56.0;   -999;   -999;-999;eor
  5084;19620701;19620731;   5;   2;    91.0;   -999;   -999;-999;eor
  5084;19620801;19620831;   5;   2;    52.0;   -999;   -999;-999;eor
  5084;19620901;19620930;   5;   2;    29.0;   -999;   -999;-999;eor
  5084;19621001;19621031;   5;   2;     5.0;   -999;   -999;-999;eor
  5084;19621101;19621130;   5;   2;    31.0;   -999;   -999;-999;eor
  5084;19621201;19621231;   5;   2;    70.0;   -999;   -999;-999;eor
  5084;19630101;19630131;   5;   2;    17.0;   -999;   -999;-999;eor
  5084;19630201;19630228;   5;   2;    12.0;   -999;   -999;-999;eor
  5084;19630301;19630331;   5;   2;    27.0;   -999;   -999;-999;eor
  5084;19630401;19630430;   5;   2;    21.0;   -999;   -999;-999;eor
  5084;19630501;19630531;   5;   2;    45.0;   -999;   -999;-999;eor
  5084;19630601;19630630;   5;   2;    77.0;   -999;   -999;-999;eor
  5084;19630701;19630731;   5;   2;    20.0;   -999;   -999;-999;eor
  5084;19630801;19630831;   5;   2;   117.0;   -999;   -999;-999;eor
  5084;19630901;19630930;   5;   2;    41.0;   -999;   -999;-999;eor
  5084;19631001;19631031;   5;   2;    34.0;   -999;   -999;-999;eor
  5084;19631101;19631130;   5;   2;    74.0;   -999;   -999;-999;eor
  5084;19631201;19631231;   5;   2;     5.0;   -999;   -999;-999;eor
  5084;19640101;19640131;   5;   2;    17.0;   -999;   -999;-999;eor
  5084;19640201;19640229;   5;   2;    33.0;   -999;   -999;-999;eor
  5084;19640301;19640331;   5;   2;    18.0;   -999;   -999;-999;eor
  5084;19640401;19640430;   5;   2;    36.0;   -999;   -999;-999;eor
  5084;19640501;19640531;   5;   2;    79.0;   -999;   -999;-999;eor
  5084;19640601;19640630;   5;   2;    56.0;   -999;   -999;-999;eor
  5084;19640701;19640731;   5;   2;    63.0;   -999;   -999;-999;eor
  5084;19640801;19640831;   5;   2;    37.0;   -999;   -999;-999;eor
  5084;19640901;19640930;   5;   2;    39.0;   -999;   -999;-999;eor
  5084;19641001;19641031;   5;   2;    44.0;   -999;   -999;-999;eor
  5084;19641101;19641130;   5;   2;    33.0;   -999;   -999;-999;eor
  5084;19641201;19641231;   5;   2;    24.0;   -999;   -999;-999;eor
  5084;19650101;19650131;   5;   2;    71.0;   -999;   -999;-999;eor
  5084;19650201;19650228;   5;   2;    41.0;   -999;   -999;-999;eor
  5084;19650301;19650331;   5;   2;    34.0;   -999;   -999;-999;eor
  5084;19650401;19650430;   5;   2;    71.0;   -999;   -999;-999;eor
  5084;19650501;19650531;   5;   2;    40.0;   -999;   -999;-999;eor
  5084;19650601;19650630;   5;   2;    58.0;   -999;   -999;-999;eor
  5084;19650701;19650731;   5;   2;   159.0;   -999;   -999;-999;eor
  5084;19650801;19650831;   5;   2;    44.0;   -999;   -999;-999;eor
  5084;19650901;19650930;   5;   2;    24.0;   -999;   -999;-999;eor
  5084;19651001;19651031;   5;   2;    19.0;   -999;   -999;-999;eor
  5084;19651101;19651130;   5;   2;    81.0;   -999;   -999;-999;eor
  5084;19651201;19651231;   5;   2;   109.0;   -999;   -999;-999;eor
  5084;19660101;19660131;   5;   2;    34.0;   -999;   -999;-999;eor
  5084;19660201;19660228;   5;   2;    53.0;   -999;   -999;-999;eor
  5084;19660301;19660331;   5;   2;    58.0;   -999;   -999;-999;eor
  5084;19660401;19660430;   5;   2;    70.0;   -999;   -999;-999;eor
  5084;19660501;19660531;   5;   2;    82.0;   -999;   -999;-999;eor
  5084;19660601;19660630;   5;   2;   135.0;   -999;   -999;-999;eor
  5084;19660701;19660731;   5;   2;    93.0;   -999;   -999;-999;eor
  5084;19660801;19660831;   5;   2;    52.0;   -999;   -999;-999;eor
  5084;19660901;19660930;   5;   2;    49.0;   -999;   -999;-999;eor
  5084;19661001;19661031;   5;   2;    91.0;   -999;   -999;-999;eor
  5084;19661101;19661130;   5;   2;    60.0;   -999;   -999;-999;eor
  5084;19661201;19661231;   5;   2;   120.0;   -999;   -999;-999;eor
  5084;19670101;19670131;   5;   2;    52.0;   -999;   -999;-999;eor
  5084;19670201;19670228;   5;   2;    30.0;   -999;   -999;-999;eor
  5084;19670301;19670331;   5;   2;    73.0;   -999;   -999;-999;eor
  5084;19670401;19670430;   5;   2;    74.0;   -999;   -999;-999;eor
  5084;19670501;19670531;   5;   2;    80.0;   -999;   -999;-999;eor
  5084;19670601;19670630;   5;   2;    67.0;   -999;   -999;-999;eor
  5084;19670701;19670731;   5;   2;    29.0;   -999;   -999;-999;eor
  5084;19670801;19670831;   5;   2;    75.0;   -999;   -999;-999;eor
  5084;19670901;19670930;   5;   2;    43.0;   -999;   -999;-999;eor
  5084;19671001;19671031;   5;   2;    61.0;   -999;   -999;-999;eor
  5084;19671101;19671130;   5;   2;    42.0;   -999;   -999;-999;eor
  5084;19671201;19671231;   5;   2;    82.0;   -999;   -999;-999;eor
  5084;19680101;19680131;   5;   2;    65.0;   -999;   -999;-999;eor
  5084;19680201;19680229;   5;   2;    47.0;   -999;   -999;-999;eor
  5084;19680301;19680331;   5;   2;    48.0;   -999;   -999;-999;eor
  5084;19680401;19680430;   5;   2;    36.0;   -999;   -999;-999;eor
  5084;19680501;19680531;   5;   2;    47.0;   -999;   -999;-999;eor
  5084;19680601;19680630;   5;   2;   111.0;   -999;   -999;-999;eor
  5084;19680701;19680731;   5;   2;    51.0;   -999;   -999;-999;eor
  5084;19680801;19680831;   5;   2;    62.0;   -999;   -999;-999;eor
  5084;19680901;19680930;   5;   2;    33.0;   -999;   -999;-999;eor
  5084;19681001;19681031;   5;   2;    42.0;   -999;   -999;-999;eor
  5084;19681101;19681130;   5;   2;    21.0;   -999;   -999;-999;eor
  5084;19681201;19681231;   5;   2;    25.0;   -999;   -999;-999;eor
  5084;19690101;19690131;   5;   2;    38.8;   -999;     30;   12.1;eor
  5084;19690201;19690228;   5;   2;    48.4;   -999;    241;   15.5;eor
  5084;19690301;19690331;   5;   2;    50.0;   -999;     17;   13.0;eor
  5084;19690401;19690430;   5;   2;    64.1;   -999;      1;   12.3;eor
  5084;19690501;19690531;   5;   2;    73.7;   -999;      0;   22.3;eor
  5084;19690601;19690630;   5;   2;    78.9;   -999;      0;   25.3;eor
  5084;19690701;19690731;   5;   2;    65.9;   -999;      0;   23.5;eor
  5084;19690801;19690831;   5;   2;    69.2;   -999;      0;    8.9;eor
  5084;19690901;19690930;   5;   2;    33.4;   -999;      0;   23.6;eor
  5084;19691001;19691031;   5;   2;    28.8;   -999;      0;   11.8;eor
  5084;19691101;19691130;   5;   2;    70.7;   -999;      6;   14.8;eor
  5084;19691201;19691231;   5;   2;    32.3;   -999;    297;    7.5;eor
  5084;19700101;19700131;   5;   2;    24.3;   -999;    713;    8.0;eor
  5084;19700201;19700228;   5;   2;    96.2;   -999;    294;   15.5;eor
  5084;19700301;19700331;   5;   2;    54.0;   -999;    108;    7.7;eor
  5084;19700401;19700430;   5;   2;    79.8;   -999;      2;   16.8;eor
  5084;19700501;19700531;   5;   2;    64.9;   -999;      0;   14.8;eor
  5084;19700601;19700630;   5;   2;    44.2;   -999;      0;   28.2;eor
  5084;19700701;19700731;   5;   2;    63.0;   -999;      0;   10.4;eor
  5084;19700801;19700831;   5;   2;   100.7;   -999;      0;   37.0;eor
  5084;19700901;19700930;   5;   2;    59.7;   -999;      0;   13.4;eor
  5084;19701001;19701031;   5;   2;    87.1;   -999;      0;   15.9;eor
  5084;19701101;19701130;   5;   2;    46.9;   -999;      0;   10.3;eor
  5084;19701201;19701231;   5;   2;    29.8;   -999;     28;    7.6;eor
  5084;19710101;19710131;   5;   2;    27.2;   -999;    144;    6.3;eor
  5084;19710201;19710228;   5;   2;    23.6;   -999;      2;    8.3;eor
  5084;19710301;19710331;   5;   2;     9.3;   -999;     34;    4.0;eor
  5084;19710401;19710430;   5;   2;    50.5;   -999;      0;   18.0;eor
  5084;19710501;19710531;   5;   2;    65.0;   -999;      0;   13.3;eor
  5084;19710601;19710630;   5;   2;    71.3;   -999;      0;   18.5;eor
  5084;19710701;19710731;   5;   2;     5.0;   -999;      0;    3.0;eor
  5084;19710801;19710831;   5;   2;    51.2;   -999;      0;   16.1;eor
  5084;19710901;19710930;   5;   2;    26.2;   -999;      0;   12.0;eor
  5084;19711001;19711031;   5;   2;    29.1;   -999;      0;   12.6;eor
  5084;19711101;19711130;   5;   2;    64.8;   -999;     12;   40.5;eor
  5084;19711201;19711231;   5;   2;    36.9;   -999;      9;   19.6;eor
  5084;19720101;19720131;   5;   2;     7.2;   -999;     41;    2.4;eor
  5084;19720201;19720229;   5;   2;     6.1;   -999;      2;    3.2;eor
  5084;19720301;19720331;   5;   2;    59.0;   -999;      4;   37.2;eor
  5084;19720401;19720430;   5;   2;    44.4;   -999;      0;    7.1;eor
  5084;19720501;19720531;   5;   2;    77.6;   -999;      0;   13.7;eor
  5084;19720601;19720630;   5;   2;    95.9;   -999;      0;   28.0;eor
  5084;19720701;19720731;   5;   2;   111.1;   -999;      0;   34.0;eor
  5084;19720801;19720831;   5;   2;    92.0;   -999;      0;   17.6;eor
  5084;19720901;19720930;   5;   2;    25.2;   -999;      0;   10.0;eor
  5084;19721001;19721031;   5;   2;    22.2;   -999;      0;    7.3;eor
  5084;19721101;19721130;   5;   2;    58.7;   -999;     33;   24.7;eor
  5084;19721201;19721231;   5;   2;     8.4;   -999;      0;    7.4;eor
  5084;19730101;19730131;   5;   2;    26.5;   -999;     15;    6.4;eor
  5084;19730201;19730228;   5;   2;    45.4;   -999;     83;    9.7;eor
  5084;19730301;19730331;   5;   2;    17.1;   -999;     22;    4.7;eor
  5084;19730401;19730430;   5;   2;    50.6;   -999;      3;   11.1;eor
  5084;19730501;19730531;   5;   2;    74.7;   -999;      0;   27.0;eor
  5084;19730601;19730630;   5;   2;    32.9;   -999;      0;   22.0;eor
  5084;19730701;19730731;   5;   2;    55.5;   -999;      0;   12.5;eor
  5084;19730801;19730831;   5;   2;    58.6;   -999;      0;   29.4;eor
  5084;19730901;19730930;   5;   2;    57.0;   -999;      0;   23.8;eor
  5084;19731001;19731031;   5;   2;    89.8;   -999;      0;   16.8;eor
  5084;19731101;19731130;   5;   2;    45.3;   -999;     22;   10.5;eor
  5084;19731201;19731231;   5;   2;    42.6;   -999;     65;   12.2;eor
  5084;19740101;19740131;   5;   2;    39.4;   -999;      0;   10.5;eor
  5084;19740201;19740228;   5;   2;    39.3;   -999;      5;   11.8;eor
  5084;19740301;19740331;   5;   2;    30.3;   -999;      0;    9.0;eor
  5084;19740401;19740430;   5;   2;    19.8;   -999;      0;   12.8;eor
  5084;19740501;19740531;   5;   2;    66.5;   -999;      0;   11.0;eor
  5084;19740601;19740630;   5;   2;    93.9;   -999;      0;   19.8;eor
  5084;19740701;19740731;   5;   2;    78.8;   -999;      0;   22.5;eor
  5084;19740801;19740831;   5;   2;    53.1;   -999;      0;    9.2;eor
  5084;19740901;19740930;   5;   2;    33.9;   -999;      0;    4.5;eor
  5084;19741001;19741031;   5;   2;   131.0;   -999;      0;   22.0;eor
  5084;19741101;19741130;   5;   2;    52.9;   -999;      0;    7.5;eor
  5084;19741201;19741231;   5;   2;   112.3;   -999;     25;   22.5;eor
  5084;19750101;19750131;   5;   2;    33.4;   -999;      0;    4.5;eor
  5084;19750201;19750228;   5;   2;    17.0;   -999;      0;    8.9;eor
  5084;19750301;19750331;   5;   2;    48.6;   -999;      8;   13.6;eor
  5084;19750401;19750430;   5;   2;    58.0;   -999;      5;   12.3;eor
  5084;19750501;19750531;   5;   2;    41.3;   -999;      0;   12.0;eor
  5084;19750601;19750630;   5;   2;    81.4;   -999;      0;   30.0;eor
  5084;19750701;19750731;   5;   2;    38.8;   -999;      0;   22.0;eor
  5084;19750801;19750831;   5;   2;    26.2;   -999;      0;    4.8;eor
  5084;19750901;19750930;   5;   2;    43.2;   -999;      0;   10.0;eor
  5084;19751001;19751031;   5;   2;    31.2;   -999;      0;    4.2;eor
  5084;19751101;19751130;   5;   2;    41.2;   -999;      0;    6.0;eor
  5084;19751201;19751231;   5;   2;    15.4;   -999;      0;    3.0;eor
  5084;19760101;19760131;   5;   2;    99.5;   -999;     21;   15.2;eor
  5084;19760201;19760229;   5;   2;    16.0;   -999;     39;    8.0;eor
  5084;19760301;19760331;   5;   2;    21.1;   -999;      1;    4.8;eor
  5084;19760401;19760430;   5;   2;    16.2;   -999;      0;    6.5;eor
  5084;19760501;19760531;   5;   2;    43.0;   -999;      0;    9.5;eor
  5084;19760601;19760630;   5;   2;    25.3;   -999;      0;   10.0;eor
  5084;19760701;19760731;   5;   2;    60.2;   -999;      0;   22.0;eor
  5084;19760801;19760831;   5;   2;    50.0;   -999;      0;   24.0;eor
  5084;19760901;19760930;   5;   2;    21.6;   -999;      0;    4.5;eor
  5084;19761001;19761031;   5;   2;    20.3;   -999;      0;   11.0;eor
  5084;19761101;19761130;   5;   2;    47.9;   -999;      2;    9.8;eor
  5084;19761201;19761231;   5;   2;    30.5;   -999;     44;    4.3;eor
  5084;19770101;19770131;   5;   2;    43.3;   -999;     82;   11.2;eor
  5084;19770201;19770228;   5;   2;    49.3;   -999;      1;   14.3;eor
  5084;19770301;19770331;   5;   2;    40.1;   -999;      0;   13.2;eor
  5084;19770401;19770430;   5;   2;    57.8;   -999;      0;    7.7;eor
  5084;19770501;19770531;   5;   2;    32.9;   -999;      0;   24.4;eor
  5084;19770601;19770630;   5;   2;    71.2;   -999;      0;   31.0;eor
  5084;19770701;19770731;   5;   2;    37.0;   -999;      0;   19.2;eor
  5084;19770801;19770831;   5;   2;   115.2;   -999;      0;   19.2;eor
  5084;19770901;19770930;   5;   2;    34.0;   -999;      0;   20.5;eor
  5084;19771001;19771031;   5;   2;    33.0;   -999;      0;   12.5;eor
  5084;19771101;19771130;   5;   2;    76.1;   -999;      0;   14.5;eor
  5084;19771201;19771231;   5;   2;    51.8;   -999;      1;   10.0;eor
  5084;19780101;19780131;   5;   2;    17.1;   -999;     27;    4.0;eor
  5084;19780201;19780228;   5;   2;    21.0;   -999;    238;    7.3;eor
  5084;19780301;19780331;   5;   2;    50.8;   -999;      0;    9.0;eor
  5084;19780401;19780430;   5;   2;    12.6;   -999;      0;    5.2;eor
  5084;19780501;19780531;   5;   2;    71.1;   -999;      0;   29.0;eor
  5084;19780601;19780630;   5;   2;    52.3;   -999;      0;   22.0;eor
  5084;19780701;19780731;   5;   2;    44.4;   -999;      0;   11.2;eor
  5084;19780801;19780831;   5;   2;    72.4;   -999;      0;   25.4;eor
  5084;19780901;19780930;   5;   2;    92.9;   -999;      0;   15.4;eor
  5084;19781001;19781031;   5;   2;    11.1;   -999;      0;    3.5;eor
  5084;19781101;19781130;   5;   2;     5.4;   -999;      1;    2.2;eor
  5084;19781201;19781231;   5;   2;    71.9;   -999;     26;   12.0;eor
  5084;19790101;19790131;   5;   2;    32.1;   -999;    579;    4.5;eor
  5084;19790201;19790228;   5;   2;    44.0;   -999;    352;    9.0;eor
  5084;19790301;19790331;   5;   2;    70.8;   -999;     26;   13.0;eor
  5084;19790401;19790430;   5;   2;    54.2;   -999;      0;   11.8;eor
  5084;19790501;19790531;   5;   2;    54.4;   -999;      0;   13.5;eor
  5084;19790601;19790630;   5;   2;    74.2;   -999;      0;   30.0;eor
  5084;19790701;19790731;   5;   2;   102.6;   -999;      0;   36.6;eor
  5084;19790801;19790831;   5;   2;    31.3;   -999;      0;    9.2;eor
  5084;19790901;19790930;   5;   2;    24.6;   -999;      0;    5.7;eor
  5084;19791001;19791031;   5;   2;    12.3;   -999;      0;    6.8;eor
  5084;19791101;19791130;   5;   2;    75.4;   -999;      0;   21.5;eor
  5084;19791201;19791231;   5;   2;    70.5;   -999;      6;   11.5;eor
  5084;19800101;19800131;   5;   2;    20.9;   -999;     61;    3.0;eor
  5084;19800201;19800229;   5;   2;    51.5;   -999;      5;   16.0;eor
  5084;19800301;19800331;   5;   2;    35.5;   -999;      9;    6.2;eor
  5084;19800401;19800430;   5;   2;    53.8;   -999;      8;   10.5;eor
  5084;19800501;19800531;   5;   2;    53.0;   -999;      0;   35.5;eor
  5084;19800601;19800630;   5;   2;   121.1;   -999;      0;   38.0;eor
  5084;19800701;19800731;   5;   2;    94.0;   -999;      0;   13.0;eor
  5084;19800801;19800831;   5;   2;    35.7;   -999;      0;    7.5;eor
  5084;19800901;19800930;   5;   2;    57.1;   -999;      0;   14.0;eor
  5084;19801001;19801031;   5;   2;    37.2;   -999;      0;   12.5;eor
  5084;19801101;19801130;   5;   2;    54.5;   -999;     69;   12.0;eor
  5084;19801201;19801231;   5;   2;    31.2;   -999;    110;    8.2;eor
  5084;19810101;19810131;  10;   2;    70.7;   -999;    445;   12.0;eor
  5084;19810301;19810331;  10;   2;    71.9;   -999;      4;   16.3;eor
  5084;19810401;19810430;  10;   2;    60.7;   -999;      0;   32.6;eor
  5084;19810501;19810531;  10;   2;    92.2;   -999;      0;   26.7;eor
  5084;19810601;19810630;  10;   2;   139.5;   -999;      0;   67.4;eor
  5084;19810701;19810731;  10;   2;    67.1;   -999;      0;   21.2;eor
  5084;19810801;19810831;  10;   2;   135.8;   -999;      0;   48.5;eor
  5084;19810901;19810930;  10;   2;    63.9;   -999;      0;   18.2;eor
  5084;19811001;19811031;  10;   2;    53.6;   -999;      0;   11.0;eor
  5084;19811101;19811130;  10;   2;    55.5;   -999;      0;   11.0;eor
  5084;19811201;19811231;  10;   2;   112.7;   -999;    650;   20.0;eor
  5084;19820101;19820131;  10;   2;    54.4;   -999;     91;   16.8;eor
  5084;19820201;19820228;  10;   2;     7.2;   -999;      1;    3.6;eor
  5084;19820301;19820331;  10;   2;    46.6;   -999;      0;    8.2;eor
  5084;19820401;19820430;  10;   2;    26.9;   -999;      2;    7.1;eor
  5084;19820501;19820531;  10;   2;    82.1;   -999;      0;   33.2;eor
  5084;19820601;19820630;  10;   2;    71.5;   -999;      0;   14.0;eor
  5084;19820701;19820731;  10;   2;    20.3;   -999;      0;   10.5;eor
  5084;19820801;19820831;  10;   2;    28.6;   -999;      0;    5.2;eor
  5084;19820901;19820930;  10;   2;    11.7;   -999;      0;    4.7;eor
  5084;19821001;19821031;  10;   2;    62.5;   -999;      0;   14.5;eor
  5084;19821101;19821130;  10;   2;    25.1;   -999;      0;    5.2;eor
  5084;19821201;19821231;  10;   2;    64.0;   -999;      2;   13.5;eor
  5084;19830101;19830131;  10;   2;    50.1;   -999;      4;    8.3;eor
  5084;19830201;19830228;  10;   2;    34.9;   -999;    220;    5.0;eor
  5084;19830301;19830331;  10;   2;    50.2;   -999;      0;    7.2;eor
  5084;19830401;19830430;  10;   2;   126.3;   -999;      0;   24.0;eor
  5084;19830501;19830531;  10;   2;    88.6;   -999;      0;   33.2;eor
  5084;19830701;19830731;  10;   2;    11.4;   -999;      0;    4.7;eor
  5084;19830801;19830831;  10;   2;    54.2;   -999;      0;   22.6;eor
  5084;19830901;19830930;  10;   2;    44.1;   -999;      0;    8.7;eor
  5084;19831001;19831031;  10;   2;    15.6;   -999;      0;    6.3;eor
  5084;19831101;19831130;  10;   2;    46.0;   -999;     14;   15.0;eor
  5084;19831201;19831231;  10;   2;    31.9;   -999;     12;    6.0;eor
  5084;19840101;19840131;  10;   2;    72.1;   -999;     76;   12.5;eor
  5084;19840201;19840229;  10;   2;    65.0;   -999;     12;   26.2;eor
  5084;19840301;19840331;  10;   2;    28.7;   -999;      0;    7.5;eor
  5084;19840401;19840430;  10;   2;    53.9;   -999;     29;   19.2;eor
  5084;19840601;19840630;  10;   2;    58.9;   -999;      0;   14.8;eor
  5084;19840701;19840731;  10;   2;    64.5;   -999;      0;   12.0;eor
  5084;19840801;19840831;  10;   2;    31.2;   -999;      0;   12.8;eor
  5084;19840901;19840930;  10;   2;   104.6;   -999;      0;   39.5;eor
  5084;19841001;19841031;  10;   2;    59.0;   -999;      0;    8.0;eor
  5084;19841101;19841130;  10;   2;    55.4;   -999;      2;   38.6;eor
  5084;19841201;19841231;  10;   2;    29.3;   -999;     14;   12.0;eor
  5084;19850101;19850131;  10;   2;    43.7;   -999;    524;   16.0;eor
  5084;19850201;19850228;  10;   2;     9.0;   -999;     21;    4.5;eor
  5084;19850301;19850331;  10;   2;    27.1;   -999;     16;    5.5;eor
  5084;19850401;19850430;  10;   2;    45.7;   -999;      0;    8.1;eor
  5084;19850501;19850531;  10;   2;    55.3;   -999;      0;   15.5;eor
  5084;19850601;19850630;  10;   2;    96.1;   -999;      0;   19.1;eor
  5084;19850701;19850731;  10;   2;    60.6;   -999;      0;   13.0;eor
  5084;19850801;19850831;  10;   2;    39.4;   -999;      0;   14.5;eor
  5084;19850901;19850930;  10;   2;    35.6;   -999;      0;   11.0;eor
  5084;19851001;19851031;  10;   2;    27.6;   -999;      0;   18.0;eor
  5084;19851101;19851130;  10;   2;    46.0;   -999;    105;    7.8;eor
  5084;19851201;19851231;  10;   2;    63.8;   -999;     33;   11.8;eor
  5084;19860101;19860131;  10;   2;    86.8;   -999;     65;   13.0;eor
  5084;19860201;19860228;  10;   2;    15.5;   -999;    181;    5.0;eor
  5084;19860301;19860331;  10;   2;    65.8;   -999;     42;   17.5;eor
  5084;19860401;19860430;  10;   2;    58.8;   -999;      3;    9.4;eor
  5084;19860501;19860531;  10;   2;   109.4;   -999;      0;   27.2;eor
  5084;19860601;19860630;  10;   2;    85.0;   -999;      0;   19.5;eor
  5084;19860701;19860731;  10;   2;    42.9;   -999;      0;    8.7;eor
  5084;19860801;19860831;  10;   2;    53.5;   -999;      0;   11.5;eor
  5084;19860901;19860930;  10;   2;    50.6;   -999;      0;   14.0;eor
  5084;19861001;19861031;  10;   2;    66.2;   -999;      0;   31.2;eor
  5084;19861101;19861130;  10;   2;    11.7;   -999;      0;    2.2;eor
  5084;19861201;19861231;  10;   2;    76.4;   -999;     66;   11.0;eor
  5084;19870101;19870131;  10;   2;    85.8;   -999;    631;   25.7;eor
  5084;19870201;19870228;  10;   2;    40.2;   -999;    208;    9.4;eor
  5084;19870301;19870331;  10;   2;    62.1;   -999;    277;   20.1;eor
  5084;19870401;19870430;  10;   2;    28.5;   -999;      0;   16.4;eor
  5084;19870501;19870531;  10;   2;    73.0;   -999;      0;   16.8;eor
  5084;19870601;19870630;  10;   2;   102.0;   -999;      0;   18.8;eor
  5084;19870701;19870731;  10;   2;    53.7;   -999;      0;   10.8;eor
  5084;19870801;19870831;  10;   2;   106.8;   -999;      0;   39.2;eor
  5084;19870901;19870930;  10;   2;    59.2;   -999;      0;   28.1;eor
  5084;19871001;19871031;  10;   2;    38.0;   -999;      0;   11.8;eor
  5084;19871101;19871130;  10;   2;    53.1;   -999;      0;    9.4;eor
  5084;19871201;19871231;  10;   2;    41.8;   -999;      1;   14.0;eor
  5084;19880101;19880131;  10;   2;    58.4;   -999;      0;    8.2;eor
  5084;19880201;19880229;  10;   2;    81.2;   -999;     21;   11.3;eor
  5084;19880301;19880331;  10;   2;   105.4;   -999;     53;   17.3;eor
  5084;19880401;19880430;  10;   2;    21.5;   -999;      0;    9.0;eor
  5084;19880501;19880531;  10;   2;    12.1;   -999;      0;    3.2;eor
  5084;19880601;19880630;  10;   2;    22.2;   -999;      0;    8.9;eor
  5084;19880701;19880731;  10;   2;    72.7;   -999;      0;   12.6;eor
  5084;19880801;19880831;  10;   2;    31.4;   -999;      0;   11.7;eor
  5084;19880901;19880930;  10;   2;    35.6;   -999;      0;    7.4;eor
  5084;19881001;19881031;  10;   2;    23.1;   -999;      0;    6.4;eor
  5084;19881101;19881130;  10;   2;    80.4;   -999;     12;   21.8;eor
  5084;19881201;19881231;  10;   2;   113.3;   -999;     11;   31.8;eor
  5084;19890101;19890131;  10;   2;    19.6;   -999;      0;    3.8;eor
  5084;19890201;19890228;  10;   2;    32.3;   -999;      0;   10.3;eor
  5084;19890301;19890331;  10;   2;    54.7;   -999;      0;   13.8;eor
  5084;19890401;19890430;  10;   2;    29.6;   -999;      0;    5.7;eor
  5084;19890501;19890531;  10;   2;    35.8;   -999;      0;   16.5;eor
  5084;19890601;19890630;  10;   2;    60.6;   -999;      0;   11.7;eor
  5084;19890701;19890731;  10;   2;    59.8;   -999;      0;   17.4;eor
  5084;19890801;19890831;  10;   2;    36.9;   -999;      0;   12.7;eor
  5084;19890901;19890930;  10;   2;    64.2;   -999;      0;   36.2;eor
  5084;19891001;19891031;  10;   2;    65.7;   -999;      0;   12.8;eor
  5084;19891101;19891130;  10;   2;    50.3;   -999;      0;   13.6;eor
  5084;19891201;19891231;  10;   2;    85.3;   -999;      1;   13.5;eor
  5084;19900101;19900131;  10;   2;    30.4;   -999;      0;   12.7;eor
  5084;19900201;19900228;  10;   2;    92.9;   -999;      0;   20.1;eor
  5084;19900301;19900331;  10;   2;    21.9;   -999;      0;    3.9;eor
  5084;19900401;19900430;  10;   2;    56.8;   -999;      0;   11.6;eor
  5084;19900501;19900531;  10;   2;    15.2;   -999;      0;    4.9;eor
  5084;19900601;19900630;  10;   2;    75.2;   -999;      0;   28.0;eor
  5084;19900701;19900731;  10;   2;    27.1;   -999;      0;    8.3;eor
  5084;19900801;19900831;  10;   2;    66.2;   -999;      0;   18.4;eor
  5084;19900901;19900930;  10;   2;    81.0;   -999;      0;   22.2;eor
  5084;19901001;19901031;  10;   2;    32.1;   -999;      0;   13.4;eor
  5084;19901101;19901130;  10;   2;    59.0;   -999;      0;   11.3;eor
  5084;19901201;19901231;  10;   2;    55.6;   -999;     17;   12.9;eor
  5084;19910101;19910131;  10;   2;    38.4;   -999;   -999;   10.4;eor
  5084;19910201;19910228;  10;   2;    24.8;   -999;   -999;   10.3;eor
  5084;19910301;19910331;  10;   2;    28.9;   -999;   -999;   12.3;eor
  5084;19910401;19910430;  10;   2;    32.6;   -999;   -999;   14.1;eor
  5084;19910501;19910531;  10;   2;    23.9;   -999;   -999;    5.9;eor
  5084;19910601;19910630;  10;   2;    57.6;   -999;   -999;   10.8;eor
  5084;19910701;19910731;  10;   2;    31.4;   -999;   -999;   10.3;eor
  5084;19910801;19910831;  10;   2;    33.9;   -999;   -999;    5.1;eor
  5084;19910901;19910930;  10;   2;    39.9;   -999;   -999;   14.2;eor
  5084;19911001;19911031;  10;   2;    29.8;   -999;   -999;    8.0;eor
  5084;19911101;19911130;  10;   2;    54.8;   -999;   -999;    6.4;eor
  5084;19911201;19911231;  10;   2;    67.0;   -999;   -999;   18.4;eor
  5084;19920101;19920131;  10;   2;    19.1;   -999;   -999;    5.6;eor
  5084;19920201;19920229;  10;   2;    27.3;   -999;   -999;    7.8;eor
  5084;19920301;19920331;  10;   2;    80.7;   -999;   -999;   12.3;eor
  5084;19920401;19920430;  10;   2;    34.4;   -999;   -999;   11.0;eor
  5084;19920501;19920531;  10;   2;    34.0;   -999;   -999;   11.6;eor
  5084;19920601;19920630;  10;   2;   103.9;   -999;   -999;   24.8;eor
  5084;19920701;19920731;  10;   2;   123.7;   -999;   -999;   56.7;eor
  5084;19920801;19920831;  10;   2;    77.1;   -999;   -999;   18.3;eor
  5084;19920901;19920930;  10;   2;    35.5;   -999;   -999;   15.2;eor
  5084;19921001;19921031;  10;   2;    52.2;   -999;   -999;   13.2;eor
  5084;19921101;19921130;  10;   2;    75.3;   -999;   -999;   10.4;eor
  5084;19921201;19921231;  10;   2;    51.8;   -999;   -999;   13.6;eor
  5084;19930101;19930131;  10;   2;    84.9;   -999;   -999;   20.2;eor
  5084;19930201;19930228;  10;   2;    26.6;   -999;   -999;    7.2;eor
  5084;19930301;19930331;  10;   2;    11.4;   -999;   -999;    3.4;eor
  5084;19930401;19930430;  10;   2;    15.7;   -999;   -999;    3.6;eor
  5084;19930501;19930531;  10;   2;    96.4;   -999;   -999;   24.3;eor
  5084;19930601;19930630;  10;   2;    59.3;   -999;   -999;   14.3;eor
  5084;19930701;19930731;  10;   2;   121.7;   -999;   -999;   41.8;eor
  5084;19930801;19930831;  10;   2;    49.5;   -999;   -999;   15.6;eor
  5084;19930901;19930930;  10;   2;    61.5;   -999;   -999;    8.6;eor
  5084;19931001;19931031;  10;   2;    48.9;   -999;   -999;   14.2;eor
  5084;19931101;19931130;  10;   2;    37.3;   -999;   -999;   18.4;eor
  5084;19931201;19931231;  10;   2;   130.6;   -999;   -999;   16.8;eor
  5084;19940101;19940131;  10;   2;    79.3;   -999;   -999;   12.8;eor
  5084;19940201;19940228;  10;   2;    29.0;   -999;   -999;    5.5;eor
  5084;19940301;19940331;  10;   2;    81.8;   -999;   -999;   16.9;eor
  5084;19940401;19940430;  10;   2;    71.4;   -999;   -999;   23.7;eor
  5084;19940501;19940531;  10;   2;    90.1;   -999;   -999;   26.9;eor
  5084;19940601;19940630;  10;   2;    50.9;   -999;   -999;   12.9;eor
  5084;19940701;19940731;  10;   2;    71.1;   -999;   -999;   25.8;eor
  5084;19940801;19940831;  10;   2;    92.9;   -999;   -999;   23.3;eor
  5084;19940901;19940930;  10;   2;    70.5;   -999;   -999;   27.7;eor
  5084;19941001;19941031;  10;   2;    50.0;   -999;   -999;    9.3;eor
  5084;19941101;19941130;  10;   2;    59.5;   -999;   -999;   14.9;eor
  5084;19941201;19941231;  10;   2;    53.2;   -999;   -999;   11.4;eor
  5084;19950101;19950131;  10;   2;   107.6;   -999;   -999;   10.1;eor
  5084;19950201;19950228;  10;   2;    64.7;   -999;   -999;    8.7;eor
  5084;19950301;19950331;  10;   2;    55.7;   -999;   -999;   10.3;eor
  5084;19950401;19950430;  10;   2;    76.8;   -999;   -999;   16.4;eor
  5084;19950501;19950531;  10;   2;    86.7;   -999;   -999;   26.3;eor
  5084;19950601;19950630;  10;   2;    54.1;   -999;   -999;   13.2;eor
  5084;19950701;19950731;  10;   2;    61.5;   -999;   -999;   14.9;eor
  5084;19950801;19950831;  10;   2;    47.5;   -999;   -999;   13.1;eor
  5084;19950901;19950930;  10;   2;    90.5;   -999;   -999;   15.8;eor
  5084;19951001;19951031;  10;   2;     5.8;   -999;   -999;    2.1;eor
  5084;19951101;19951130;  10;   2;    50.0;   -999;   -999;   11.2;eor
  5084;19951201;19951231;  10;   2;    26.8;   -999;   -999;    5.8;eor
  5084;19960101;19960131;  10;   2;     1.4;   -999;   -999;    1.0;eor
  5084;19960201;19960229;  10;   2;    52.3;   -999;   -999;    7.1;eor
  5084;19960301;19960331;  10;   2;    22.4;   -999;   -999;    9.8;eor
  5084;19960401;19960430;  10;   2;    24.7;   -999;   -999;   10.1;eor
  5084;19960501;19960531;  10;   2;    77.5;   -999;   -999;   11.9;eor
  5084;19960601;19960630;  10;   2;    37.6;   -999;   -999;    9.5;eor
  5084;19960701;19960731;  10;   2;    70.4;   -999;   -999;   21.9;eor
  5084;19960801;19960831;  10;   2;    59.1;   -999;   -999;   24.0;eor
  5084;19960901;19960930;  10;   2;    26.1;   -999;   -999;    8.9;eor
  5084;19961001;19961031;  10;   2;   101.3;   -999;   -999;   24.2;eor
  5084;19961101;19961130;  10;   2;    73.0;   -999;   -999;   14.7;eor
  5084;19961201;19961231;  10;   2;    47.2;   -999;   -999;   14.8;eor
  5084;19970101;19970131;  10;   2;     7.2;   -999;   -999;    1.6;eor
  5084;19970201;19970228;  10;   2;    97.3;   -999;   -999;   20.1;eor
  5084;19970301;19970331;  10;   2;    33.9;   -999;   -999;   10.3;eor
  5084;19970401;19970430;  10;   2;    33.5;   -999;   -999;    6.6;eor
  5084;19970501;19970531;  10;   2;    79.7;   -999;   -999;   32.7;eor
  5084;19970601;19970630;  10;   2;    66.0;   -999;   -999;   12.9;eor
  5084;19970701;19970731;  10;   2;    83.8;   -999;   -999;   16.8;eor
  5084;19970801;19970831;  10;   2;    17.1;   -999;   -999;    7.8;eor
  5084;19970901;19970930;  10;   2;    16.9;   -999;   -999;    7.6;eor
  5084;19971001;19971031;  10;   2;    56.4;   -999;   -999;   14.7;eor
  5084;19971101;19971130;  10;   2;    41.1;   -999;   -999;   16.8;eor
  5084;19971201;19971231;  10;   2;    88.7;   -999;   -999;   17.8;eor
  5084;19980101;19980131;  10;   2;    38.7;   -999;   -999;    6.8;eor
  5084;19980201;19980228;  10;   2;    13.1;   -999;   -999;    4.3;eor
  5084;19980301;19980331;  10;   2;    50.0;   -999;   -999;   13.1;eor
  5084;19980401;19980430;  10;   2;    65.8;   -999;   -999;   14.8;eor
  5084;19980501;19980531;  10;   2;    37.8;   -999;   -999;   12.6;eor
  5084;19980601;19980630;  10;   2;    65.8;   -999;   -999;   24.3;eor
  5084;19980701;19980731;  10;   2;    68.4;   -999;   -999;   11.8;eor
  5084;19980801;19980831;  10;   2;    43.4;   -999;   -999;   21.3;eor
  5084;19980901;19980930;  10;   2;   125.2;   -999;   -999;   24.8;eor
  5084;19981001;19981031;  10;   2;   150.1;   -999;   -999;   23.4;eor
  5084;19981101;19981130;  10;   2;    78.3;   -999;   -999;   12.3;eor
  5084;19981201;19981231;  10;   2;    33.1;   -999;   -999;    4.5;eor
  5084;19990101;19990131;  10;   2;    49.7;   -999;   -999;    8.7;eor
  5084;19990201;19990228;  10;   2;    56.5;   -999;   -999;    8.0;eor
  5084;19990301;19990331;  10;   2;    35.1;   -999;   -999;    6.7;eor
  5084;19990401;19990430;  10;   2;    60.4;   -999;   -999;   14.9;eor
  5084;19990501;19990531;  10;   2;    50.2;   -999;   -999;   13.5;eor
  5084;19990601;19990630;  10;   2;    65.7;   -999;   -999;   13.4;eor
  5084;19990701;19990731;  10;   2;    70.9;   -999;   -999;   28.6;eor
  5084;19990801;19990831;  10;   2;    57.8;   -999;   -999;   18.9;eor
  5084;19990901;19990930;  10;   2;    26.7;   -999;   -999;    7.8;eor
  5084;19991001;19991031;  10;   2;    25.5;   -999;   -999;    7.6;eor
  5084;19991101;19991130;  10;   2;    75.6;   -999;   -999;   21.3;eor
  5084;19991201;19991231;  10;   2;   102.9;   -999;   -999;   26.4;eor
  5084;20000101;20000131;  10;   2;    54.8;   -999;   -999;   18.5;eor
  5084;20000201;20000229;  10;   2;    80.5;   -999;   -999;   13.8;eor
  5084;20000301;20000331;  10;   2;    93.1;   -999;   -999;   11.2;eor
  5084;20000401;20000430;  10;   2;    33.8;   -999;   -999;    8.6;eor
  5084;20000501;20000531;  10;   2;    27.6;   -999;   -999;    6.3;eor
  5084;20000601;20000630;  10;   2;    67.7;   -999;   -999;   18.4;eor
  5084;20000701;20000731;  10;   2;   126.7;   -999;   -999;   26.1;eor
  5084;20000801;20000831;  10;   2;    55.8;   -999;   -999;   22.3;eor
  5084;20000901;20000930;  10;   2;    78.0;   -999;   -999;   16.7;eor
  5084;20001001;20001031;  10;   2;    45.8;   -999;   -999;    7.6;eor
  5084;20001101;20001130;  10;   2;    46.2;   -999;   -999;   10.0;eor
  5084;20001201;20001231;  10;   2;    31.2;   -999;   -999;    4.5;eor
  5084;20010101;20010131;  10;   2;    58.8;   -999;   -999;   14.4;eor
  5084;20010201;20010228;  10;   2;    45.8;   -999;   -999;    8.9;eor
  5084;20010301;20010331;  10;   2;    76.1;   -999;   -999;   14.7;eor
  5084;20010401;20010430;  10;   2;    38.8;   -999;   -999;    6.5;eor
  5084;20010501;20010531;  10;   2;    41.3;   -999;   -999;   12.5;eor
  5084;20010601;20010630;  10;   2;    87.4;   -999;   -999;   14.7;eor
  5084;20010701;20010731;  10;   2;    98.4;   -999;   -999;   19.4;eor
  5084;20010801;20010831;  10;   2;    34.0;   -999;   -999;    8.6;eor
  5084;20010901;20010930;  10;   2;   107.7;   -999;   -999;   13.9;eor
  5084;20011001;20011031;  10;   2;    18.3;   -999;   -999;    3.5;eor
  5084;20011101;20011130;  10;   2;    82.2;   -999;   -999;   19.1;eor
  5084;20011201;20011231;  10;   2;    68.0;   -999;   -999;   10.2;eor
  5084;20020101;20020131;  10;   2;    32.1;   -999;   -999;    7.6;eor
  5084;20020201;20020228;  10;   2;    84.7;   -999;   -999;   14.4;eor
  5084;20020301;20020331;  10;   2;    56.0;   -999;   -999;   15.1;eor
  5084;20020401;20020430;  10;   2;    48.1;   -999;   -999;    8.7;eor
  5084;20020501;20020531;  10;   2;    84.0;   -999;   -999;   18.6;eor
  5084;20020601;20020630;  10;   2;    91.0;   -999;   -999;   24.8;eor
  5084;20020701;20020731;  10;   2;    71.8;   -999;   -999;   20.0;eor
  5084;20020801;20020831;  10;   2;   101.9;   -999;   -999;   27.3;eor
  5084;20020901;20020930;  10;   2;    40.9;   -999;   -999;   15.7;eor
  5084;20021001;20021031;  10;   2;   108.5;   -999;   -999;   23.0;eor
  5084;20021101;20021130;  10;   2;   104.3;   -999;   -999;   22.4;eor
  5084;20021201;20021231;  10;   2;    77.0;   -999;   -999;   21.4;eor
  5084;20030101;20030131;  10;   2;    59.2;     13;     39;   12.1;eor
  5084;20030201;20030228;  10;   2;    15.4;     10;     23;    5.4;eor
  5084;20030301;20030331;  10;   2;    26.7;      0;      0;    6.4;eor
  5084;20030401;20030430;  10;   2;    31.8;      4;      4;    7.7;eor
  5084;20030501;20030531;  10;   2;    45.4;      0;      0;    8.2;eor
  5084;20030601;20030630;  10;   2;    47.5;      0;      0;   17.4;eor
  5084;20030701;20030731;  10;   2;    34.4;      0;      0;    6.3;eor
  5084;20030801;20030831;  10;   2;    17.0;      0;      0;    5.7;eor
  5084;20030901;20030930;  10;   2;    55.9;      0;      0;   20.1;eor
  5084;20031001;20031031;  10;   2;    33.9;      0;      0;    9.4;eor
  5084;20031101;20031130;  10;   2;    45.8;      0;      0;   13.9;eor
  5084;20031201;20031231;  10;   2;    54.8;      1;      1;   14.2;eor
  5084;20040101;20040131;  10;   2;    73.6;     14;     25;   14.2;eor
  5084;20040201;20040229;  10;   2;    49.4;     11;     11;   12.9;eor
  5084;20040301;20040331;  10;   2;    37.4;     13;     16;   10.0;eor
  5084;20040401;20040430;  10;   2;    34.4;      0;      0;    9.4;eor
  5084;20040501;20040531;  10;   2;   104.2;      0;      0;   26.9;eor
  5084;20040601;20040630;  10;   2;    56.9;      0;      0;   18.2;eor
  5084;20040701;20040731;  10;   2;   113.0;      0;      0;   21.6;eor
  5084;20040801;20040831;  10;   2;    87.2;      0;      0;   26.6;eor
  5084;20040901;20040930;  10;   2;    47.1;      0;      0;    9.9;eor
  5084;20041001;20041031;  10;   2;    15.5;      0;      0;    8.3;eor
  5084;20041101;20041130;  10;   2;    79.9;      2;      2;   34.4;eor
  5084;20041201;20041231;  10;   2;    29.4;      1;      1;   11.8;eor
  5084;20050101;20050131;  10;   2;    67.5;     12;     66;   15.7;eor
  5084;20050201;20050228;  10;   2;    63.5;     42;    124;   11.3;eor
  5084;20050301;20050331;  10;   2;    39.8;      8;     56;    9.8;eor
  5084;20050401;20050430;  10;   2;    36.2;      0;      0;    6.6;eor
  5084;20050501;20050531;  10;   2;    85.2;      0;      0;   32.5;eor
  5084;20050601;20050630;  10;   2;   102.7;      0;      0;   45.9;eor
  5084;20050701;20050731;  10;   2;    61.7;      0;      0;   12.1;eor
  5084;20050801;20050831;  10;   2;    63.5;      0;      0;   26.1;eor
  5084;20050901;20050930;  10;   2;    94.2;      0;      0;   40.3;eor
  5084;20051001;20051031;  10;   2;    22.9;      0;      0;    9.7;eor
  5084;20051101;20051130;  10;   2;    46.5;      6;     10;   12.9;eor
  5084;20051201;20051231;  10;   2;    78.6;     30;     70;   12.2;eor
  5084;20060101;20060131;  10;   2;    23.3;     16;     34;    4.6;eor
  5084;20060201;20060228;  10;   2;    43.5;     22;     75;    7.6;eor
  5084;20060301;20060331;  10;   2;    76.1;     43;     75;   13.0;eor
  5084;20060401;20060430;  10;   2;    52.0;      0;      0;    9.1;eor
  5084;20060501;20060531;  10;   2;   108.8;      0;      0;   20.3;eor
  5084;20060601;20060630;  10;   2;    37.6;      0;      0;   18.0;eor
  5084;20060701;20060731;  10;   2;    82.7;      0;      0;   26.8;eor
  5084;20060801;20060831;  10;   2;   102.9;      0;      0;   16.3;eor
  5084;20060901;20060930;  10;   2;     5.8;      0;      0;    4.0;eor
  5084;20061001;20061031;  10;   2;    34.0;      0;      0;    7.2;eor
  5084;20061101;20061130;  10;   2;    53.5;      0;      0;    9.0;eor
  5084;20061201;20061231;  10;   2;    29.6;      0;      0;    6.2;eor
  5084;20070101;20070131;  10;   2;    78.6;      8;      9;   13.0;eor
  5084;20070201;20070228;  10;   2;    54.6;   -999;   -999;    7.0;eor
  5084;20070301;20070331;  10;   2;    67.2;   -999;   -999;   19.1;eor
  5084;20070401;20070430;  10;   2;     4.5;   -999;   -999;    2.4;eor
  5084;20070501;20070531;  10;   2;   131.8;      0;      0;   27.0;eor
  5084;20070601;20070630;  10;   2;    61.6;      0;      0;   12.8;eor
  5084;20070701;20070731;  10;   2;   127.5;      0;      0;   33.4;eor
  5084;20070801;20070831;  10;   2;    53.1;      0;      0;   17.8;eor
  5084;20070901;20070930;  10;   2;   164.7;      0;      0;   52.5;eor
  5084;20071001;20071031;  10;   2;    15.9;      0;      0;    3.3;eor
  5084;20071101;20071130;  10;   2;    99.7;      2;      2;   14.5;eor
  5084;20071201;20071231;  10;   2;    41.7;      5;     20;    9.8;eor
  5084;20080101;20080131;  10;   2;    49.2;      0;      0;   10.8;eor
  5084;20080201;20080229;  10;   2;    36.1;      0;      0;   15.3;eor
  5084;20080301;20080331;  10;   2;    70.4;     27;     31;    7.9;eor
  5084;20080401;20080430;  10;   2;    65.0;      0;      0;   10.0;eor
  5084;20080501;20080531;  10;   2;    11.4;      0;      0;    3.4;eor
  5084;20080601;20080630;  10;   2;    54.3;      0;      0;   23.3;eor
  5084;20080701;20080731;  10;   2;    50.8;      0;      0;    8.7;eor
  5084;20080801;20080831;  10;   2;    52.6;      0;      0;   15.9;eor
  5084;20080901;20080930;  10;   2;    35.7;      0;      0;   11.4;eor
  5084;20081001;20081031;  10;   2;    66.7;      0;      0;   14.2;eor
  5084;20081101;20081130;  10;   2;    39.5;     28;     82;    9.8;eor
  5084;20081201;20081231;  10;   2;    44.2;     18;     59;    8.0;eor
  5084;20090101;20090131;  10;   2;    24.6;      7;     75;   12.9;eor
  5084;20090201;20090228;  10;   2;    76.8;     41;    158;    9.0;eor
  5084;20090301;20090331;  10;   2;    71.7;      3;      3;   11.0;eor
  5084;20090401;20090430;  10;   2;    43.1;      0;      0;   13.0;eor
  5084;20090501;20090531;  10;   2;    79.7;      0;      0;   26.6;eor
  5084;20090601;20090630;  10;   2;    55.7;      0;      0;   15.8;eor
  5084;20090701;20090731;  10;   2;   157.7;      0;      0;   27.9;eor
  5084;20090801;20090831;  10;   2;    38.1;      0;      0;   12.6;eor
  5084;20090901;20090930;  10;   2;    84.3;      0;      0;   38.3;eor
  5084;20091001;20091031;  10;   2;    64.4;      0;      0;   15.5;eor
  5084;20091101;20091130;  10;   2;    87.1;      0;      0;   13.1;eor
  5084;20091201;20091231;  10;   2;    90.8;     13;     26;   18.2;eor
  5084;20100101;20100131;  10;   2;    40.3;     58;    458;    6.7;eor
  5084;20100201;20100228;  10;   2;    33.0;     21;    722;   12.2;eor
  5084;20100301;20100331;  10;   2;    49.6;     10;     33;    8.2;eor
  5084;20100401;20100430;  10;   2;    22.1;   -999;   -999;    5.4;eor
  5084;20100501;20100531;  10;   2;    82.2;   -999;   -999;   20.8;eor
  5084;20100601;20100630;  10;   2;    24.5;   -999;   -999;   13.3;eor
  5084;20100701;20100731;  10;   2;    55.6;   -999;   -999;   15.7;eor
  5084;20100801;20100831;  10;   2;   149.0;   -999;   -999;   24.0;eor
  5084;20100901;20100930;  10;   2;    80.7;   -999;   -999;   31.9;eor
  5084;20101001;20101031;  10;   2;    34.2;   -999;   -999;   14.9;eor
  5084;20101101;20101130;   7;   2;    92.3;     10;     23;   15.6;eor
  5084;20101201;20101231;   7;   2;    77.2;     76;    699;   12.2;eor
  5084;20110101;20110131;-999;-999;    -999;   -999;   -999;   10.4;eor
  5084;20110201;20110228;   3;   2;    24.8;      7;      7;    9.4;eor
  5084;20110301;20110331;   3;   2;     9.3;      0;      0;    5.2;eor
  5084;20110401;20110430;   3;   2;    22.7;      0;      0;    7.0;eor
  5084;20110501;20110531;   3;   2;    30.5;      0;      0;   17.0;eor
  5084;20110601;20110630;   3;   2;   139.5;      0;      0;   36.6;eor
  5084;20110701;20110731;   3;   2;    55.7;      0;      0;   22.4;eor
  5084;20110801;20110831;   3;   2;    72.9;      0;      0;   13.9;eor
  5084;20110901;20110930;   3;   2;    63.4;      0;      0;   34.7;eor
  5084;20111001;20111031;   3;   2;    53.9;      0;      0;   14.4;eor
  5084;20111101;20111130;   3;   2;     0.8;      0;      0;    0.7;eor
  5084;20111201;20111231;   3;   2;   111.7;      8;      8;   21.8;eor
  5084;20120101;20120131;   3;   2;   106.4;      5;     10;   17.7;eor
  5084;20120201;20120229;   3;   2;    20.8;     11;     49;    7.4;eor
  5084;20120301;20120331;   3;   2;    14.5;      0;      0;    5.8;eor
  5084;20120401;20120430;   3;   2;    34.2;      0;      0;   10.0;eor
  5084;20120501;20120531;   3;   2;    49.5;      0;      0;   19.0;eor
  5084;20120601;20120630;   3;   2;    85.6;      0;      0;   21.4;eor
  5084;20120701;20120731;   3;   2;   146.6;      0;      0;   26.8;eor
  5084;20120801;20120831;   3;   2;    57.0;      0;      0;   11.5;eor
  5084;20120901;20120930;   3;   2;    27.2;      0;      0;    8.2;eor
  5084;20121001;20121031;   3;   2;    47.1;     10;     16;   10.0;eor
  5084;20121101;20121130;   3;   2;    29.9;      0;      0;    9.2;eor
  5084;20121201;20121231;   3;   2;    98.3;     46;    197;   20.4;eor
  5084;20130101;20130131;   3;   2;    50.1;     21;    154;    7.8;eor
  5084;20130201;20130228;   3;   2;    44.9;     36;    133;    7.6;eor
  5084;20130301;20130331;   3;   2;    23.7;     26;     87;    5.1;eor
  5084;20130401;20130430;   3;   2;    48.6;      0;      0;   12.8;eor
  5084;20130501;20130531;   3;   2;   159.0;      0;      0;   22.9;eor
  5084;20130601;20130630;   3;   2;    43.3;      0;      0;   10.3;eor
  5084;20130701;20130731;   3;   2;    39.8;   -999;   -999;   14.1;eor
  5084;20130801;20130831;   3;   2;    37.8;      0;      0;   12.3;eor
  5084;20130901;20130930;   3;   2;    66.5;      0;      0;   16.6;eor
  5084;20131001;20131031;   3;   2;   114.9;      0;      0;   44.5;eor
  5084;20131101;20131130;   3;   2;    89.3;      0;      0;   21.5;eor
  5084;20131201;20131231;   3;   2;    28.8;      3;      3;    7.1;eor
  5084;20140101;20140131;   3;   2;    36.4;     17;     72;    7.5;eor
  5084;20140201;20140228;   3;   2;    16.8;   -999;     26;    6.7;eor
  5084;20140301;20140331;   3;   2;     8.4;   -999;   -999;    2.3;eor
  5084;20140401;20140430;   3;   2;    25.0;   -999;   -999;    8.4;eor
  5084;20140501;20140531;   3;   2;   123.3;   -999;   -999;   35.3;eor
  5084;20140601;20140630;   3;   2;    34.6;   -999;   -999;   12.8;eor
  5084;20140701;20140731;   3;   2;   141.3;   -999;   -999;   36.9;eor
  5084;20140801;20140831;   3;   2;    78.0;   -999;   -999;   14.7;eor
  5084;20140901;20140930;   3;   2;    90.1;   -999;   -999;   41.1;eor
  5084;20141001;20141031;   3;   2;    63.8;   -999;   -999;   14.8;eor
  5084;20141101;20141130;   3;   2;    17.4;   -999;   -999;    7.6;eor
  5084;20141201;20141231;   3;   2;    47.4;      9;     13;    5.8;eor
