STATIONS_ID; MESS_DATUM_BEGINN; MESS_DATUM_ENDE; QUALITAETS_NIVEAU; ART; NIEDERSCHLAGSHOEHE;NEUSCHNEEHOEHE;SCHNEEHOEHE; max(NIEDERSCHLAGSHOEHE);eor
  1085;18910101;18910131;   5;   2;    55.0;   -999;   -999;-999;eor
  1085;18910201;18910228;   5;   2;     8.0;   -999;   -999;-999;eor
  1085;18910301;18910331;   5;   2;    82.0;   -999;   -999;-999;eor
  1085;18910401;18910430;   5;   2;    66.0;   -999;   -999;-999;eor
  1085;18910501;18910531;   5;   2;    63.0;   -999;   -999;-999;eor
  1085;18910601;18910630;   5;   2;   111.0;   -999;   -999;-999;eor
  1085;18910701;18910731;   5;   2;   117.0;   -999;   -999;-999;eor
  1085;18910801;18910831;   5;   2;    69.0;   -999;   -999;-999;eor
  1085;18910901;18910930;   5;   2;    13.0;   -999;   -999;-999;eor
  1085;18911001;18911031;   5;   2;    20.0;   -999;   -999;-999;eor
  1085;18911101;18911130;   5;   2;    24.0;   -999;   -999;-999;eor
  1085;18911201;18911231;   5;   2;    96.0;   -999;   -999;-999;eor
  1085;18920101;18920131;   5;   2;    40.0;   -999;   -999;-999;eor
  1085;18920201;18920229;   5;   2;    33.0;   -999;   -999;-999;eor
  1085;18920301;18920331;   5;   2;    35.0;   -999;   -999;-999;eor
  1085;18920401;18920430;   5;   2;    24.0;   -999;   -999;-999;eor
  1085;18920501;18920531;   5;   2;    31.0;   -999;   -999;-999;eor
  1085;18920601;18920630;   5;   2;    62.0;   -999;   -999;-999;eor
  1085;18920701;18920731;   5;   2;    47.0;   -999;   -999;-999;eor
  1085;18920801;18920831;   5;   2;    47.0;   -999;   -999;-999;eor
  1085;18920901;18920930;   5;   2;   108.0;   -999;   -999;-999;eor
  1085;18921001;18921031;   5;   2;    50.0;   -999;   -999;-999;eor
  1085;18921101;18921130;   5;   2;    33.0;   -999;   -999;-999;eor
  1085;18921201;18921231;   5;   2;    49.0;   -999;   -999;-999;eor
  1085;18930101;18930131;   5;   2;    27.0;   -999;   -999;-999;eor
  1085;18930201;18930228;   5;   2;    92.0;   -999;   -999;-999;eor
  1085;18930301;18930331;   5;   2;    28.0;   -999;   -999;-999;eor
  1085;18930401;18930430;   5;   2;     2.0;   -999;   -999;-999;eor
  1085;18930501;18930531;   5;   2;    19.0;   -999;   -999;-999;eor
  1085;18930601;18930630;   5;   2;    30.0;   -999;   -999;-999;eor
  1085;18930701;18930731;   5;   2;    94.0;   -999;   -999;-999;eor
  1085;18930801;18930831;   5;   2;    33.0;   -999;   -999;-999;eor
  1085;18930901;18930930;   5;   2;    95.0;   -999;   -999;-999;eor
  1085;18931001;18931031;   5;   2;   109.0;   -999;   -999;-999;eor
  1085;18931101;18931130;   5;   2;    75.0;   -999;   -999;-999;eor
  1085;18931201;18931231;   5;   2;    39.0;   -999;   -999;-999;eor
  1085;18940101;18940131;   5;   2;    58.0;   -999;   -999;-999;eor
  1085;18940201;18940228;   5;   2;   102.0;   -999;   -999;-999;eor
  1085;18940301;18940331;   5;   2;    28.0;   -999;   -999;-999;eor
  1085;18940401;18940430;   5;   2;    63.0;   -999;   -999;-999;eor
  1085;18940501;18940531;   5;   2;    14.0;   -999;   -999;-999;eor
  1085;18940601;18940630;   5;   2;    89.0;   -999;   -999;-999;eor
  1085;18940701;18940731;   5;   2;    92.0;   -999;   -999;-999;eor
  1085;18940801;18940831;   5;   2;   114.0;   -999;   -999;-999;eor
  1085;18940901;18940930;   5;   2;    61.0;   -999;   -999;-999;eor
  1085;18941001;18941031;   5;   2;    88.0;   -999;   -999;-999;eor
  1085;18941101;18941130;   5;   2;    42.0;   -999;   -999;-999;eor
  1085;18941201;18941231;   5;   2;    65.0;   -999;   -999;-999;eor
  1085;18950101;18950131;   5;   2;    65.0;   -999;   -999;-999;eor
  1085;18950201;18950228;   5;   2;    11.0;   -999;   -999;-999;eor
  1085;18950301;18950331;   5;   2;    58.0;   -999;   -999;-999;eor
  1085;18950401;18950430;   5;   2;    54.0;   -999;   -999;-999;eor
  1085;18950501;18950531;   5;   2;    84.0;   -999;   -999;-999;eor
  1085;18950601;18950630;   5;   2;    55.0;   -999;   -999;-999;eor
  1085;18950701;18950731;   5;   2;   113.0;   -999;   -999;-999;eor
  1085;18950801;18950831;   5;   2;    85.0;   -999;   -999;-999;eor
  1085;18950901;18950930;   5;   2;    18.0;   -999;   -999;-999;eor
  1085;18951001;18951031;   5;   2;    72.0;   -999;   -999;-999;eor
  1085;18951101;18951130;   5;   2;    65.0;   -999;   -999;-999;eor
  1085;18951201;18951231;   5;   2;    93.0;   -999;   -999;-999;eor
  1085;18960101;18960131;   5;   2;    44.0;   -999;   -999;-999;eor
  1085;18960201;18960229;   5;   2;     8.0;   -999;   -999;-999;eor
  1085;18960301;18960331;   5;   2;    79.0;   -999;   -999;-999;eor
  1085;18960401;18960430;   5;   2;    44.0;   -999;   -999;-999;eor
  1085;18960501;18960531;   5;   2;    12.0;   -999;   -999;-999;eor
  1085;18960601;18960630;   5;   2;    34.0;   -999;   -999;-999;eor
  1085;18960701;18960731;   5;   2;   102.0;   -999;   -999;-999;eor
  1085;18960801;18960831;   5;   2;    80.0;   -999;   -999;-999;eor
  1085;18960901;18960930;   5;   2;    81.0;   -999;   -999;-999;eor
  1085;18961001;18961031;   5;   2;    82.0;   -999;   -999;-999;eor
  1085;18961101;18961130;   5;   2;    43.0;   -999;   -999;-999;eor
  1085;18961201;18961231;   5;   2;    34.0;   -999;   -999;-999;eor
  1085;18970101;18970131;   5;   2;    41.0;   -999;   -999;-999;eor
  1085;18970201;18970228;   5;   2;    67.0;   -999;   -999;-999;eor
  1085;18970301;18970331;   5;   2;    63.0;   -999;   -999;-999;eor
  1085;18970401;18970430;   5;   2;    58.0;   -999;   -999;-999;eor
  1085;18970501;18970531;   5;   2;    47.0;   -999;   -999;-999;eor
  1085;18970601;18970630;   5;   2;    74.0;   -999;   -999;-999;eor
  1085;18970701;18970731;   5;   2;    44.0;   -999;   -999;-999;eor
  1085;18970801;18970831;   5;   2;    94.0;   -999;   -999;-999;eor
  1085;18970901;18970930;   5;   2;    50.0;   -999;   -999;-999;eor
  1085;18971001;18971031;   5;   2;    33.0;   -999;   -999;-999;eor
  1085;18971101;18971130;   5;   2;    34.0;   -999;   -999;-999;eor
  1085;18971201;18971231;   5;   2;    59.0;   -999;   -999;-999;eor
  1085;18980101;18980131;   5;   2;    32.0;   -999;   -999;-999;eor
  1085;18980201;18980228;   5;   2;    94.0;   -999;   -999;-999;eor
  1085;18980301;18980331;   5;   2;    42.0;   -999;   -999;-999;eor
  1085;18980401;18980430;   5;   2;    37.0;   -999;   -999;-999;eor
  1085;18980501;18980531;   5;   2;    93.0;   -999;   -999;-999;eor
  1085;18980601;18980630;   5;   2;    74.0;   -999;   -999;-999;eor
  1085;18980701;18980731;   5;   2;    75.0;   -999;   -999;-999;eor
  1085;18980801;18980831;   5;   2;    53.0;   -999;   -999;-999;eor
  1085;18980901;18980930;   5;   2;    36.0;   -999;   -999;-999;eor
  1085;18981001;18981031;   5;   2;    75.0;   -999;   -999;-999;eor
  1085;18981101;18981130;   5;   2;    21.0;   -999;   -999;-999;eor
  1085;18981201;18981231;   5;   2;    55.0;   -999;   -999;-999;eor
  1085;18990101;18990131;   5;   2;   102.0;   -999;   -999;-999;eor
  1085;18990201;18990228;   5;   2;    22.0;   -999;   -999;-999;eor
  1085;18990301;18990331;   5;   2;    20.0;   -999;   -999;-999;eor
  1085;18990401;18990430;   5;   2;    85.0;   -999;   -999;-999;eor
  1085;18990501;18990531;   5;   2;    75.0;   -999;   -999;-999;eor
  1085;18990601;18990630;   5;   2;    13.0;   -999;   -999;-999;eor
  1085;18990701;18990731;   5;   2;    74.0;   -999;   -999;-999;eor
  1085;18990801;18990831;   5;   2;    23.0;   -999;   -999;-999;eor
  1085;18990901;18990930;   5;   2;    81.0;   -999;   -999;-999;eor
  1085;18991001;18991031;   5;   2;    35.0;   -999;   -999;-999;eor
  1085;18991101;18991130;   5;   2;    25.0;   -999;   -999;-999;eor
  1085;18991201;18991231;   5;   2;    45.0;   -999;   -999;-999;eor
  1085;19000101;19000131;   5;   2;    99.0;   -999;   -999;-999;eor
  1085;19000201;19000228;   5;   2;    74.0;   -999;   -999;-999;eor
  1085;19000301;19000331;   5;   2;     8.0;   -999;   -999;-999;eor
  1085;19000401;19000430;   5;   2;    40.0;   -999;   -999;-999;eor
  1085;19000501;19000531;   5;   2;    41.0;   -999;   -999;-999;eor
  1085;19000601;19000630;   5;   2;   115.0;   -999;   -999;-999;eor
  1085;19000701;19000731;   5;   2;    74.0;   -999;   -999;-999;eor
  1085;19000801;19000831;   5;   2;   111.0;   -999;   -999;-999;eor
  1085;19000901;19000930;   5;   2;    29.0;   -999;   -999;-999;eor
  1085;19001001;19001031;   5;   2;    84.0;   -999;   -999;-999;eor
  1085;19001101;19001130;   5;   2;    25.0;   -999;   -999;-999;eor
  1085;19001201;19001231;   5;   2;   110.0;   -999;   -999;-999;eor
  1085;19010101;19010131;   5;   2;    44.0;   -999;   -999;-999;eor
  1085;19010201;19010228;   5;   2;    30.0;   -999;   -999;-999;eor
  1085;19010301;19010331;   5;   2;    71.0;   -999;   -999;-999;eor
  1085;19010401;19010430;   5;   2;    83.0;   -999;   -999;-999;eor
  1085;19010501;19010531;   5;   2;    11.0;   -999;   -999;-999;eor
  1085;19010601;19010630;   5;   2;    43.0;   -999;   -999;-999;eor
  1085;19010701;19010731;   5;   2;    21.0;   -999;   -999;-999;eor
  1085;19010801;19010831;   5;   2;    85.0;   -999;   -999;-999;eor
  1085;19010901;19010930;   5;   2;   131.0;   -999;   -999;-999;eor
  1085;19011001;19011031;   5;   2;    97.0;   -999;   -999;-999;eor
  1085;19011101;19011130;   5;   2;    84.0;   -999;   -999;-999;eor
  1085;19011201;19011231;   5;   2;    78.0;   -999;   -999;-999;eor
  1085;19020101;19020131;   5;   2;    52.0;   -999;   -999;-999;eor
  1085;19020201;19020228;   5;   2;    36.0;   -999;   -999;-999;eor
  1085;19020301;19020331;   5;   2;    62.0;   -999;   -999;-999;eor
  1085;19020401;19020430;   5;   2;    24.0;   -999;   -999;-999;eor
  1085;19020501;19020531;   5;   2;    82.0;   -999;   -999;-999;eor
  1085;19020601;19020630;   5;   2;    52.0;   -999;   -999;-999;eor
  1085;19020701;19020731;   5;   2;    74.0;   -999;   -999;-999;eor
  1085;19020801;19020831;   5;   2;    67.0;   -999;   -999;-999;eor
  1085;19020901;19020930;   5;   2;    61.0;   -999;   -999;-999;eor
  1085;19021001;19021031;   5;   2;   107.0;   -999;   -999;-999;eor
  1085;19021101;19021130;   5;   2;    18.0;   -999;   -999;-999;eor
  1085;19021201;19021231;   5;   2;   127.0;   -999;   -999;-999;eor
  1085;19030101;19030131;   5;   2;    39.0;   -999;   -999;-999;eor
  1085;19030201;19030228;   5;   2;    31.0;   -999;   -999;-999;eor
  1085;19030301;19030331;   5;   2;    58.0;   -999;   -999;-999;eor
  1085;19030401;19030430;   5;   2;    88.0;   -999;   -999;-999;eor
  1085;19030501;19030531;   5;   2;    79.0;   -999;   -999;-999;eor
  1085;19030601;19030630;   5;   2;    41.0;   -999;   -999;-999;eor
  1085;19030701;19030731;   5;   2;   103.0;   -999;   -999;-999;eor
  1085;19030801;19030831;   5;   2;    66.0;   -999;   -999;-999;eor
  1085;19030901;19030930;   5;   2;    91.0;   -999;   -999;-999;eor
  1085;19031001;19031031;   5;   2;    96.0;   -999;   -999;-999;eor
  1085;19031101;19031130;   5;   2;    79.0;   -999;   -999;-999;eor
  1085;19031201;19031231;   5;   2;    30.0;   -999;   -999;-999;eor
  1085;19040101;19040131;   5;   2;    50.0;   -999;   -999;-999;eor
  1085;19040201;19040229;   5;   2;    57.0;   -999;   -999;-999;eor
  1085;19040301;19040331;   5;   2;    73.0;   -999;   -999;-999;eor
  1085;19040401;19040430;   5;   2;    33.0;   -999;   -999;-999;eor
  1085;19040501;19040531;   5;   2;    30.0;   -999;   -999;-999;eor
  1085;19040601;19040630;   5;   2;    43.0;   -999;   -999;-999;eor
  1085;19040701;19040731;   5;   2;    44.0;   -999;   -999;-999;eor
  1085;19040801;19040831;   5;   2;    55.0;   -999;   -999;-999;eor
  1085;19040901;19040930;   5;   2;    36.0;   -999;   -999;-999;eor
  1085;19041001;19041031;   5;   2;    47.0;   -999;   -999;-999;eor
  1085;19041101;19041130;   5;   2;    51.0;   -999;   -999;-999;eor
  1085;19041201;19041231;   5;   2;    74.0;   -999;   -999;-999;eor
  1085;19050101;19050131;   5;   2;    32.0;   -999;   -999;-999;eor
  1085;19050201;19050228;   5;   2;    34.0;   -999;   -999;-999;eor
  1085;19050301;19050331;   5;   2;    86.0;   -999;   -999;-999;eor
  1085;19050401;19050430;   5;   2;    65.0;   -999;   -999;-999;eor
  1085;19050501;19050531;   5;   2;    55.0;   -999;   -999;-999;eor
  1085;19050601;19050630;   5;   2;   110.0;   -999;   -999;-999;eor
  1085;19050701;19050731;   5;   2;   129.0;   -999;   -999;-999;eor
  1085;19050801;19050831;   5;   2;    82.0;   -999;   -999;-999;eor
  1085;19050901;19050930;   5;   2;    76.0;   -999;   -999;-999;eor
  1085;19051001;19051031;   5;   2;   112.0;   -999;   -999;-999;eor
  1085;19051101;19051130;   5;   2;    60.0;   -999;   -999;-999;eor
  1085;19051201;19051231;   5;   2;    34.0;   -999;   -999;-999;eor
  1085;19060101;19060131;   5;   2;    89.0;   -999;   -999;-999;eor
  1085;19060201;19060228;   5;   2;    37.0;   -999;   -999;-999;eor
  1085;19060301;19060331;   5;   2;    85.0;   -999;   -999;-999;eor
  1085;19060401;19060430;   5;   2;    20.0;   -999;   -999;-999;eor
  1085;19060501;19060531;   5;   2;    82.0;   -999;   -999;-999;eor
  1085;19060601;19060630;   5;   2;    70.0;   -999;   -999;-999;eor
  1085;19060701;19060731;   5;   2;   128.0;   -999;   -999;-999;eor
  1085;19060801;19060831;   5;   2;    96.0;   -999;   -999;-999;eor
  1085;19060901;19060930;   5;   2;    24.0;   -999;   -999;-999;eor
  1085;19061001;19061031;   5;   2;    70.0;   -999;   -999;-999;eor
  1085;19061101;19061130;   5;   2;    84.0;   -999;   -999;-999;eor
  1085;19061201;19061231;   5;   2;    88.0;   -999;   -999;-999;eor
  1085;19070101;19070131;   5;   2;    52.0;   -999;   -999;-999;eor
  1085;19070201;19070228;   5;   2;    57.0;   -999;   -999;-999;eor
  1085;19070301;19070331;   5;   2;    55.0;   -999;   -999;-999;eor
  1085;19070401;19070430;   5;   2;    28.0;   -999;   -999;-999;eor
  1085;19070501;19070531;   5;   2;    72.0;   -999;   -999;-999;eor
  1085;19070601;19070630;   5;   2;    61.0;   -999;   -999;-999;eor
  1085;19070701;19070731;   5;   2;    86.0;   -999;   -999;-999;eor
  1085;19070801;19070831;   5;   2;    42.0;   -999;   -999;-999;eor
  1085;19070901;19070930;   5;   2;    36.0;   -999;   -999;-999;eor
  1085;19071001;19071031;   5;   2;    65.0;   -999;   -999;-999;eor
  1085;19071101;19071130;   5;   2;    60.0;   -999;   -999;-999;eor
  1085;19071201;19071231;   5;   2;    60.0;   -999;   -999;-999;eor
  1085;19080101;19080131;   5;   2;    71.0;   -999;   -999;-999;eor
  1085;19080201;19080229;   5;   2;    74.0;   -999;   -999;-999;eor
  1085;19080301;19080331;   5;   2;    44.0;   -999;   -999;-999;eor
  1085;19080401;19080430;   5;   2;    54.0;   -999;   -999;-999;eor
  1085;19080501;19080531;   5;   2;    61.0;   -999;   -999;-999;eor
  1085;19080601;19080630;   5;   2;    81.0;   -999;   -999;-999;eor
  1085;19080701;19080731;   5;   2;    68.0;   -999;   -999;-999;eor
  1085;19080801;19080831;   5;   2;   147.0;   -999;   -999;-999;eor
  1085;19080901;19080930;   5;   2;    81.0;   -999;   -999;-999;eor
  1085;19081001;19081031;   5;   2;     2.0;   -999;   -999;-999;eor
  1085;19081101;19081130;   5;   2;    73.0;   -999;   -999;-999;eor
  1085;19081201;19081231;   5;   2;    47.0;   -999;   -999;-999;eor
  1085;19090101;19090131;   5;   2;    39.0;   -999;   -999;-999;eor
  1085;19090201;19090228;   5;   2;   117.0;   -999;   -999;-999;eor
  1085;19090301;19090331;   5;   2;    74.0;   -999;   -999;-999;eor
  1085;19090401;19090430;   5;   2;    82.0;   -999;   -999;-999;eor
  1085;19090501;19090531;   5;   2;    29.0;   -999;   -999;-999;eor
  1085;19090601;19090630;   5;   2;    49.0;   -999;   -999;-999;eor
  1085;19090701;19090731;   5;   2;   119.0;   -999;   -999;-999;eor
  1085;19090801;19090831;   5;   2;    75.0;   -999;   -999;-999;eor
  1085;19090901;19090930;   5;   2;    89.0;   -999;   -999;-999;eor
  1085;19091001;19091031;   5;   2;    58.0;   -999;   -999;-999;eor
  1085;19091101;19091130;   5;   2;    58.0;   -999;   -999;-999;eor
  1085;19091201;19091231;   5;   2;   130.0;   -999;   -999;-999;eor
  1085;19100101;19100131;   5;   2;    85.0;   -999;   -999;-999;eor
  1085;19100201;19100228;   5;   2;   116.0;   -999;   -999;-999;eor
  1085;19100301;19100331;   5;   2;    23.0;   -999;   -999;-999;eor
  1085;19100401;19100430;   5;   2;    50.0;   -999;   -999;-999;eor
  1085;19100501;19100531;   5;   2;    41.0;   -999;   -999;-999;eor
  1085;19100601;19100630;   5;   2;    96.0;   -999;   -999;-999;eor
  1085;19100701;19100731;   5;   2;   136.0;   -999;   -999;-999;eor
  1085;19100801;19100831;   5;   2;    47.0;   -999;   -999;-999;eor
  1085;19100901;19100930;   5;   2;    73.0;   -999;   -999;-999;eor
  1085;19101001;19101031;   5;   2;    12.0;   -999;   -999;-999;eor
  1085;19101101;19101130;   5;   2;    98.0;   -999;   -999;-999;eor
  1085;19101201;19101231;   5;   2;    66.0;   -999;   -999;-999;eor
  1085;19110101;19110131;   5;   2;    28.0;   -999;   -999;-999;eor
  1085;19110201;19110228;   5;   2;    50.0;   -999;   -999;-999;eor
  1085;19110301;19110331;   5;   2;    61.0;   -999;   -999;-999;eor
  1085;19110401;19110430;   5;   2;    59.0;   -999;   -999;-999;eor
  1085;19110501;19110531;   5;   2;    56.0;   -999;   -999;-999;eor
  1085;19110601;19110630;   5;   2;    69.0;   -999;   -999;-999;eor
  1085;19110701;19110731;   5;   2;    14.0;   -999;   -999;-999;eor
  1085;19110801;19110831;   5;   2;     7.0;   -999;   -999;-999;eor
  1085;19110901;19110930;   5;   2;    26.0;   -999;   -999;-999;eor
  1085;19111001;19111031;   5;   2;    97.0;   -999;   -999;-999;eor
  1085;19111101;19111130;   5;   2;    65.0;   -999;   -999;-999;eor
  1085;19111201;19111231;   5;   2;    83.0;   -999;   -999;-999;eor
  1085;19120101;19120131;   5;   2;    83.0;   -999;   -999;-999;eor
  1085;19120201;19120229;   5;   2;    56.0;   -999;   -999;-999;eor
  1085;19120301;19120331;   5;   2;    70.0;   -999;   -999;-999;eor
  1085;19120401;19120430;   5;   2;    33.0;   -999;   -999;-999;eor
  1085;19120501;19120531;   5;   2;    46.0;   -999;   -999;-999;eor
  1085;19120601;19120630;   5;   2;    98.0;   -999;   -999;-999;eor
  1085;19120701;19120731;   5;   2;    20.0;   -999;   -999;-999;eor
  1085;19120801;19120831;   5;   2;   127.0;   -999;   -999;-999;eor
  1085;19120901;19120930;   5;   2;    67.0;   -999;   -999;-999;eor
  1085;19121001;19121031;   5;   2;    62.0;   -999;   -999;-999;eor
  1085;19121101;19121130;   5;   2;    93.0;   -999;   -999;-999;eor
  1085;19121201;19121231;   5;   2;   107.0;   -999;   -999;-999;eor
  1085;19130101;19130131;   5;   2;    77.0;   -999;   -999;-999;eor
  1085;19130201;19130228;   5;   2;    24.0;   -999;   -999;-999;eor
  1085;19130301;19130331;   5;   2;    81.0;   -999;   -999;-999;eor
  1085;19130401;19130430;   5;   2;    31.0;   -999;   -999;-999;eor
  1085;19130501;19130531;   5;   2;    33.0;   -999;   -999;-999;eor
  1085;19130601;19130630;   5;   2;    98.0;   -999;   -999;-999;eor
  1085;19130701;19130731;   5;   2;    88.0;   -999;   -999;-999;eor
  1085;19130801;19130831;   5;   2;    10.0;   -999;   -999;-999;eor
  1085;19130901;19130930;   5;   2;    59.0;   -999;   -999;-999;eor
  1085;19131001;19131031;   5;   2;    73.0;   -999;   -999;-999;eor
  1085;19131101;19131130;   5;   2;    69.0;   -999;   -999;-999;eor
  1085;19131201;19131231;   5;   2;    92.0;   -999;   -999;-999;eor
  1085;19140101;19140131;   5;   2;    60.0;   -999;   -999;-999;eor
  1085;19140201;19140228;   5;   2;    43.0;   -999;   -999;-999;eor
  1085;19140301;19140331;   5;   2;   104.0;   -999;   -999;-999;eor
  1085;19140401;19140430;   5;   2;    33.0;   -999;   -999;-999;eor
  1085;19140501;19140531;   5;   2;    63.0;   -999;   -999;-999;eor
  1085;19140601;19140630;   5;   2;    80.0;   -999;   -999;-999;eor
  1085;19140701;19140731;   5;   2;    75.0;   -999;   -999;-999;eor
  1085;19140801;19140831;   5;   2;    48.0;   -999;   -999;-999;eor
  1085;19140901;19140930;   5;   2;   132.0;   -999;   -999;-999;eor
  1085;19141001;19141031;   5;   2;    83.0;   -999;   -999;-999;eor
  1085;19141101;19141130;   5;   2;    53.0;   -999;   -999;-999;eor
  1085;19141201;19141231;   5;   2;    66.0;   -999;   -999;-999;eor
  1085;19150101;19150131;   5;   2;    95.0;   -999;   -999;-999;eor
  1085;19150201;19150228;   5;   2;    48.0;   -999;   -999;-999;eor
  1085;19150301;19150331;   5;   2;    64.0;   -999;   -999;-999;eor
  1085;19150401;19150430;   5;   2;    49.0;   -999;   -999;-999;eor
  1085;19150501;19150531;   5;   2;    58.0;   -999;   -999;-999;eor
  1085;19150601;19150630;   5;   2;    11.0;   -999;   -999;-999;eor
  1085;19150701;19150731;   5;   2;    88.0;   -999;   -999;-999;eor
  1085;19150801;19150831;   5;   2;    92.0;   -999;   -999;-999;eor
  1085;19150901;19150930;   5;   2;    36.0;   -999;   -999;-999;eor
  1085;19151001;19151031;   5;   2;    15.0;   -999;   -999;-999;eor
  1085;19151101;19151130;   5;   2;    52.0;   -999;   -999;-999;eor
  1085;19151201;19151231;   5;   2;   118.0;   -999;   -999;-999;eor
  1085;19160101;19160131;   5;   2;    80.0;   -999;   -999;-999;eor
  1085;19160201;19160229;   5;   2;    93.0;   -999;   -999;-999;eor
  1085;19160301;19160331;   5;   2;    86.0;   -999;   -999;-999;eor
  1085;19160401;19160430;   5;   2;    51.0;   -999;   -999;-999;eor
  1085;19160501;19160531;   5;   2;    58.0;   -999;   -999;-999;eor
  1085;19160601;19160630;   5;   2;    78.0;   -999;   -999;-999;eor
  1085;19160701;19160731;   5;   2;    47.0;   -999;   -999;-999;eor
  1085;19160801;19160831;   5;   2;    76.0;   -999;   -999;-999;eor
  1085;19160901;19160930;   5;   2;    41.0;   -999;   -999;-999;eor
  1085;19161001;19161031;   5;   2;    70.0;   -999;   -999;-999;eor
  1085;19161101;19161130;   5;   2;    58.0;   -999;   -999;-999;eor
  1085;19161201;19161231;   5;   2;    61.0;   -999;   -999;-999;eor
  1085;19170101;19170131;   5;   2;    77.0;   -999;   -999;-999;eor
  1085;19170201;19170228;   5;   2;    10.0;   -999;   -999;-999;eor
  1085;19170301;19170331;   5;   2;    44.0;   -999;   -999;-999;eor
  1085;19170401;19170430;   5;   2;    64.0;   -999;   -999;-999;eor
  1085;19170501;19170531;   5;   2;    25.0;   -999;   -999;-999;eor
  1085;19170601;19170630;   5;   2;   167.0;   -999;   -999;-999;eor
  1085;19170701;19170731;   5;   2;   123.0;   -999;   -999;-999;eor
  1085;19170801;19170831;   5;   2;   143.0;   -999;   -999;-999;eor
  1085;19170901;19170930;   5;   2;    32.0;   -999;   -999;-999;eor
  1085;19171001;19171031;   5;   2;    96.0;   -999;   -999;-999;eor
  1085;19171101;19171130;   5;   2;    61.0;   -999;   -999;-999;eor
  1085;19171201;19171231;   5;   2;    31.0;   -999;   -999;-999;eor
  1085;19180101;19180131;   5;   2;    72.0;   -999;   -999;-999;eor
  1085;19180201;19180228;   5;   2;    36.0;   -999;   -999;-999;eor
  1085;19180301;19180331;   5;   2;    18.0;   -999;   -999;-999;eor
  1085;19180401;19180430;   5;   2;    22.0;   -999;   -999;-999;eor
  1085;19180501;19180531;   5;   2;    51.0;   -999;   -999;-999;eor
  1085;19180601;19180630;   5;   2;    75.0;   -999;   -999;-999;eor
  1085;19180701;19180731;   5;   2;    94.0;   -999;   -999;-999;eor
  1085;19180801;19180831;   5;   2;    73.0;   -999;   -999;-999;eor
  1085;19180901;19180930;   5;   2;   114.0;   -999;   -999;-999;eor
  1085;19181001;19181031;   5;   2;    64.0;   -999;   -999;-999;eor
  1085;19181101;19181130;   5;   2;    29.0;   -999;   -999;-999;eor
  1085;19181201;19181231;   5;   2;   120.0;   -999;   -999;-999;eor
  1085;19190101;19190131;   5;   2;    45.0;   -999;   -999;-999;eor
  1085;19190201;19190228;   5;   2;    40.0;   -999;   -999;-999;eor
  1085;19190301;19190331;   5;   2;    75.0;   -999;   -999;-999;eor
  1085;19190401;19190430;   5;   2;    42.0;   -999;   -999;-999;eor
  1085;19190501;19190531;   5;   2;    22.0;   -999;   -999;-999;eor
  1085;19190601;19190630;   5;   2;    48.0;   -999;   -999;-999;eor
  1085;19190701;19190731;   5;   2;    83.0;   -999;   -999;-999;eor
  1085;19190801;19190831;   5;   2;    53.0;   -999;   -999;-999;eor
  1085;19190901;19190930;   5;   2;    33.0;   -999;   -999;-999;eor
  1085;19191001;19191031;   5;   2;    22.0;   -999;   -999;-999;eor
  1085;19191101;19191130;   5;   2;    99.0;   -999;   -999;-999;eor
  1085;19191201;19191231;   5;   2;   145.0;   -999;   -999;-999;eor
  1085;19200101;19200131;   5;   2;   106.0;   -999;   -999;-999;eor
  1085;19200201;19200229;   5;   2;    35.0;   -999;   -999;-999;eor
  1085;19200301;19200331;   5;   2;    19.0;   -999;   -999;-999;eor
  1085;19200401;19200430;   5;   2;    72.0;   -999;   -999;-999;eor
  1085;19200501;19200531;   5;   2;    83.0;   -999;   -999;-999;eor
  1085;19200601;19200630;   5;   2;    34.0;   -999;   -999;-999;eor
  1085;19200701;19200731;   5;   2;    86.0;   -999;   -999;-999;eor
  1085;19200801;19200831;   5;   2;    99.0;   -999;   -999;-999;eor
  1085;19200901;19200930;   5;   2;    63.0;   -999;   -999;-999;eor
  1085;19201001;19201031;   5;   2;    15.0;   -999;   -999;-999;eor
  1085;19201101;19201130;   5;   2;    11.0;   -999;   -999;-999;eor
  1085;19201201;19201231;   5;   2;    39.0;   -999;   -999;-999;eor
  1085;19210101;19210131;   5;   2;    77.0;   -999;   -999;-999;eor
  1085;19210201;19210228;   5;   2;    16.0;   -999;   -999;-999;eor
  1085;19210301;19210331;   5;   2;    22.0;   -999;   -999;-999;eor
  1085;19210401;19210430;   5;   2;    16.0;   -999;   -999;-999;eor
  1085;19210501;19210531;   5;   2;    17.0;   -999;   -999;-999;eor
  1085;19210601;19210630;   5;   2;    43.0;   -999;   -999;-999;eor
  1085;19210701;19210731;   5;   2;     9.0;   -999;   -999;-999;eor
  1085;19210801;19210831;   5;   2;    23.0;   -999;   -999;-999;eor
  1085;19210901;19210930;   5;   2;   105.0;   -999;   -999;-999;eor
  1085;19211001;19211031;   5;   2;    22.0;   -999;   -999;-999;eor
  1085;19211101;19211130;   5;   2;    22.0;   -999;   -999;-999;eor
  1085;19211201;19211231;   5;   2;    77.0;   -999;   -999;-999;eor
  1085;19220101;19220131;   5;   2;    49.0;   -999;   -999;-999;eor
  1085;19220201;19220228;   5;   2;    83.0;   -999;   -999;-999;eor
  1085;19220301;19220331;   5;   2;    52.0;   -999;   -999;-999;eor
  1085;19220401;19220430;   5;   2;    75.0;   -999;   -999;-999;eor
  1085;19220501;19220531;   5;   2;    19.0;   -999;   -999;-999;eor
  1085;19220601;19220630;   5;   2;    44.0;   -999;   -999;-999;eor
  1085;19220701;19220731;   5;   2;    59.0;   -999;   -999;-999;eor
  1085;19220801;19220831;   5;   2;    53.0;   -999;   -999;-999;eor
  1085;19220901;19220930;   5;   2;    91.0;   -999;   -999;-999;eor
  1085;19221001;19221031;   5;   2;    50.0;   -999;   -999;-999;eor
  1085;19221101;19221130;   5;   2;    55.0;   -999;   -999;-999;eor
  1085;19221201;19221231;   5;   2;    49.0;   -999;   -999;-999;eor
  1085;19230101;19230131;   5;   2;    52.0;   -999;   -999;-999;eor
  1085;19230201;19230228;   5;   2;    60.0;   -999;   -999;-999;eor
  1085;19230301;19230331;   5;   2;    50.0;   -999;   -999;-999;eor
  1085;19230401;19230430;   5;   2;    15.0;   -999;   -999;-999;eor
  1085;19230501;19230531;   5;   2;   115.0;   -999;   -999;-999;eor
  1085;19230601;19230630;   5;   2;    52.0;   -999;   -999;-999;eor
  1085;19230701;19230731;   5;   2;    43.0;   -999;   -999;-999;eor
  1085;19230801;19230831;   5;   2;    73.0;   -999;   -999;-999;eor
  1085;19230901;19230930;   5;   2;    48.0;   -999;   -999;-999;eor
  1085;19231001;19231031;   5;   2;   125.0;   -999;   -999;-999;eor
  1085;19231101;19231130;   5;   2;    53.0;   -999;   -999;-999;eor
  1085;19231201;19231231;   5;   2;    29.0;   -999;   -999;-999;eor
  1085;19240101;19240131;   5;   2;    39.0;   -999;   -999;-999;eor
  1085;19240201;19240229;   5;   2;    23.0;   -999;   -999;-999;eor
  1085;19240301;19240331;   5;   2;    21.0;   -999;   -999;-999;eor
  1085;19240401;19240430;   5;   2;    70.0;   -999;   -999;-999;eor
  1085;19240501;19240531;   5;   2;    61.0;   -999;   -999;-999;eor
  1085;19240601;19240630;   5;   2;    57.0;   -999;   -999;-999;eor
  1085;19240701;19240731;   5;   2;    93.0;   -999;   -999;-999;eor
  1085;19240801;19240831;   5;   2;   154.0;   -999;   -999;-999;eor
  1085;19240901;19240930;   5;   2;    79.0;   -999;   -999;-999;eor
  1085;19241001;19241031;   5;   2;    60.0;   -999;   -999;-999;eor
  1085;19241101;19241130;   5;   2;    38.0;   -999;   -999;-999;eor
  1085;19241201;19241231;   5;   2;    38.0;   -999;   -999;-999;eor
  1085;19250101;19250131;   5;   2;    90.0;   -999;   -999;-999;eor
  1085;19250201;19250228;   5;   2;    77.0;   -999;   -999;-999;eor
  1085;19250301;19250331;   5;   2;    54.0;   -999;   -999;-999;eor
  1085;19250401;19250430;   5;   2;    42.0;   -999;   -999;-999;eor
  1085;19250501;19250531;   5;   2;    48.0;   -999;   -999;-999;eor
  1085;19250601;19250630;   5;   2;    31.0;   -999;   -999;-999;eor
  1085;19250701;19250731;   5;   2;    30.0;   -999;   -999;-999;eor
  1085;19250801;19250831;   5;   2;    53.0;   -999;   -999;-999;eor
  1085;19250901;19250930;   5;   2;   106.0;   -999;   -999;-999;eor
  1085;19251001;19251031;   5;   2;    38.0;   -999;   -999;-999;eor
  1085;19251101;19251130;   5;   2;    49.0;   -999;   -999;-999;eor
  1085;19251201;19251231;   5;   2;   139.0;   -999;   -999;-999;eor
  1085;19260101;19260131;   5;   2;    96.0;   -999;   -999;-999;eor
  1085;19260201;19260228;   5;   2;    99.0;   -999;   -999;-999;eor
  1085;19260301;19260331;   5;   2;    49.0;   -999;   -999;-999;eor
  1085;19260401;19260430;   5;   2;    30.0;   -999;   -999;-999;eor
  1085;19260501;19260531;   5;   2;   102.0;   -999;   -999;-999;eor
  1085;19260601;19260630;   5;   2;    74.0;   -999;   -999;-999;eor
  1085;19260701;19260731;   5;   2;    41.0;   -999;   -999;-999;eor
  1085;19260801;19260831;   5;   2;    57.0;   -999;   -999;-999;eor
  1085;19260901;19260930;   5;   2;    51.0;   -999;   -999;-999;eor
  1085;19261001;19261031;   5;   2;   181.0;   -999;   -999;-999;eor
  1085;19261101;19261130;   5;   2;    80.0;   -999;   -999;-999;eor
  1085;19261201;19261231;   5;   2;    45.0;   -999;   -999;-999;eor
  1085;19270101;19270131;   5;   2;    55.0;   -999;   -999;-999;eor
  1085;19270201;19270228;   5;   2;    50.0;   -999;   -999;-999;eor
  1085;19270301;19270331;   5;   2;    50.0;   -999;   -999;-999;eor
  1085;19270401;19270430;   5;   2;    85.0;   -999;   -999;-999;eor
  1085;19270501;19270531;   5;   2;    25.0;   -999;   -999;-999;eor
  1085;19270601;19270630;   5;   2;    70.0;   -999;   -999;-999;eor
  1085;19270701;19270731;   5;   2;   180.0;   -999;   -999;-999;eor
  1085;19270801;19270831;   5;   2;   130.0;   -999;   -999;-999;eor
  1085;19270901;19270930;   5;   2;    70.0;   -999;   -999;-999;eor
  1085;19271001;19271031;   5;   2;    20.0;   -999;   -999;-999;eor
  1085;19271101;19271130;   5;   2;    80.0;   -999;   -999;-999;eor
  1085;19271201;19271231;   5;   2;    35.0;   -999;   -999;-999;eor
  1085;19280101;19280131;   5;   2;    56.0;   -999;   -999;-999;eor
  1085;19280201;19280229;   5;   2;    60.0;   -999;   -999;-999;eor
  1085;19280301;19280331;   5;   2;    15.0;   -999;   -999;-999;eor
  1085;19280401;19280430;   5;   2;    55.0;   -999;   -999;-999;eor
  1085;19280501;19280531;   5;   2;    52.0;   -999;   -999;-999;eor
  1085;19280601;19280630;   5;   2;    61.0;   -999;   -999;-999;eor
  1085;19280701;19280731;   5;   2;    59.0;   -999;   -999;-999;eor
  1085;19280801;19280831;   5;   2;    98.0;   -999;   -999;-999;eor
  1085;19280901;19280930;   5;   2;    21.0;   -999;   -999;-999;eor
  1085;19281001;19281031;   5;   2;    98.0;   -999;   -999;-999;eor
  1085;19281101;19281130;   5;   2;   120.0;   -999;   -999;-999;eor
  1085;19281201;19281231;   5;   2;    78.0;   -999;   -999;-999;eor
  1085;19290101;19290131;   5;   2;    11.0;   -999;   -999;-999;eor
  1085;19290201;19290228;   5;   2;     7.0;   -999;   -999;-999;eor
  1085;19290301;19290331;   5;   2;     4.0;   -999;   -999;-999;eor
  1085;19290401;19290430;   5;   2;    71.0;   -999;   -999;-999;eor
  1085;19290501;19290531;   5;   2;    24.0;   -999;   -999;-999;eor
  1085;19290601;19290630;   5;   2;    51.0;   -999;   -999;-999;eor
  1085;19290701;19290731;   5;   2;    51.0;   -999;   -999;-999;eor
  1085;19290801;19290831;   5;   2;    31.0;   -999;   -999;-999;eor
  1085;19290901;19290930;   5;   2;    31.0;   -999;   -999;-999;eor
  1085;19291001;19291031;   5;   2;   153.0;   -999;   -999;-999;eor
  1085;19291101;19291130;   5;   2;    54.0;   -999;   -999;-999;eor
  1085;19291201;19291231;   5;   2;    85.0;   -999;   -999;-999;eor
  1085;19300101;19300131;   5;   2;    51.0;   -999;   -999;-999;eor
  1085;19300201;19300228;   5;   2;    28.0;   -999;   -999;-999;eor
  1085;19300301;19300331;   5;   2;    36.0;   -999;   -999;-999;eor
  1085;19300401;19300430;   5;   2;    48.0;   -999;   -999;-999;eor
  1085;19300501;19300531;   5;   2;    72.0;   -999;   -999;-999;eor
  1085;19300601;19300630;   5;   2;    34.0;   -999;   -999;-999;eor
  1085;19300701;19300731;   5;   2;   110.0;   -999;   -999;-999;eor
  1085;19300801;19300831;   5;   2;   103.0;   -999;   -999;-999;eor
  1085;19300901;19300930;   5;   2;   108.0;   -999;   -999;-999;eor
  1085;19301001;19301031;   5;   2;    94.0;   -999;   -999;-999;eor
  1085;19301101;19301130;   5;   2;   165.0;   -999;   -999;-999;eor
  1085;19301201;19301231;   5;   2;    34.0;   -999;   -999;-999;eor
  1085;19310101;19310131;   5;   2;   124.6;   -999;   -999;   16.8;eor
  1085;19310201;19310228;   5;   2;    78.6;   -999;   -999;   11.1;eor
  1085;19310301;19310331;   5;   2;    21.8;   -999;   -999;    9.1;eor
  1085;19310401;19310430;   5;   2;    77.5;   -999;   -999;   15.5;eor
  1085;19310501;19310531;   5;   2;    74.5;   -999;   -999;   21.2;eor
  1085;19310601;19310630;   5;   2;    62.9;   -999;   -999;   12.6;eor
  1085;19310701;19310731;   5;   2;    91.9;   -999;   -999;   19.6;eor
  1085;19310801;19310831;   5;   2;   142.9;   -999;   -999;   20.9;eor
  1085;19310901;19310930;   5;   2;    25.6;   -999;   -999;    8.5;eor
  1085;19311001;19311031;   5;   2;    42.9;   -999;   -999;   13.0;eor
  1085;19311101;19311130;   5;   2;    35.6;   -999;   -999;    7.8;eor
  1085;19311201;19311231;   5;   2;    47.4;   -999;   -999;    9.1;eor
  1085;19320101;19320131;   5;   2;    55.3;   -999;   -999;   14.4;eor
  1085;19320201;19320229;   5;   2;    18.3;   -999;   -999;    3.9;eor
  1085;19320301;19320331;   5;   2;    41.2;   -999;   -999;   14.5;eor
  1085;19320401;19320430;   5;   2;    79.3;   -999;   -999;   13.0;eor
  1085;19320501;19320531;   5;   2;    99.1;   -999;   -999;   51.1;eor
  1085;19320601;19320630;   5;   2;    14.5;   -999;   -999;    3.9;eor
  1085;19320701;19320731;   5;   2;    50.1;   -999;   -999;   15.8;eor
  1085;19320801;19320831;   5;   2;    35.4;   -999;   -999;   16.7;eor
  1085;19320901;19320930;   5;   2;   134.2;   -999;   -999;   19.6;eor
  1085;19321001;19321031;   5;   2;   139.1;   -999;   -999;   25.1;eor
  1085;19321101;19321130;   5;   2;    31.1;   -999;   -999;    9.3;eor
  1085;19321201;19321231;   5;   2;    25.2;   -999;   -999;    7.1;eor
  1085;19330101;19330131;   5;   2;    24.1;   -999;   -999;    5.4;eor
  1085;19330201;19330228;   5;   2;    44.5;   -999;   -999;    7.7;eor
  1085;19330301;19330331;   5;   2;    40.0;   -999;   -999;   15.2;eor
  1085;19330401;19330430;   5;   2;    28.2;   -999;   -999;    5.9;eor
  1085;19330501;19330531;   5;   2;    92.3;   -999;   -999;   17.9;eor
  1085;19330601;19330630;   5;   2;    95.1;   -999;   -999;   16.8;eor
  1085;19330701;19330731;   5;   2;    93.3;   -999;   -999;   17.2;eor
  1085;19330801;19330831;   5;   2;    30.1;   -999;   -999;    8.2;eor
  1085;19330901;19330930;   5;   2;    66.4;   -999;   -999;   28.6;eor
  1085;19331001;19331031;   5;   2;    55.6;   -999;   -999;   12.8;eor
  1085;19331101;19331130;   5;   2;    39.2;   -999;   -999;    8.3;eor
  1085;19331201;19331231;   5;   2;     7.1;   -999;   -999;    1.5;eor
  1085;19340101;19340131;   5;   2;    85.9;   -999;   -999;   13.3;eor
  1085;19340201;19340228;   5;   2;     4.3;   -999;   -999;    2.5;eor
  1085;19340301;19340331;   5;   2;    33.4;   -999;   -999;    9.0;eor
  1085;19340401;19340430;   5;   2;    64.0;   -999;   -999;   13.2;eor
  1085;19340501;19340531;   5;   2;    45.4;   -999;   -999;   18.0;eor
  1085;19340601;19340630;   5;   2;    98.3;   -999;   -999;   30.5;eor
  1085;19340701;19340731;   5;   2;    34.5;   -999;   -999;    8.4;eor
  1085;19340801;19340831;   5;   2;    50.1;   -999;   -999;   12.5;eor
  1085;19340901;19340930;   5;   2;    42.9;   -999;   -999;   16.6;eor
  1085;19341001;19341031;   5;   2;    85.3;   -999;   -999;   10.2;eor
  1085;19341101;19341130;   5;   2;    26.8;   -999;   -999;    6.2;eor
  1085;19341201;19341231;   5;   2;   100.6;   -999;   -999;   14.4;eor
  1085;19350101;19350131;   5;   2;    51.6;   -999;   -999;   15.5;eor
  1085;19350201;19350228;   5;   2;    79.8;   -999;   -999;   11.5;eor
  1085;19350301;19350331;   5;   2;    44.6;   -999;   -999;   14.0;eor
  1085;19350401;19350430;   5;   2;   105.0;   -999;   -999;   15.2;eor
  1085;19350501;19350531;   5;   2;    24.4;   -999;   -999;    4.0;eor
  1085;19350601;19350630;   5;   2;   105.2;   -999;   -999;   20.7;eor
  1085;19350701;19350731;   5;   2;    21.6;   -999;   -999;    5.2;eor
  1085;19350801;19350831;   5;   2;    45.7;   -999;   -999;   10.9;eor
  1085;19350901;19350930;   5;   2;   102.8;   -999;   -999;   23.7;eor
  1085;19351001;19351031;   5;   2;    74.3;   -999;   -999;   31.5;eor
  1085;19351101;19351130;   5;   2;    52.1;   -999;   -999;   16.9;eor
  1085;19351201;19351231;   5;   2;    40.1;   -999;   -999;    7.1;eor
  1085;19360101;19360131;   5;   2;   103.0;   -999;   -999;   20.9;eor
  1085;19360201;19360229;   5;   2;    47.5;   -999;   -999;   10.6;eor
  1085;19360301;19360331;   5;   2;    12.3;   -999;   -999;    4.2;eor
  1085;19360401;19360430;   5;   2;   127.5;   -999;   -999;   57.5;eor
  1085;19360501;19360531;   5;   2;    42.6;   -999;   -999;   16.3;eor
  1085;19360601;19360630;   5;   2;    71.8;   -999;   -999;   28.4;eor
  1085;19360701;19360731;   5;   2;   120.8;   -999;   -999;   21.3;eor
  1085;19360801;19360831;   5;   2;    66.9;   -999;   -999;   20.5;eor
  1085;19360901;19360930;   5;   2;    80.2;   -999;   -999;   21.6;eor
  1085;19361001;19361031;   5;   2;    54.9;   -999;   -999;    9.8;eor
  1085;19361101;19361130;   5;   2;    84.9;   -999;   -999;   23.3;eor
  1085;19361201;19361231;   5;   2;    67.7;   -999;   -999;   28.5;eor
  1085;19370101;19370131;   5;   2;    87.9;   -999;   -999;   21.5;eor
  1085;19370201;19370228;   5;   2;   128.6;   -999;   -999;   20.1;eor
  1085;19370301;19370331;   5;   2;    69.6;   -999;   -999;    9.8;eor
  1085;19370401;19370430;   5;   2;   103.9;   -999;   -999;   21.7;eor
  1085;19370501;19370531;   5;   2;    40.2;   -999;   -999;   11.7;eor
  1085;19370601;19370630;   5;   2;    45.6;   -999;   -999;    9.6;eor
  1085;19370701;19370731;   5;   2;    34.1;   -999;   -999;   13.2;eor
  1085;19370801;19370831;   5;   2;    47.0;   -999;   -999;   10.2;eor
  1085;19370901;19370930;   5;   2;    72.6;   -999;   -999;   26.9;eor
  1085;19371001;19371031;   5;   2;     4.6;   -999;   -999;    1.3;eor
  1085;19371101;19371130;   5;   2;    28.2;   -999;   -999;    8.3;eor
  1085;19371201;19371231;   5;   2;    66.9;   -999;   -999;   15.7;eor
  1085;19380101;19380131;   5;   2;   144.1;   -999;   -999;   33.8;eor
  1085;19380201;19380228;   5;   2;    38.7;   -999;   -999;    7.9;eor
  1085;19380301;19380331;   5;   2;    29.6;   -999;   -999;   10.1;eor
  1085;19380401;19380430;   5;   2;    71.3;   -999;   -999;   31.0;eor
  1085;19380501;19380531;   5;   2;    51.4;   -999;   -999;   11.9;eor
  1085;19380601;19380630;   5;   2;    47.2;   -999;   -999;   12.2;eor
  1085;19380701;19380731;   5;   2;    66.6;   -999;   -999;   19.4;eor
  1085;19380801;19380831;   5;   2;   279.0;   -999;   -999;  102.1;eor
  1085;19380901;19380930;   5;   2;    42.1;   -999;   -999;   11.9;eor
  1085;19381001;19381031;   5;   2;    85.4;   -999;   -999;   22.4;eor
  1085;19381101;19381130;   5;   2;    78.0;   -999;   -999;   19.3;eor
  1085;19381201;19381231;   5;   2;    67.9;   -999;   -999;    9.1;eor
  1085;19390101;19390131;   5;   2;    95.4;   -999;   -999;   23.2;eor
  1085;19390201;19390228;   5;   2;    28.3;   -999;   -999;    7.3;eor
  1085;19390301;19390331;   5;   2;    78.8;   -999;   -999;   11.4;eor
  1085;19390401;19390430;   5;   2;    64.2;   -999;   -999;   15.8;eor
  1085;19390501;19390531;   5;   2;    28.6;   -999;   -999;    9.7;eor
  1085;19390601;19390630;   5;   2;    44.6;   -999;   -999;   10.9;eor
  1085;19390701;19390731;   5;   2;    92.3;   -999;   -999;   23.6;eor
  1085;19390801;19390831;   5;   2;    34.4;   -999;   -999;    7.4;eor
  1085;19390901;19390930;   5;   2;    82.3;   -999;   -999;   29.8;eor
  1085;19391001;19391031;   5;   2;    92.8;   -999;   -999;   19.4;eor
  1085;19391101;19391130;   5;   2;   157.5;   -999;   -999;   29.8;eor
  1085;19391201;19391231;   5;   2;    33.3;   -999;   -999;    7.3;eor
  1085;19400101;19400131;   5;   2;    24.2;   -999;   -999;    3.8;eor
  1085;19400201;19400229;   5;   2;    39.2;   -999;   -999;    5.4;eor
  1085;19400301;19400331;   5;   2;   107.1;   -999;   -999;   25.3;eor
  1085;19400401;19400430;   5;   2;    52.6;   -999;   -999;    9.8;eor
  1085;19400501;19400531;   5;   2;    36.8;   -999;   -999;   12.4;eor
  1085;19400601;19400630;   5;   2;    41.0;   -999;   -999;   10.4;eor
  1085;19400701;19400731;   5;   2;   102.0;   -999;   -999;   12.7;eor
  1085;19400801;19400831;   5;   2;    40.9;   -999;   -999;   14.6;eor
  1085;19400901;19400930;   5;   2;    77.5;   -999;   -999;   26.9;eor
  1085;19401001;19401031;   5;   2;    39.5;   -999;   -999;   11.2;eor
  1085;19401101;19401130;   5;   2;   152.3;   -999;   -999;   63.6;eor
  1085;19401201;19401231;   5;   2;   127.9;   -999;   -999;   32.5;eor
  1085;19410101;19410131;   5;   2;    42.1;   -999;   -999;   16.0;eor
  1085;19410201;19410228;   5;   2;    56.4;   -999;   -999;   11.9;eor
  1085;19410301;19410331;   5;   2;    75.3;   -999;   -999;   15.4;eor
  1085;19410401;19410430;   5;   2;    38.4;   -999;   -999;   12.6;eor
  1085;19410501;19410531;   5;   2;    50.5;   -999;   -999;   25.9;eor
  1085;19410601;19410630;   5;   2;    31.0;   -999;   -999;   11.1;eor
  1085;19410701;19410731;   5;   2;    28.5;   -999;   -999;    9.4;eor
  1085;19410801;19410831;   5;   2;   147.5;   -999;   -999;   25.5;eor
  1085;19410901;19410930;   5;   2;    29.8;   -999;   -999;   11.3;eor
  1085;19411001;19411031;   5;   2;   118.3;   -999;   -999;   24.8;eor
  1085;19411101;19411130;   5;   2;    29.3;   -999;   -999;    7.2;eor
  1085;19411201;19411231;   5;   2;    87.4;   -999;   -999;   14.6;eor
  1085;19420101;19420131;   5;   2;    52.6;   -999;   -999;   12.2;eor
  1085;19420201;19420228;   5;   2;    17.2;   -999;   -999;    5.7;eor
  1085;19420301;19420331;   5;   2;    42.5;   -999;   -999;   14.1;eor
  1085;19420401;19420430;   5;   2;    28.7;   -999;   -999;    7.7;eor
  1085;19420501;19420531;   5;   2;    83.1;   -999;   -999;   23.1;eor
  1085;19420601;19420630;   5;   2;    44.1;   -999;   -999;   16.8;eor
  1085;19420701;19420731;   5;   2;   107.9;   -999;   -999;   21.2;eor
  1085;19420801;19420831;   5;   2;    27.9;   -999;   -999;    5.7;eor
  1085;19420901;19420930;   5;   2;    44.3;   -999;   -999;   13.2;eor
  1085;19421001;19421031;   5;   2;    74.7;   -999;   -999;    9.3;eor
  1085;19421101;19421130;   5;   2;    57.6;   -999;   -999;   10.1;eor
  1085;19421201;19421231;   5;   2;    51.9;   -999;   -999;   11.5;eor
  1085;19430101;19430131;   5;   2;    55.5;   -999;   -999;   20.8;eor
  1085;19430201;19430228;   5;   2;    41.9;   -999;   -999;   11.4;eor
  1085;19430301;19430331;   5;   2;    27.4;   -999;   -999;    9.4;eor
  1085;19430401;19430430;   5;   2;    64.2;   -999;   -999;   16.1;eor
  1085;19430501;19430531;   5;   2;    56.2;   -999;   -999;   13.2;eor
  1085;19430601;19430630;   5;   2;    68.8;   -999;   -999;   15.4;eor
  1085;19430701;19430731;   5;   2;    39.1;   -999;   -999;    9.4;eor
  1085;19430801;19430831;   5;   2;   129.0;   -999;   -999;   42.7;eor
  1085;19430901;19430930;   5;   2;    40.7;   -999;   -999;   14.7;eor
  1085;19431001;19431031;   5;   2;    26.8;   -999;   -999;    4.6;eor
  1085;19431101;19431130;   5;   2;   104.8;   -999;   -999;   20.9;eor
  1085;19431201;19431231;   5;   2;    43.3;   -999;   -999;   19.6;eor
  1085;19440101;19440131;   5;   2;   104.5;   -999;   -999;   24.3;eor
  1085;19440201;19440229;   5;   2;    50.8;   -999;   -999;   14.4;eor
  1085;19440301;19440331;   5;   2;    51.0;   -999;   -999;   11.1;eor
  1085;19440401;19440430;   5;   2;    22.5;   -999;   -999;    5.7;eor
  1085;19440501;19440531;   5;   2;    43.5;   -999;   -999;   13.6;eor
  1085;19440601;19440630;   5;   2;    92.6;   -999;   -999;   13.2;eor
  1085;19440701;19440731;   5;   2;   126.5;   -999;   -999;   36.9;eor
  1085;19440801;19440831;   5;   2;    26.0;   -999;   -999;    8.7;eor
  1085;19440901;19440930;   5;   2;    58.7;   -999;   -999;   17.6;eor
  1085;19441001;19441031;   5;   2;    85.3;   -999;   -999;   16.0;eor
  1085;19441101;19441130;   5;   2;   145.3;   -999;   -999;   14.4;eor
  1085;19441201;19441231;   5;   2;    93.0;   -999;   -999;   12.0;eor
  1085;19470101;19470131;   5;   2;    25.6;   -999;   -999;    6.5;eor
  1085;19470201;19470228;   5;   2;    16.7;   -999;   -999;    4.2;eor
  1085;19470301;19470331;   5;   2;    50.8;   -999;   -999;    8.8;eor
  1085;19470401;19470430;   5;   2;    42.8;   -999;   -999;   10.5;eor
  1085;19470501;19470531;   5;   2;    46.8;   -999;   -999;   10.5;eor
  1085;19470601;19470630;   5;   2;    96.9;   -999;   -999;   37.6;eor
  1085;19470701;19470731;   5;   2;    48.2;   -999;   -999;   16.2;eor
  1085;19470801;19470831;   5;   2;    17.0;   -999;   -999;   10.5;eor
  1085;19470901;19470930;   5;   2;    31.8;   -999;   -999;    7.5;eor
  1085;19471001;19471031;   5;   2;    12.5;   -999;   -999;    5.5;eor
  1085;19471101;19471130;   5;   2;    74.1;   -999;   -999;   13.5;eor
  1085;19471201;19471231;   5;   2;    66.5;   -999;   -999;   17.9;eor
  1085;19480101;19480131;   5;   2;   101.4;   -999;   -999;   16.9;eor
  1085;19480201;19480229;   5;   2;    51.2;   -999;   -999;    8.2;eor
  1085;19480301;19480331;   5;   2;    16.8;   -999;   -999;    6.7;eor
  1085;19480401;19480430;   5;   2;    49.6;   -999;   -999;   11.5;eor
  1085;19480501;19480531;   5;   2;    70.0;   -999;   -999;   19.3;eor
  1085;19480601;19480630;   5;   2;    62.5;   -999;   -999;   14.4;eor
  1085;19480701;19480731;   5;   2;   115.6;   -999;   -999;   25.2;eor
  1085;19480801;19480831;   5;   2;    81.2;   -999;   -999;   24.6;eor
  1085;19480901;19480930;   5;   2;    29.1;   -999;   -999;    9.2;eor
  1085;19481001;19481031;   5;   2;    31.2;   -999;   -999;    9.7;eor
  1085;19481101;19481130;   5;   2;    20.6;   -999;   -999;    8.2;eor
  1085;19481201;19481231;   5;   2;    34.7;   -999;   -999;    7.5;eor
  1085;19490101;19490131;   5;   2;    12.4;   -999;   -999;    4.8;eor
  1085;19490201;19490228;   5;   2;    29.3;   -999;   -999;    9.7;eor
  1085;19490301;19490331;   5;   2;    23.3;   -999;   -999;    9.7;eor
  1085;19490401;19490430;   5;   2;    30.8;   -999;   -999;    9.1;eor
  1085;19490501;19490531;   5;   2;    51.2;   -999;   -999;   17.4;eor
  1085;19490601;19490630;   5;   2;    58.4;   -999;   -999;   16.6;eor
  1085;19490701;19490731;   5;   2;    41.2;   -999;   -999;   12.1;eor
  1085;19490801;19490831;   5;   2;    32.6;   -999;   -999;    9.0;eor
  1085;19490901;19490930;   5;   2;    46.6;   -999;   -999;   10.0;eor
  1085;19491001;19491031;   5;   2;    31.8;   -999;   -999;    8.0;eor
  1085;19491101;19491130;   5;   2;    74.1;   -999;   -999;   22.2;eor
  1085;19491201;19491231;   5;   2;    89.6;   -999;   -999;   30.0;eor
  1085;19500101;19500131;   5;   2;    34.5;   -999;   -999;    7.1;eor
  1085;19500201;19500228;   5;   2;    91.5;   -999;   -999;   15.4;eor
  1085;19500301;19500331;   5;   2;    20.1;   -999;   -999;    9.3;eor
  1085;19500401;19500430;   5;   2;    72.3;   -999;   -999;    7.3;eor
  1085;19500501;19500531;   5;   2;    58.6;   -999;   -999;   15.9;eor
  1085;19500601;19500630;   5;   2;    50.6;   -999;   -999;   19.0;eor
  1085;19500701;19500731;   5;   2;    80.7;   -999;   -999;   11.9;eor
  1085;19500801;19500831;   5;   2;    47.3;   -999;   -999;   16.3;eor
  1085;19500901;19500930;   5;   2;    80.8;   -999;   -999;   11.3;eor
  1085;19501001;19501031;   5;   2;    36.2;   -999;   -999;    8.6;eor
  1085;19501101;19501130;   5;   2;   100.8;   -999;   -999;   34.1;eor
  1085;19501201;19501231;   5;   2;    54.8;   -999;   -999;   10.2;eor
  1085;19510101;19510131;   5;   2;    81.2;   -999;   -999;   16.4;eor
  1085;19510201;19510228;   5;   2;    49.9;   -999;   -999;   14.4;eor
  1085;19510301;19510331;   5;   2;    75.2;   -999;   -999;   19.3;eor
  1085;19510401;19510430;   5;   2;    51.3;   -999;   -999;    9.4;eor
  1085;19510501;19510531;   5;   2;    70.6;   -999;   -999;   13.1;eor
  1085;19510601;19510630;   5;   2;    43.2;   -999;   -999;   12.2;eor
  1085;19510701;19510731;   5;   2;    49.5;   -999;   -999;   12.9;eor
  1085;19510801;19510831;   5;   2;    74.4;   -999;   -999;   14.6;eor
  1085;19510901;19510930;   5;   2;    54.9;   -999;   -999;   17.9;eor
  1085;19511001;19511031;   5;   2;    23.1;   -999;   -999;   12.5;eor
  1085;19511101;19511130;   5;   2;    87.9;   -999;   -999;   10.3;eor
  1085;19511201;19511231;   5;   2;    58.7;   -999;   -999;   20.2;eor
  1085;19520101;19520131;   5;   2;    99.4;   -999;   -999;   31.5;eor
  1085;19520201;19520229;   5;   2;    47.9;   -999;   -999;   19.4;eor
  1085;19520301;19520331;   5;   2;    41.0;   -999;   -999;    7.8;eor
  1085;19520401;19520430;   5;   2;    22.6;   -999;   -999;   11.2;eor
  1085;19520501;19520531;   5;   2;    27.7;   -999;   -999;    8.4;eor
  1085;19520601;19520630;   5;   2;    53.8;   -999;   -999;   23.6;eor
  1085;19520701;19520731;   5;   2;    98.5;   -999;   -999;   39.5;eor
  1085;19520801;19520831;   5;   2;    74.4;   -999;   -999;   16.3;eor
  1085;19520901;19520930;   5;   2;    54.8;   -999;   -999;   10.0;eor
  1085;19521001;19521031;   5;   2;    50.6;   -999;   -999;    8.8;eor
  1085;19521101;19521130;   5;   2;    88.9;   -999;   -999;   21.5;eor
  1085;19521201;19521231;   5;   2;    83.2;   -999;   -999;   23.7;eor
  1085;19530101;19530131;   5;   2;    38.8;   -999;   -999;   19.7;eor
  1085;19530201;19530228;   5;   2;    43.5;   -999;   -999;    8.2;eor
  1085;19530301;19530331;   5;   2;    15.4;   -999;   -999;    5.1;eor
  1085;19530401;19530430;   5;   2;    46.0;   -999;   -999;   12.4;eor
  1085;19530501;19530531;   5;   2;    28.5;   -999;   -999;    7.0;eor
  1085;19530601;19530630;   5;   2;   111.9;   -999;   -999;   28.7;eor
  1085;19530701;19530731;   5;   2;    98.2;   -999;   -999;   21.5;eor
  1085;19530801;19530831;   5;   2;    55.6;   -999;   -999;   10.9;eor
  1085;19530901;19530930;   5;   2;    34.2;   -999;   -999;    8.5;eor
  1085;19531001;19531031;   5;   2;    11.7;   -999;   -999;    2.5;eor
  1085;19531101;19531130;   5;   2;     5.0;   -999;   -999;    1.3;eor
  1085;19531201;19531231;   5;   2;    43.2;   -999;   -999;   10.2;eor
  1085;19540101;19540131;   5;   2;    57.3;   -999;   -999;   21.2;eor
  1085;19540201;19540228;   5;   2;    33.5;   -999;   -999;    8.8;eor
  1085;19540301;19540331;   5;   2;    41.4;   -999;   -999;   14.3;eor
  1085;19540401;19540430;   5;   2;    21.5;   -999;   -999;    6.9;eor
  1085;19540501;19540531;   5;   2;    71.6;   -999;   -999;   51.3;eor
  1085;19540601;19540630;   5;   2;    81.6;   -999;   -999;   24.3;eor
  1085;19540701;19540731;   5;   2;    80.3;   -999;   -999;   18.9;eor
  1085;19540801;19540831;   5;   2;   138.1;   -999;   -999;   61.9;eor
  1085;19540901;19540930;   5;   2;    51.7;   -999;   -999;   10.5;eor
  1085;19541001;19541031;   5;   2;    77.9;   -999;   -999;   13.8;eor
  1085;19541101;19541130;   5;   2;    48.1;   -999;   -999;   11.4;eor
  1085;19541201;19541231;   5;   2;    54.4;   -999;   -999;    9.6;eor
  1085;19550101;19550131;   5;   2;    71.1;   -999;   -999;   13.0;eor
  1085;19550201;19550228;   5;   2;    49.0;   -999;   -999;    8.9;eor
  1085;19550301;19550331;   5;   2;    36.9;   -999;   -999;    9.3;eor
  1085;19550401;19550430;   5;   2;    31.8;   -999;   -999;   11.1;eor
  1085;19550501;19550531;   5;   2;    62.5;   -999;   -999;   12.6;eor
  1085;19550601;19550630;   5;   2;    41.0;   -999;   -999;    8.0;eor
  1085;19550701;19550731;   5;   2;    26.9;   -999;   -999;    7.7;eor
  1085;19550801;19550831;   5;   2;    55.4;   -999;   -999;   13.5;eor
  1085;19550901;19550930;   5;   2;    69.5;   -999;   -999;   12.9;eor
  1085;19551001;19551031;   5;   2;    38.2;   -999;   -999;    8.7;eor
  1085;19551101;19551130;   5;   2;    19.7;   -999;   -999;    3.5;eor
  1085;19551201;19551231;   5;   2;    64.6;   -999;   -999;    8.4;eor
  1085;19560101;19560131;   5;   2;    64.5;   -999;   -999;   13.0;eor
  1085;19560201;19560229;   5;   2;    17.9;   -999;   -999;    7.8;eor
  1085;19560301;19560331;   5;   2;    36.9;   -999;   -999;   11.7;eor
  1085;19560401;19560430;   5;   2;    42.5;   -999;   -999;   16.9;eor
  1085;19560501;19560531;   5;   2;    63.4;   -999;   -999;   17.9;eor
  1085;19560601;19560630;   5;   2;    75.6;   -999;   -999;   21.8;eor
  1085;19560701;19560731;   5;   2;   101.3;   -999;   -999;   23.0;eor
  1085;19560801;19560831;   5;   2;   164.1;   -999;   -999;   35.0;eor
  1085;19560901;19560930;   5;   2;    89.9;   -999;   -999;   21.9;eor
  1085;19561001;19561031;   5;   2;    71.9;   -999;   -999;   12.3;eor
  1085;19561101;19561130;   5;   2;    38.8;   -999;   -999;    9.6;eor
  1085;19561201;19561231;   5;   2;    38.2;   -999;   -999;    5.1;eor
  1085;19570101;19570131;   5;   2;    42.2;   -999;   -999;   10.8;eor
  1085;19570201;19570228;   5;   2;   103.6;   -999;   -999;   19.0;eor
  1085;19570301;19570331;   5;   2;    48.4;   -999;   -999;   12.8;eor
  1085;19570401;19570430;   5;   2;     5.5;   -999;   -999;    2.0;eor
  1085;19570501;19570531;   5;   2;    65.0;   -999;   -999;   12.3;eor
  1085;19570601;19570630;   5;   2;    52.4;   -999;   -999;    9.2;eor
  1085;19570701;19570731;   5;   2;    72.7;   -999;   -999;   11.1;eor
  1085;19570801;19570831;   5;   2;   102.9;   -999;   -999;   24.4;eor
  1085;19570901;19570930;   5;   2;   133.2;   -999;   -999;   14.8;eor
  1085;19571001;19571031;   5;   2;    28.1;   -999;   -999;    6.3;eor
  1085;19571101;19571130;   5;   2;    30.3;   -999;   -999;    9.6;eor
  1085;19571201;19571231;   5;   2;    44.0;   -999;   -999;   11.5;eor
  1085;19580101;19580131;   5;   2;    64.9;   -999;   -999;   11.3;eor
  1085;19580201;19580228;   5;   2;    88.1;   -999;   -999;   18.7;eor
  1085;19580301;19580331;   5;   2;    14.7;   -999;   -999;    3.6;eor
  1085;19580401;19580430;   5;   2;    44.8;   -999;   -999;   19.0;eor
  1085;19580501;19580531;   5;   2;    75.0;   -999;   -999;   19.6;eor
  1085;19580601;19580630;   5;   2;    55.0;   -999;   -999;    9.9;eor
  1085;19580701;19580731;   5;   2;    95.0;   -999;   -999;   26.4;eor
  1085;19580801;19580831;   5;   2;    91.6;   -999;   -999;   12.9;eor
  1085;19580901;19580930;   5;   2;    51.5;   -999;   -999;   24.1;eor
  1085;19581001;19581031;   5;   2;    72.2;   -999;   -999;   26.1;eor
  1085;19581101;19581130;   5;   2;    28.8;   -999;   -999;    6.4;eor
  1085;19581201;19581231;   5;   2;    66.6;   -999;   -999;    9.1;eor
  1085;19590101;19590131;   5;   2;    49.9;   -999;   -999;    9.5;eor
  1085;19590201;19590228;   5;   2;    13.8;   -999;   -999;   11.9;eor
  1085;19590301;19590331;   5;   2;    39.4;   -999;   -999;    9.6;eor
  1085;19590401;19590430;   5;   2;    71.1;   -999;   -999;   23.3;eor
  1085;19590501;19590531;   5;   2;    19.8;   -999;   -999;    6.2;eor
  1085;19590601;19590630;   5;   2;    28.2;   -999;   -999;    9.3;eor
  1085;19590701;19590731;   5;   2;    26.3;   -999;   -999;    7.6;eor
  1085;19590801;19590831;   5;   2;    32.6;   -999;   -999;   24.6;eor
  1085;19590901;19590930;   5;   2;     2.6;   -999;   -999;    2.3;eor
  1085;19591001;19591031;   5;   2;    38.1;   -999;   -999;   16.4;eor
  1085;19591101;19591130;   5;   2;    28.1;   -999;   -999;    8.3;eor
  1085;19591201;19591231;   5;   2;    41.9;   -999;   -999;    6.0;eor
  1085;19600101;19600131;   5;   2;    72.9;   -999;   -999;   13.8;eor
  1085;19600201;19600229;   5;   2;    29.4;   -999;   -999;    5.6;eor
  1085;19600301;19600331;   5;   2;    19.3;   -999;   -999;    4.1;eor
  1085;19600401;19600430;   5;   2;    36.3;   -999;   -999;   12.7;eor
  1085;19600501;19600531;   5;   2;    50.2;   -999;   -999;   30.2;eor
  1085;19600601;19600630;   5;   2;    35.0;   -999;   -999;    6.2;eor
  1085;19600701;19600731;   5;   2;   100.2;   -999;   -999;   25.0;eor
  1085;19600801;19600831;   5;   2;   127.9;   -999;   -999;   23.0;eor
  1085;19600901;19600930;   5;   2;   110.7;   -999;   -999;   36.1;eor
  1085;19601001;19601031;   5;   2;   110.8;   -999;   -999;   25.6;eor
  1085;19601101;19601130;   5;   2;    90.9;   -999;   -999;   21.1;eor
  1085;19601201;19601231;   5;   2;    65.7;   -999;   -999;   25.4;eor
  1085;19610101;19610131;   5;   2;    83.3;   -999;   -999;   13.0;eor
  1085;19610201;19610228;   5;   2;    65.6;   -999;   -999;   15.4;eor
  1085;19610301;19610331;   5;   2;    35.7;   -999;   -999;   15.9;eor
  1085;19610401;19610430;   5;   2;   112.6;   -999;   -999;   19.9;eor
  1085;19610501;19610531;   5;   2;    53.1;   -999;   -999;   11.9;eor
  1085;19610601;19610630;   5;   2;   151.3;   -999;   -999;   56.9;eor
  1085;19610701;19610731;   5;   2;    69.6;   -999;   -999;   10.1;eor
  1085;19610801;19610831;   5;   2;    63.2;   -999;   -999;   13.3;eor
  1085;19610901;19610930;   5;   2;    55.0;   -999;   -999;   18.5;eor
  1085;19611001;19611031;   5;   2;    55.5;   -999;   -999;   11.4;eor
  1085;19611101;19611130;   5;   2;    88.3;   -999;   -999;   16.8;eor
  1085;19611201;19611231;   5;   2;    96.9;   -999;   -999;   22.0;eor
  1085;19620101;19620131;   5;   2;    70.5;   -999;   -999;   10.7;eor
  1085;19620201;19620228;   5;   2;    70.0;   -999;   -999;   19.0;eor
  1085;19620301;19620331;   5;   2;    48.2;   -999;   -999;   10.2;eor
  1085;19620401;19620430;   5;   2;    81.1;   -999;   -999;   26.5;eor
  1085;19620501;19620531;   5;   2;    74.8;   -999;   -999;    9.6;eor
  1085;19620601;19620630;   5;   2;    19.4;   -999;   -999;    7.9;eor
  1085;19620701;19620731;   5;   2;    85.7;   -999;   -999;   14.2;eor
  1085;19620801;19620831;   5;   2;    70.6;   -999;   -999;   14.1;eor
  1085;19620901;19620930;   5;   2;    51.1;   -999;   -999;   12.5;eor
  1085;19621001;19621031;   5;   2;    19.9;   -999;   -999;    8.4;eor
  1085;19621101;19621130;   5;   2;    24.8;   -999;   -999;    6.0;eor
  1085;19621201;19621231;   5;   2;    99.1;   -999;   -999;   12.9;eor
  1085;19630101;19630131;   5;   2;    25.0;   -999;   -999;    9.5;eor
  1085;19630201;19630228;   5;   2;    14.2;   -999;   -999;    8.1;eor
  1085;19630301;19630331;   5;   2;    49.9;   -999;   -999;   17.2;eor
  1085;19630401;19630430;   5;   2;    36.0;   -999;   -999;   10.3;eor
  1085;19630501;19630531;   5;   2;    59.2;   -999;   -999;   19.8;eor
  1085;19630601;19630630;   5;   2;   101.6;   -999;   -999;   19.7;eor
  1085;19630701;19630731;   5;   2;    29.5;   -999;   -999;   15.8;eor
  1085;19630801;19630831;   5;   2;    62.3;   -999;   -999;   17.2;eor
  1085;19630901;19630930;   5;   2;    87.1;   -999;   -999;   20.7;eor
  1085;19631001;19631031;   5;   2;    46.8;   -999;   -999;   14.2;eor
  1085;19631101;19631130;   5;   2;    88.8;   -999;   -999;   11.5;eor
  1085;19631201;19631231;   5;   2;    12.2;   -999;   -999;    5.7;eor
  1085;19640101;19640131;   5;   2;    22.6;   -999;   -999;    5.2;eor
  1085;19640201;19640229;   5;   2;    32.5;   -999;   -999;    9.6;eor
  1085;19640301;19640331;   5;   2;    31.2;   -999;   -999;   11.8;eor
  1085;19640401;19640430;   5;   2;    55.0;   -999;   -999;   12.4;eor
  1085;19640501;19640531;   5;   2;    39.7;   -999;   -999;   10.4;eor
  1085;19640601;19640630;   5;   2;    34.5;   -999;   -999;    9.9;eor
  1085;19640701;19640731;   5;   2;    31.4;   -999;   -999;    9.7;eor
  1085;19640801;19640831;   5;   2;    55.6;   -999;   -999;   26.0;eor
  1085;19640901;19640930;   5;   2;    73.5;   -999;   -999;   42.1;eor
  1085;19641001;19641031;   5;   2;    72.0;   -999;   -999;   17.0;eor
  1085;19641101;19641130;   5;   2;    82.0;   -999;   -999;   29.0;eor
  1085;19641201;19641231;   5;   2;    64.1;   -999;   -999;    9.4;eor
  1085;19650101;19650131;   5;   2;    90.4;   -999;   -999;   12.0;eor
  1085;19650201;19650228;   5;   2;    19.7;   -999;   -999;    4.5;eor
  1085;19650301;19650331;   5;   2;    40.9;   -999;   -999;    9.6;eor
  1085;19650401;19650430;   5;   2;    89.0;   -999;   -999;   13.0;eor
  1085;19650501;19650531;   5;   2;    56.1;   -999;   -999;   13.0;eor
  1085;19650601;19650630;   5;   2;   104.2;   -999;   -999;   25.7;eor
  1085;19650701;19650731;   5;   2;   218.9;   -999;   -999;   42.0;eor
  1085;19650801;19650831;   5;   2;    59.7;   -999;   -999;   15.8;eor
  1085;19650901;19650930;   5;   2;    64.3;   -999;   -999;   15.7;eor
  1085;19651001;19651031;   5;   2;    23.2;   -999;   -999;   10.1;eor
  1085;19651101;19651130;   5;   2;    96.3;   -999;   -999;   22.5;eor
  1085;19651201;19651231;   5;   2;   150.5;   -999;   -999;   19.9;eor
  1085;19660101;19660131;   5;   2;    44.9;   -999;   -999;   13.3;eor
  1085;19660201;19660228;   5;   2;    77.5;   -999;   -999;   10.1;eor
  1085;19660301;19660331;   5;   2;    84.9;   -999;   -999;   10.2;eor
  1085;19660401;19660430;   5;   2;    92.0;   -999;   -999;   20.7;eor
  1085;19660501;19660531;   5;   2;    59.7;   -999;   -999;   13.5;eor
  1085;19660601;19660630;   5;   2;   112.3;   -999;   -999;   38.5;eor
  1085;19660701;19660731;   5;   2;    98.0;   -999;   -999;   31.7;eor
  1085;19660801;19660831;   5;   2;   159.0;   -999;   -999;  112.0;eor
  1085;19660901;19660930;   5;   2;    32.7;   -999;   -999;    9.8;eor
  1085;19661001;19661031;   5;   2;    72.6;   -999;   -999;   22.9;eor
  1085;19661101;19661130;   5;   2;    97.2;   -999;   -999;   17.3;eor
  1085;19661201;19661231;   5;   2;   176.1;   -999;   -999;   19.7;eor
  1085;19670101;19670131;   5;   2;    33.4;   -999;   -999;    4.4;eor
  1085;19670201;19670228;   5;   2;    65.8;   -999;   -999;   14.0;eor
  1085;19670301;19670331;   5;   2;    53.8;   -999;   -999;    8.3;eor
  1085;19670401;19670430;   5;   2;    47.9;   -999;   -999;    9.4;eor
  1085;19670501;19670531;   5;   2;    84.2;   -999;   -999;   14.1;eor
  1085;19670601;19670630;   5;   2;    52.7;   -999;   -999;   16.5;eor
  1085;19670701;19670731;   5;   2;    80.6;   -999;   -999;   44.1;eor
  1085;19670801;19670831;   5;   2;    61.9;   -999;   -999;   15.0;eor
  1085;19670901;19670930;   5;   2;    58.2;   -999;   -999;   18.3;eor
  1085;19671001;19671031;   5;   2;    72.2;   -999;   -999;   15.0;eor
  1085;19671101;19671130;   5;   2;    87.7;   -999;   -999;   32.0;eor
  1085;19671201;19671231;   5;   2;    99.3;   -999;   -999;   24.5;eor
  1085;19680101;19680131;   5;   2;    77.5;   -999;   -999;   22.8;eor
  1085;19680201;19680229;   5;   2;    23.5;   -999;   -999;    3.9;eor
  1085;19680301;19680331;   5;   2;    55.4;   -999;   -999;   10.0;eor
  1085;19680401;19680430;   5;   2;    20.4;   -999;   -999;    6.3;eor
  1085;19680501;19680531;   5;   2;    60.9;   -999;   -999;    9.5;eor
  1085;19680601;19680630;   5;   2;   118.7;   -999;   -999;   37.9;eor
  1085;19680701;19680731;   5;   2;    77.5;   -999;   -999;   21.7;eor
  1085;19680801;19680831;   5;   2;   150.7;   -999;   -999;   38.2;eor
  1085;19680901;19680930;   5;   2;   106.9;   -999;   -999;   22.2;eor
  1085;19681001;19681031;   5;   2;    62.0;   -999;   -999;   14.3;eor
  1085;19681101;19681130;   5;   2;    41.0;   -999;   -999;   16.8;eor
  1085;19681201;19681231;   5;   2;    33.5;   -999;   -999;    8.2;eor
  1085;19690101;19690131;   5;   2;    36.3;   -999;   -999;   10.4;eor
  1085;19690201;19690228;   5;   2;    55.0;   -999;   -999;   11.6;eor
  1085;19690301;19690331;   5;   2;    71.6;   -999;   -999;   19.5;eor
  1085;19690401;19690430;   5;   2;    63.6;   -999;   -999;   17.0;eor
  1085;19690501;19690531;   5;   2;    74.0;   -999;   -999;   17.3;eor
  1085;19690601;19690630;   5;   2;    34.7;   -999;   -999;   12.5;eor
  1085;19690701;19690731;   5;   2;    47.6;   -999;   -999;   15.2;eor
  1085;19690801;19690831;   5;   2;   117.0;   -999;   -999;   20.1;eor
  1085;19690901;19690930;   5;   2;    16.8;   -999;   -999;    4.6;eor
  1085;19691001;19691031;   5;   2;    11.1;   -999;   -999;    2.4;eor
  1085;19691101;19691130;   5;   2;    79.4;   -999;   -999;   19.5;eor
  1085;19691201;19691231;   5;   2;    22.3;   -999;   -999;    7.4;eor
  1085;19700101;19700131;   5;   2;    48.8;   -999;   -999;    9.0;eor
  1085;19700201;19700228;   5;   2;   135.8;   -999;   -999;   27.2;eor
  1085;19700301;19700331;   5;   2;    69.7;   -999;   -999;   11.8;eor
  1085;19700401;19700430;   5;   2;    98.6;   -999;   -999;   14.5;eor
  1085;19700501;19700531;   5;   2;    40.3;   -999;   -999;    9.0;eor
  1085;19700601;19700630;   5;   2;    36.2;   -999;   -999;   14.9;eor
  1085;19700701;19700731;   5;   2;   127.4;   -999;   -999;   23.1;eor
  1085;19700801;19700831;   5;   2;    39.7;   -999;   -999;    9.9;eor
  1085;19700901;19700930;   5;   2;    59.3;   -999;   -999;   11.5;eor
  1085;19701001;19701031;   5;   2;    70.7;   -999;   -999;   14.5;eor
  1085;19701101;19701130;   5;   2;    71.3;   -999;   -999;   14.2;eor
  1085;19701201;19701230;-999;-999;    -999;   -999;   -999;    8.6;eor
  1085;19701201;19701231;   5;   2;    39.9;   -999;   -999;-999;eor
