STATIONS_ID; MESS_DATUM_BEGINN; MESS_DATUM_ENDE; QUALITAETS_NIVEAU; ART; NIEDERSCHLAGSHOEHE;NEUSCHNEEHOEHE;SCHNEEHOEHE; max(NIEDERSCHLAGSHOEHE);eor
  5074;18790101;18790131;   5;   2;    36.0;   -999;   -999;-999;eor
  5074;18790201;18790228;   5;   2;    67.0;   -999;   -999;-999;eor
  5074;18790301;18790331;   5;   2;    41.0;   -999;   -999;-999;eor
  5074;18790401;18790430;   5;   2;    89.0;   -999;   -999;-999;eor
  5074;18790501;18790531;   5;   2;   165.0;   -999;   -999;-999;eor
  5074;18790601;18790630;   5;   2;   158.0;   -999;   -999;-999;eor
  5074;18790701;18790731;   5;   2;   228.0;   -999;   -999;-999;eor
  5074;18790801;18790831;   5;   2;   172.0;   -999;   -999;-999;eor
  5074;18790901;18790930;   5;   2;    78.0;   -999;   -999;-999;eor
  5074;18791001;18791031;   5;   2;   123.0;   -999;   -999;-999;eor
  5074;18791101;18791130;   5;   2;   124.0;   -999;   -999;-999;eor
  5074;18791201;18791231;   5;   2;    63.0;   -999;   -999;-999;eor
  5074;18800101;18800131;   5;   2;    69.0;   -999;   -999;-999;eor
  5074;18800201;18800229;   5;   2;    30.0;   -999;   -999;-999;eor
  5074;18800301;18800331;   5;   2;    46.0;   -999;   -999;-999;eor
  5074;18800401;18800430;   5;   2;   114.0;   -999;   -999;-999;eor
  5074;18800501;18800531;   5;   2;   178.0;   -999;   -999;-999;eor
  5074;18800601;18800630;   5;   2;   146.0;   -999;   -999;-999;eor
  5074;18800701;18800731;   5;   2;   147.0;   -999;   -999;-999;eor
  5074;18800801;18800831;   5;   2;   215.0;   -999;   -999;-999;eor
  5074;18800901;18800930;   5;   2;   182.0;   -999;   -999;-999;eor
  5074;18801001;18801031;   5;   2;   169.0;   -999;   -999;-999;eor
  5074;18801101;18801130;   5;   2;    77.0;   -999;   -999;-999;eor
  5074;18801201;18801231;   5;   2;   164.0;   -999;   -999;-999;eor
  5074;18810101;18810131;   5;   2;    28.0;   -999;   -999;-999;eor
  5074;18810201;18810228;   5;   2;    38.0;   -999;   -999;-999;eor
  5074;18810301;18810331;   5;   2;   114.0;   -999;   -999;-999;eor
  5074;18810401;18810430;   5;   2;   107.0;   -999;   -999;-999;eor
  5074;18810501;18810531;   5;   2;   237.0;   -999;   -999;-999;eor
  5074;18810601;18810630;   5;   2;   111.0;   -999;   -999;-999;eor
  5074;18810701;18810731;   5;   2;   156.0;   -999;   -999;-999;eor
  5074;18810801;18810831;   5;   2;   183.0;   -999;   -999;-999;eor
  5074;18810901;18810930;   5;   2;   173.0;   -999;   -999;-999;eor
  5074;18811001;18811031;   5;   2;   115.0;   -999;   -999;-999;eor
  5074;18811101;18811130;   5;   2;    61.0;   -999;   -999;-999;eor
  5074;18811201;18811231;   5;   2;    43.0;   -999;   -999;-999;eor
  5074;18820101;18820131;   5;   2;    31.0;   -999;   -999;-999;eor
  5074;18820201;18820228;   5;   2;    33.0;   -999;   -999;-999;eor
  5074;18820301;18820331;   5;   2;    55.0;   -999;   -999;-999;eor
  5074;18820401;18820430;   5;   2;    93.0;   -999;   -999;-999;eor
  5074;18820501;18820531;   5;   2;   130.0;   -999;   -999;-999;eor
  5074;18820601;18820630;   5;   2;   155.0;   -999;   -999;-999;eor
  5074;18820701;18820731;   5;   2;   233.0;   -999;   -999;-999;eor
  5074;18820801;18820831;   5;   2;   223.0;   -999;   -999;-999;eor
  5074;18820901;18820930;   5;   2;   143.0;   -999;   -999;-999;eor
  5074;18821001;18821031;   5;   2;    69.0;   -999;   -999;-999;eor
  5074;18821101;18821130;   5;   2;   136.0;   -999;   -999;-999;eor
  5074;18821201;18821231;   5;   2;   134.0;   -999;   -999;-999;eor
  5074;18830101;18830131;   5;   2;    94.0;   -999;   -999;-999;eor
  5074;18830201;18830228;   5;   2;    50.0;   -999;   -999;-999;eor
  5074;18830301;18830331;   5;   2;    44.0;   -999;   -999;-999;eor
  5074;18830401;18830430;   5;   2;    81.0;   -999;   -999;-999;eor
  5074;18830501;18830531;   5;   2;    87.0;   -999;   -999;-999;eor
  5074;18830601;18830630;   5;   2;   257.0;   -999;   -999;-999;eor
  5074;18830701;18830731;   5;   2;   200.0;   -999;   -999;-999;eor
  5074;18830801;18830831;   5;   2;   139.0;   -999;   -999;-999;eor
  5074;18830901;18830930;   5;   2;   163.0;   -999;   -999;-999;eor
  5074;18831001;18831031;   5;   2;    80.0;   -999;   -999;-999;eor
  5074;18831101;18831130;   5;   2;    73.0;   -999;   -999;-999;eor
  5074;18831201;18831231;   5;   2;   172.0;   -999;   -999;-999;eor
  5074;18840101;18840131;   5;   2;   103.0;   -999;   -999;-999;eor
  5074;18840201;18840229;   5;   2;    29.0;   -999;   -999;-999;eor
  5074;18840301;18840331;   5;   2;    59.0;   -999;   -999;-999;eor
  5074;18840401;18840430;   5;   2;    90.0;   -999;   -999;-999;eor
  5074;18840501;18840531;   5;   2;   103.0;   -999;   -999;-999;eor
  5074;18840601;18840630;   5;   2;   259.0;   -999;   -999;-999;eor
  5074;18840701;18840731;   5;   2;   186.0;   -999;   -999;-999;eor
  5074;18840801;18840831;   5;   2;   103.0;   -999;   -999;-999;eor
  5074;18840901;18840930;   5;   2;    88.0;   -999;   -999;-999;eor
  5074;18841001;18841031;   5;   2;   224.0;   -999;   -999;-999;eor
  5074;18841101;18841130;   5;   2;    36.0;   -999;   -999;-999;eor
  5074;18841201;18841231;   5;   2;   112.0;   -999;   -999;-999;eor
  5074;18850101;18850131;   5;   2;    16.0;   -999;   -999;-999;eor
  5074;18850201;18850228;   5;   2;    44.0;   -999;   -999;-999;eor
  5074;18850301;18850331;   5;   2;    93.0;   -999;   -999;-999;eor
  5074;18850401;18850430;   5;   2;    46.0;   -999;   -999;-999;eor
  5074;18850501;18850531;   5;   2;   157.0;   -999;   -999;-999;eor
  5074;18850601;18850630;   5;   2;    96.0;   -999;   -999;-999;eor
  5074;18850701;18850731;   5;   2;   124.0;   -999;   -999;-999;eor
  5074;18850801;18850831;   5;   2;   102.0;   -999;   -999;-999;eor
  5074;18850901;18850930;   5;   2;   181.0;   -999;   -999;-999;eor
  5074;18851001;18851031;   5;   2;   120.0;   -999;   -999;-999;eor
  5074;18851101;18851130;   5;   2;   102.0;   -999;   -999;-999;eor
  5074;18851201;18851231;   5;   2;   159.0;   -999;   -999;-999;eor
  5074;18860101;18860131;   5;   2;    69.0;   -999;   -999;-999;eor
  5074;18860201;18860228;   5;   2;    34.0;   -999;   -999;-999;eor
  5074;18860301;18860331;   5;   2;    86.0;   -999;   -999;-999;eor
  5074;18860401;18860430;   5;   2;   108.0;   -999;   -999;-999;eor
  5074;18860501;18860531;   5;   2;    40.0;   -999;   -999;-999;eor
  5074;18860601;18860630;   5;   2;   243.0;   -999;   -999;-999;eor
  5074;18860701;18860731;   5;   2;   121.0;   -999;   -999;-999;eor
  5074;18860801;18860831;   5;   2;   134.0;   -999;   -999;-999;eor
  5074;18860901;18860930;   5;   2;    51.0;   -999;   -999;-999;eor
  5074;18861001;18861031;   5;   2;    49.0;   -999;   -999;-999;eor
  5074;18861101;18861130;   5;   2;    59.0;   -999;   -999;-999;eor
  5074;18861201;18861231;   5;   2;    93.0;   -999;   -999;-999;eor
  5074;18870101;18870131;   5;   2;     6.0;   -999;   -999;-999;eor
  5074;18870201;18870228;   5;   2;    29.0;   -999;   -999;-999;eor
  5074;18870301;18870331;   5;   2;   127.0;   -999;   -999;-999;eor
  5074;18870401;18870430;   5;   2;    45.0;   -999;   -999;-999;eor
  5074;18870501;18870531;   5;   2;   254.0;   -999;   -999;-999;eor
  5074;18870601;18870630;   5;   2;    85.0;   -999;   -999;-999;eor
  5074;18870701;18870731;   5;   2;   139.0;   -999;   -999;-999;eor
  5074;18870801;18870831;   5;   2;   176.0;   -999;   -999;-999;eor
  5074;18870901;18870930;   5;   2;    91.0;   -999;   -999;-999;eor
  5074;18871001;18871031;   5;   2;   104.0;   -999;   -999;-999;eor
  5074;18871101;18871130;   5;   2;   106.0;   -999;   -999;-999;eor
  5074;18871201;18871231;   5;   2;   168.0;   -999;   -999;-999;eor
  5074;18880101;18880131;   5;   2;   117.0;   -999;   -999;-999;eor
  5074;18880201;18880229;   5;   2;    78.0;   -999;   -999;-999;eor
  5074;18880301;18880331;   5;   2;    58.0;   -999;   -999;-999;eor
  5074;18880401;18880430;   5;   2;   112.0;   -999;   -999;-999;eor
  5074;18880501;18880531;   5;   2;   106.0;   -999;   -999;-999;eor
  5074;18880601;18880630;   5;   2;   146.0;   -999;   -999;-999;eor
  5074;18880701;18880731;   5;   2;   201.0;   -999;   -999;-999;eor
  5074;18880801;18880831;   5;   2;   178.0;   -999;   -999;-999;eor
  5074;18880901;18880930;   5;   2;   179.0;   -999;   -999;-999;eor
  5074;18881001;18881031;   5;   2;    92.0;   -999;   -999;-999;eor
  5074;18881101;18881130;   5;   2;    90.0;   -999;   -999;-999;eor
  5074;18881201;18881231;   5;   2;    23.0;   -999;   -999;-999;eor
  5074;18890101;18890131;   5;   2;    27.0;   -999;   -999;-999;eor
  5074;18890201;18890228;   5;   2;   167.0;   -999;   -999;-999;eor
  5074;18890301;18890331;   5;   2;    86.0;   -999;   -999;-999;eor
  5074;18890401;18890430;   5;   2;    92.0;   -999;   -999;-999;eor
  5074;18890501;18890531;   5;   2;   138.0;   -999;   -999;-999;eor
  5074;18890601;18890630;   5;   2;   284.0;   -999;   -999;-999;eor
  5074;18890701;18890731;   5;   2;   225.0;   -999;   -999;-999;eor
  5074;18890801;18890831;   5;   2;   214.0;   -999;   -999;-999;eor
  5074;18890901;18890930;   5;   2;   131.0;   -999;   -999;-999;eor
  5074;18891001;18891031;   5;   2;    73.0;   -999;   -999;-999;eor
  5074;18891101;18891130;   5;   2;    85.0;   -999;   -999;-999;eor
  5074;18891201;18891231;   5;   2;    46.0;   -999;   -999;-999;eor
  5074;18900101;18900131;   5;   2;    85.0;   -999;   -999;-999;eor
  5074;18900201;18900228;   5;   2;    11.0;   -999;   -999;-999;eor
  5074;18900301;18900331;   5;   2;    37.0;   -999;   -999;-999;eor
  5074;18900401;18900430;   5;   2;   104.0;   -999;   -999;-999;eor
  5074;18900501;18900531;   5;   2;    90.0;   -999;   -999;-999;eor
  5074;18900601;18900630;   5;   2;   259.0;   -999;   -999;-999;eor
  5074;18900701;18900731;   5;   2;   231.0;   -999;   -999;-999;eor
  5074;18900801;18900831;   5;   2;   219.0;   -999;   -999;-999;eor
  5074;18900901;18900930;   5;   2;   170.0;   -999;   -999;-999;eor
  5074;18901001;18901031;   5;   2;   135.0;   -999;   -999;-999;eor
  5074;18901101;18901130;   5;   2;   117.0;   -999;   -999;-999;eor
  5074;18901201;18901231;   5;   2;    10.0;   -999;   -999;-999;eor
  5074;18910101;18910131;   5;   2;    65.0;   -999;   -999;-999;eor
  5074;18910201;18910228;   5;   2;    30.0;   -999;   -999;-999;eor
  5074;18910301;18910331;   5;   2;    65.0;   -999;   -999;-999;eor
  5074;18910401;18910430;   5;   2;    85.0;   -999;   -999;-999;eor
  5074;18910501;18910531;   5;   2;    90.0;   -999;   -999;-999;eor
  5074;18910601;18910630;   5;   2;    90.0;   -999;   -999;-999;eor
  5074;18910701;18910731;   5;   2;   234.0;   -999;   -999;-999;eor
  5074;18910801;18910831;   5;   2;   207.0;   -999;   -999;-999;eor
  5074;18910901;18910930;   5;   2;   107.0;   -999;   -999;-999;eor
  5074;18911001;18911031;   5;   2;    42.0;   -999;   -999;-999;eor
  5074;18911101;18911130;   5;   2;    70.0;   -999;   -999;-999;eor
  5074;18911201;18911231;   5;   2;   168.0;   -999;   -999;-999;eor
  5074;18920101;18920131;   5;   2;   160.0;   -999;   -999;-999;eor
  5074;18920201;18920229;   5;   2;   117.0;   -999;   -999;-999;eor
  5074;18920301;18920331;   5;   2;    37.0;   -999;   -999;-999;eor
  5074;18920401;18920430;   5;   2;    90.0;   -999;   -999;-999;eor
  5074;18920501;18920531;   5;   2;    72.0;   -999;   -999;-999;eor
  5074;18920601;18920630;   5;   2;   369.0;   -999;   -999;-999;eor
  5074;18920701;18920731;   5;   2;   247.0;   -999;   -999;-999;eor
  5074;18920801;18920831;   5;   2;    72.0;   -999;   -999;-999;eor
  5074;18920901;18920930;   5;   2;   248.0;   -999;   -999;-999;eor
  5074;18921001;18921031;   5;   2;   139.0;   -999;   -999;-999;eor
  5074;18921101;18921130;   5;   2;    61.0;   -999;   -999;-999;eor
  5074;18921201;18921231;   5;   2;    63.0;   -999;   -999;-999;eor
  5074;18930101;18930131;   5;   2;   111.0;   -999;   -999;-999;eor
  5074;18930201;18930228;   5;   2;    99.0;   -999;   -999;-999;eor
  5074;18930301;18930331;   5;   2;    75.0;   -999;   -999;-999;eor
  5074;18930401;18930430;   5;   2;     7.0;   -999;   -999;-999;eor
  5074;18930501;18930531;   5;   2;   170.0;   -999;   -999;-999;eor
  5074;18930601;18930630;   5;   2;   102.0;   -999;   -999;-999;eor
  5074;18930701;18930731;   5;   2;   255.0;   -999;   -999;-999;eor
  5074;18930801;18930831;   5;   2;    35.0;   -999;   -999;-999;eor
  5074;18930901;18930930;   5;   2;   126.0;   -999;   -999;-999;eor
  5074;18931001;18931031;   5;   2;   110.0;   -999;   -999;-999;eor
  5074;18931101;18931130;   5;   2;   183.0;   -999;   -999;-999;eor
  5074;18931201;18931231;   5;   2;    39.0;   -999;   -999;-999;eor
  5074;18940101;18940131;   5;   2;    30.0;   -999;   -999;-999;eor
  5074;18940201;18940228;   5;   2;    75.0;   -999;   -999;-999;eor
  5074;18940301;18940331;   5;   2;   112.0;   -999;   -999;-999;eor
  5074;18940401;18940430;   5;   2;    82.0;   -999;   -999;-999;eor
  5074;18940501;18940531;   5;   2;   252.0;   -999;   -999;-999;eor
  5074;18940601;18940630;   5;   2;   185.0;   -999;   -999;-999;eor
  5074;18940701;18940731;   5;   2;   113.0;   -999;   -999;-999;eor
  5074;18940801;18940831;   5;   2;   271.0;   -999;   -999;-999;eor
  5074;18940901;18940930;   5;   2;   152.0;   -999;   -999;-999;eor
  5074;18941001;18941031;   5;   2;   156.0;   -999;   -999;-999;eor
  5074;18941101;18941130;   5;   2;    25.0;   -999;   -999;-999;eor
  5074;18941201;18941231;   5;   2;    69.0;   -999;   -999;-999;eor
  5074;18950101;18950131;   5;   2;    71.0;   -999;   -999;-999;eor
  5074;18950201;18950228;   5;   2;    28.0;   -999;   -999;-999;eor
  5074;18950301;18950331;   5;   2;   149.0;   -999;   -999;-999;eor
  5074;18950401;18950430;   5;   2;   105.0;   -999;   -999;-999;eor
  5074;18950501;18950531;   5;   2;   198.0;   -999;   -999;-999;eor
  5074;18950601;18950630;   5;   2;   222.0;   -999;   -999;-999;eor
  5074;18950701;18950731;   5;   2;   221.0;   -999;   -999;-999;eor
  5074;18950801;18950831;   5;   2;   154.0;   -999;   -999;-999;eor
  5074;18950901;18950930;   5;   2;    45.0;   -999;   -999;-999;eor
  5074;18951001;18951031;   5;   2;   165.0;   -999;   -999;-999;eor
  5074;18951101;18951130;   5;   2;    45.0;   -999;   -999;-999;eor
  5074;18951201;18951231;   5;   2;   210.0;   -999;   -999;-999;eor
  5074;18960101;18960131;   5;   2;   106.0;   -999;   -999;-999;eor
  5074;18960201;18960229;   5;   2;    22.0;   -999;   -999;-999;eor
  5074;18960301;18960331;   5;   2;   234.0;   -999;   -999;-999;eor
  5074;18960401;18960430;   5;   2;   259.0;   -999;   -999;-999;eor
  5074;18960501;18960531;   5;   2;   193.0;   -999;   -999;-999;eor
  5074;18960601;18960630;   5;   2;   210.0;   -999;   -999;-999;eor
  5074;18960701;18960731;   5;   2;   168.0;   -999;   -999;-999;eor
  5074;18960801;18960831;   5;   2;   396.0;   -999;   -999;-999;eor
  5074;18960901;18960930;   5;   2;   223.0;   -999;   -999;-999;eor
  5074;18961001;18961031;   5;   2;    33.0;   -999;   -999;-999;eor
  5074;18961101;18961130;   5;   2;    43.0;   -999;   -999;-999;eor
  5074;18961201;18961231;   5;   2;    42.0;   -999;   -999;-999;eor
  5074;18970101;18970131;   5;   2;    30.0;   -999;   -999;-999;eor
  5074;18970201;18970228;   5;   2;   193.0;   -999;   -999;-999;eor
  5074;18970301;18970331;   5;   2;   135.0;   -999;   -999;-999;eor
  5074;18970401;18970430;   5;   2;   114.0;   -999;   -999;-999;eor
  5074;18970501;18970531;   5;   2;   302.0;   -999;   -999;-999;eor
  5074;18970601;18970630;   5;   2;   147.0;   -999;   -999;-999;eor
  5074;18970701;18970731;   5;   2;   321.0;   -999;   -999;-999;eor
  5074;18970801;18970831;   5;   2;   241.0;   -999;   -999;-999;eor
  5074;18970901;18970930;   5;   2;   161.0;   -999;   -999;-999;eor
  5074;18971001;18971031;   5;   2;    93.0;   -999;   -999;-999;eor
  5074;18971101;18971130;   5;   2;    49.0;   -999;   -999;-999;eor
  5074;18971201;18971231;   5;   2;    32.0;   -999;   -999;-999;eor
  5074;18980101;18980131;   5;   2;    63.0;   -999;   -999;-999;eor
  5074;18980201;18980228;   5;   2;   164.0;   -999;   -999;-999;eor
  5074;18980301;18980331;   5;   2;    84.0;   -999;   -999;-999;eor
  5074;18980401;18980430;   5;   2;   101.0;   -999;   -999;-999;eor
  5074;18980501;18980531;   5;   2;   133.0;   -999;   -999;-999;eor
  5074;18980601;18980630;   5;   2;   145.0;   -999;   -999;-999;eor
  5074;18980701;18980731;   5;   2;   196.0;   -999;   -999;-999;eor
  5074;18980801;18980831;   5;   2;   132.0;   -999;   -999;-999;eor
  5074;18980901;18980930;   5;   2;    45.0;   -999;   -999;-999;eor
  5074;18981001;18981031;   5;   2;    99.0;   -999;   -999;-999;eor
  5074;18981101;18981130;   5;   2;    51.0;   -999;   -999;-999;eor
  5074;18981201;18981231;   5;   2;    82.0;   -999;   -999;-999;eor
  5074;18990101;18990131;   5;   2;   151.0;   -999;   -999;-999;eor
  5074;18990201;18990228;   5;   2;    47.0;   -999;   -999;-999;eor
  5074;18990301;18990331;   5;   2;    56.0;   -999;   -999;-999;eor
  5074;18990401;18990430;   5;   2;   175.0;   -999;   -999;-999;eor
  5074;18990501;18990531;   5;   2;   171.0;   -999;   -999;-999;eor
  5074;18990601;18990630;   5;   2;   120.0;   -999;   -999;-999;eor
  5074;18990701;18990731;   5;   2;   119.0;   -999;   -999;-999;eor
  5074;18990801;18990831;   5;   2;   145.0;   -999;   -999;-999;eor
  5074;18990901;18990930;   5;   2;   475.0;   -999;   -999;-999;eor
  5074;18991001;18991031;   5;   2;    61.0;   -999;   -999;-999;eor
  5074;18991101;18991130;   5;   2;    59.0;   -999;   -999;-999;eor
  5074;18991201;18991231;   5;   2;   128.0;   -999;   -999;-999;eor
  5074;19000101;19000131;   5;   2;   181.0;   -999;   -999;-999;eor
  5074;19000201;19000228;   5;   2;   105.0;   -999;   -999;-999;eor
  5074;19000301;19000331;   5;   2;   202.0;   -999;   -999;-999;eor
  5074;19000401;19000430;   5;   2;   140.0;   -999;   -999;-999;eor
  5074;19000501;19000531;   5;   2;   141.0;   -999;   -999;-999;eor
  5074;19000601;19000630;   5;   2;   185.0;   -999;   -999;-999;eor
  5074;19000701;19000731;   5;   2;   187.0;   -999;   -999;-999;eor
  5074;19000801;19000831;   5;   2;    88.0;   -999;   -999;-999;eor
  5074;19000901;19000930;   5;   2;    61.0;   -999;   -999;-999;eor
  5074;19001001;19001031;   5;   2;   101.0;   -999;   -999;-999;eor
  5074;19001101;19001130;   5;   2;    45.0;   -999;   -999;-999;eor
  5074;19001201;19001231;   5;   2;   116.0;   -999;   -999;-999;eor
  5074;19010101;19010131;   5;   2;    56.0;   -999;   -999;-999;eor
  5074;19010201;19010228;   5;   2;    74.0;   -999;   -999;-999;eor
  5074;19010301;19010331;   5;   2;    94.0;   -999;   -999;-999;eor
  5074;19010401;19010430;   5;   2;   186.0;   -999;   -999;-999;eor
  5074;19010501;19010531;   5;   2;    60.0;   -999;   -999;-999;eor
  5074;19010601;19010630;   5;   2;   173.0;   -999;   -999;-999;eor
  5074;19010701;19010731;   5;   2;   243.0;   -999;   -999;-999;eor
  5074;19010801;19010831;   5;   2;   198.0;   -999;   -999;-999;eor
  5074;19010901;19010930;   5;   2;    64.0;   -999;   -999;-999;eor
  5074;19011001;19011031;   5;   2;    68.0;   -999;   -999;-999;eor
  5074;19011101;19011130;   5;   2;    80.0;   -999;   -999;-999;eor
  5074;19011201;19011231;   5;   2;   106.0;   -999;   -999;-999;eor
  5074;19020101;19020131;   5;   2;    87.0;   -999;   -999;-999;eor
  5074;19020201;19020228;   5;   2;    31.0;   -999;   -999;-999;eor
  5074;19020301;19020331;   5;   2;   164.0;   -999;   -999;-999;eor
  5074;19020401;19020430;   5;   2;    66.0;   -999;   -999;-999;eor
  5074;19020501;19020531;   5;   2;   229.0;   -999;   -999;-999;eor
  5074;19020601;19020630;   5;   2;   235.0;   -999;   -999;-999;eor
  5074;19020701;19020731;   5;   2;   162.0;   -999;   -999;-999;eor
  5074;19020801;19020831;   5;   2;   136.0;   -999;   -999;-999;eor
  5074;19020901;19020930;   5;   2;    65.0;   -999;   -999;-999;eor
  5074;19021001;19021031;   5;   2;   142.0;   -999;   -999;-999;eor
  5074;19021101;19021130;   5;   2;     9.0;   -999;   -999;-999;eor
  5074;19021201;19021231;   5;   2;   114.0;   -999;   -999;-999;eor
  5074;19030101;19030131;   5;   2;   106.0;   -999;   -999;-999;eor
  5074;19030201;19030228;   5;   2;    75.0;   -999;   -999;-999;eor
  5074;19030301;19030331;   5;   2;    53.0;   -999;   -999;-999;eor
  5074;19030401;19030430;   5;   2;   201.0;   -999;   -999;-999;eor
  5074;19030501;19030531;   5;   2;    66.0;   -999;   -999;-999;eor
  5074;19030601;19030630;   5;   2;   100.0;   -999;   -999;-999;eor
  5074;19030701;19030731;   5;   2;   282.0;   -999;   -999;-999;eor
  5074;19030801;19030831;   5;   2;   196.0;   -999;   -999;-999;eor
  5074;19030901;19030930;   5;   2;   105.0;   -999;   -999;-999;eor
  5074;19031001;19031031;   5;   2;   145.0;   -999;   -999;-999;eor
  5074;19031101;19031130;   5;   2;   148.0;   -999;   -999;-999;eor
  5074;19031201;19031231;   5;   2;    25.0;   -999;   -999;-999;eor
  5074;19040101;19040131;   5;   2;    22.0;   -999;   -999;-999;eor
  5074;19040201;19040229;   5;   2;    93.0;   -999;   -999;-999;eor
  5074;19040301;19040331;   5;   2;    58.0;   -999;   -999;-999;eor
  5074;19040401;19040430;   5;   2;   149.0;   -999;   -999;-999;eor
  5074;19040501;19040531;   5;   2;   127.0;   -999;   -999;-999;eor
  5074;19040601;19040630;   5;   2;   141.0;   -999;   -999;-999;eor
  5074;19040701;19040731;   5;   2;    82.0;   -999;   -999;-999;eor
  5074;19040801;19040831;   5;   2;   182.0;   -999;   -999;-999;eor
  5074;19040901;19040930;   5;   2;   144.0;   -999;   -999;-999;eor
  5074;19041001;19041031;   5;   2;   136.0;   -999;   -999;-999;eor
  5074;19041101;19041130;   5;   2;   105.0;   -999;   -999;-999;eor
  5074;19041201;19041231;   5;   2;   107.0;   -999;   -999;-999;eor
  5074;19050101;19050131;   5;   2;   121.0;   -999;   -999;-999;eor
  5074;19050201;19050228;   5;   2;    97.0;   -999;   -999;-999;eor
  5074;19050301;19050331;   5;   2;   106.0;   -999;   -999;-999;eor
  5074;19050401;19050430;   5;   2;   107.0;   -999;   -999;-999;eor
  5074;19050501;19050531;   5;   2;   126.0;   -999;   -999;-999;eor
  5074;19050601;19050630;   5;   2;   126.0;   -999;   -999;-999;eor
  5074;19050701;19050731;   5;   2;    95.0;   -999;   -999;-999;eor
  5074;19050801;19050831;   5;   2;   271.0;   -999;   -999;-999;eor
  5074;19050901;19050930;   5;   2;   149.0;   -999;   -999;-999;eor
  5074;19051001;19051031;   5;   2;   205.0;   -999;   -999;-999;eor
  5074;19051101;19051130;   5;   2;   140.0;   -999;   -999;-999;eor
  5074;19051201;19051231;   5;   2;    52.0;   -999;   -999;-999;eor
  5074;19060101;19060131;   5;   2;    78.0;   -999;   -999;-999;eor
  5074;19060201;19060228;   5;   2;    92.0;   -999;   -999;-999;eor
  5074;19060301;19060331;   5;   2;   149.0;   -999;   -999;-999;eor
  5074;19060401;19060430;   5;   2;   128.0;   -999;   -999;-999;eor
  5074;19060501;19060531;   5;   2;   130.0;   -999;   -999;-999;eor
  5074;19060601;19060630;   5;   2;   284.0;   -999;   -999;-999;eor
  5074;19060701;19060731;   5;   2;   227.0;   -999;   -999;-999;eor
  5074;19060801;19060831;   5;   2;   134.0;   -999;   -999;-999;eor
  5074;19060901;19060930;   5;   2;   199.0;   -999;   -999;-999;eor
  5074;19061001;19061031;   5;   2;    23.0;   -999;   -999;-999;eor
  5074;19061101;19061130;   5;   2;    76.0;   -999;   -999;-999;eor
  5074;19061201;19061231;   5;   2;   151.0;   -999;   -999;-999;eor
  5074;19070101;19070131;   5;   2;   191.0;   -999;   -999;-999;eor
  5074;19070201;19070228;   5;   2;    69.0;   -999;   -999;-999;eor
  5074;19070301;19070331;   5;   2;   146.0;   -999;   -999;-999;eor
  5074;19070401;19070430;   5;   2;   176.0;   -999;   -999;-999;eor
  5074;19070501;19070531;   5;   2;    88.0;   -999;   -999;-999;eor
  5074;19070601;19070630;   5;   2;   118.0;   -999;   -999;-999;eor
  5074;19070701;19070731;   5;   2;   253.0;   -999;   -999;-999;eor
  5074;19070801;19070831;   5;   2;   142.0;   -999;   -999;-999;eor
  5074;19070901;19070930;   5;   2;   124.0;   -999;   -999;-999;eor
  5074;19071001;19071031;   5;   2;    64.0;   -999;   -999;-999;eor
  5074;19071101;19071130;   5;   2;    52.0;   -999;   -999;-999;eor
  5074;19071201;19071231;   5;   2;   152.0;   -999;   -999;-999;eor
  5074;19080101;19080131;   5;   2;    58.0;   -999;   -999;-999;eor
  5074;19080201;19080229;   5;   2;   136.0;   -999;   -999;-999;eor
  5074;19080301;19080331;   5;   2;    37.0;   -999;   -999;-999;eor
  5074;19080401;19080430;   5;   2;   124.0;   -999;   -999;-999;eor
  5074;19080501;19080531;   5;   2;   118.0;   -999;   -999;-999;eor
  5074;19080601;19080630;   5;   2;   132.0;   -999;   -999;-999;eor
  5074;19080701;19080731;   5;   2;   120.0;   -999;   -999;-999;eor
  5074;19080801;19080831;   5;   2;   181.0;   -999;   -999;-999;eor
  5074;19080901;19080930;   5;   2;   131.0;   -999;   -999;-999;eor
  5074;19081001;19081031;   5;   2;     1.0;   -999;   -999;-999;eor
  5074;19081101;19081130;   5;   2;    68.0;   -999;   -999;-999;eor
  5074;19081201;19081231;   5;   2;    39.0;   -999;   -999;-999;eor
  5074;19090101;19090131;   5;   2;    61.0;   -999;   -999;-999;eor
  5074;19090201;19090228;   5;   2;   101.0;   -999;   -999;-999;eor
  5074;19090301;19090331;   5;   2;    66.0;   -999;   -999;-999;eor
  5074;19090401;19090430;   5;   2;    72.0;   -999;   -999;-999;eor
  5074;19090501;19090531;   5;   2;   145.0;   -999;   -999;-999;eor
  5074;19090601;19090630;   5;   2;   139.0;   -999;   -999;-999;eor
  5074;19090701;19090731;   5;   2;   287.0;   -999;   -999;-999;eor
  5074;19090801;19090831;   5;   2;   187.0;   -999;   -999;-999;eor
  5074;19090901;19090930;   5;   2;   136.0;   -999;   -999;-999;eor
  5074;19091001;19091031;   5;   2;    98.0;   -999;   -999;-999;eor
  5074;19091101;19091130;   5;   2;    72.0;   -999;   -999;-999;eor
  5074;19091201;19091231;   5;   2;   168.0;   -999;   -999;-999;eor
  5074;19100101;19100131;   5;   2;   212.0;   -999;   -999;-999;eor
  5074;19100201;19100228;   5;   2;   152.0;   -999;   -999;-999;eor
  5074;19100301;19100331;   5;   2;    65.0;   -999;   -999;-999;eor
  5074;19100401;19100430;   5;   2;   220.0;   -999;   -999;-999;eor
  5074;19100501;19100531;   5;   2;   186.0;   -999;   -999;-999;eor
  5074;19100601;19100630;   5;   2;   190.0;   -999;   -999;-999;eor
  5074;19100701;19100731;   5;   2;   224.0;   -999;   -999;-999;eor
  5074;19100801;19100831;   5;   2;   220.0;   -999;   -999;-999;eor
  5074;19100901;19100930;   5;   2;   280.0;   -999;   -999;-999;eor
  5074;19101001;19101031;   5;   2;    49.0;   -999;   -999;-999;eor
  5074;19101101;19101130;   5;   2;   203.0;   -999;   -999;-999;eor
  5074;19101201;19101231;   5;   2;   100.0;   -999;   -999;-999;eor
  5074;19110101;19110131;   5;   2;    35.0;   -999;   -999;-999;eor
  5074;19110201;19110228;   5;   2;    75.0;   -999;   -999;-999;eor
  5074;19110301;19110331;   5;   2;    57.0;   -999;   -999;-999;eor
  5074;19110401;19110430;   5;   2;   100.0;   -999;   -999;-999;eor
  5074;19110501;19110531;   5;   2;   165.0;   -999;   -999;-999;eor
  5074;19110601;19110630;   5;   2;   185.0;   -999;   -999;-999;eor
  5074;19110701;19110731;   5;   2;    56.0;   -999;   -999;-999;eor
  5074;19110801;19110831;   5;   2;    98.0;   -999;   -999;-999;eor
  5074;19110901;19110930;   5;   2;   103.0;   -999;   -999;-999;eor
  5074;19111001;19111031;   5;   2;    91.0;   -999;   -999;-999;eor
  5074;19111101;19111130;   5;   2;    56.0;   -999;   -999;-999;eor
  5074;19111201;19111231;   5;   2;   136.0;   -999;   -999;-999;eor
  5074;19120101;19120131;   5;   2;   144.0;   -999;   -999;-999;eor
  5074;19120201;19120229;   5;   2;    77.0;   -999;   -999;-999;eor
  5074;19120301;19120331;   5;   2;   155.0;   -999;   -999;-999;eor
  5074;19120401;19120430;   5;   2;   132.0;   -999;   -999;-999;eor
  5074;19120501;19120531;   5;   2;   285.0;   -999;   -999;-999;eor
  5074;19120601;19120630;   5;   2;   333.0;   -999;   -999;-999;eor
  5074;19120701;19120731;   5;   2;   245.0;   -999;   -999;-999;eor
  5074;19120801;19120831;   5;   2;   203.0;   -999;   -999;-999;eor
  5074;19120901;19120930;   5;   2;   264.0;   -999;   -999;-999;eor
  5074;19121001;19121031;   5;   2;   110.0;   -999;   -999;-999;eor
  5074;19121101;19121130;   5;   2;   100.0;   -999;   -999;-999;eor
  5074;19121201;19121231;   5;   2;    53.0;   -999;   -999;-999;eor
  5074;19130101;19130131;   5;   2;    79.0;   -999;   -999;-999;eor
  5074;19130201;19130228;   5;   2;    26.0;   -999;   -999;-999;eor
  5074;19130301;19130331;   5;   2;    72.0;   -999;   -999;-999;eor
  5074;19130401;19130430;   5;   2;    64.0;   -999;   -999;-999;eor
  5074;19130501;19130531;   5;   2;   132.0;   -999;   -999;-999;eor
  5074;19130601;19130630;   5;   2;   225.0;   -999;   -999;-999;eor
  5074;19130701;19130731;   5;   2;   218.0;   -999;   -999;-999;eor
  5074;19130801;19130831;   5;   2;   182.0;   -999;   -999;-999;eor
  5074;19130901;19130930;   5;   2;   214.0;   -999;   -999;-999;eor
  5074;19131001;19131031;   5;   2;    78.0;   -999;   -999;-999;eor
  5074;19131101;19131130;   5;   2;   225.0;   -999;   -999;-999;eor
  5074;19131201;19131231;   5;   2;   161.0;   -999;   -999;-999;eor
  5074;19140101;19140131;   5;   2;    84.0;   -999;   -999;-999;eor
  5074;19140201;19140228;   5;   2;    19.0;   -999;   -999;-999;eor
  5074;19140301;19140331;   5;   2;   211.0;   -999;   -999;-999;eor
  5074;19140401;19140430;   5;   2;   131.0;   -999;   -999;-999;eor
  5074;19140501;19140531;   5;   2;   204.0;   -999;   -999;-999;eor
  5074;19140601;19140630;   5;   2;   150.0;   -999;   -999;-999;eor
  5074;19140701;19140731;   5;   2;   196.0;   -999;   -999;-999;eor
  5074;19140801;19140831;   5;   2;   136.0;   -999;   -999;-999;eor
  5074;19140901;19140930;   5;   2;   184.0;   -999;   -999;-999;eor
  5074;19141001;19141031;   5;   2;    64.0;   -999;   -999;-999;eor
  5074;19141101;19141130;   5;   2;    75.0;   -999;   -999;-999;eor
  5074;19141201;19141231;   5;   2;    50.0;   -999;   -999;-999;eor
  5074;19150101;19150131;   5;   2;   179.0;   -999;   -999;-999;eor
  5074;19150201;19150228;   5;   2;    57.0;   -999;   -999;-999;eor
  5074;19150301;19150331;   5;   2;   154.0;   -999;   -999;-999;eor
  5074;19150401;19150430;   5;   2;    89.0;   -999;   -999;-999;eor
  5074;19150501;19150531;   5;   2;    61.0;   -999;   -999;-999;eor
  5074;19150601;19150630;   5;   2;   138.0;   -999;   -999;-999;eor
  5074;19150701;19150731;   5;   2;   215.0;   -999;   -999;-999;eor
  5074;19150801;19150831;   5;   2;   164.0;   -999;   -999;-999;eor
  5074;19150901;19150930;   5;   2;    67.0;   -999;   -999;-999;eor
  5074;19151001;19151031;   5;   2;   140.0;   -999;   -999;-999;eor
  5074;19151101;19151130;   5;   2;    77.0;   -999;   -999;-999;eor
  5074;19151201;19151231;   5;   2;   153.0;   -999;   -999;-999;eor
  5074;19160101;19160131;   5;   2;   100.0;   -999;   -999;-999;eor
  5074;19160201;19160229;   5;   2;   105.0;   -999;   -999;-999;eor
  5074;19160301;19160331;   5;   2;    80.0;   -999;   -999;-999;eor
  5074;19160401;19160430;   5;   2;   112.0;   -999;   -999;-999;eor
  5074;19160501;19160531;   5;   2;    87.0;   -999;   -999;-999;eor
  5074;19160601;19160630;   5;   2;   231.0;   -999;   -999;-999;eor
  5074;19160701;19160731;   5;   2;   195.0;   -999;   -999;-999;eor
  5074;19160801;19160831;   5;   2;   187.0;   -999;   -999;-999;eor
  5074;19160901;19160930;   5;   2;   193.0;   -999;   -999;-999;eor
  5074;19161001;19161031;   5;   2;   138.0;   -999;   -999;-999;eor
  5074;19161101;19161130;   5;   2;    81.0;   -999;   -999;-999;eor
  5074;19161201;19161231;   5;   2;    65.0;   -999;   -999;-999;eor
  5074;19170101;19170131;   5;   2;   112.0;   -999;   -999;-999;eor
  5074;19170201;19170228;   5;   2;    33.0;   -999;   -999;-999;eor
  5074;19170301;19170331;   5;   2;    95.0;   -999;   -999;-999;eor
  5074;19170401;19170430;   5;   2;   185.0;   -999;   -999;-999;eor
  5074;19170501;19170531;   5;   2;    34.0;   -999;   -999;-999;eor
  5074;19170601;19170630;   5;   2;    80.0;   -999;   -999;-999;eor
  5074;19170701;19170731;   5;   2;   183.0;   -999;   -999;-999;eor
  5074;19170801;19170831;   5;   2;   142.0;   -999;   -999;-999;eor
  5074;19170901;19170930;   5;   2;    94.0;   -999;   -999;-999;eor
  5074;19171001;19171031;   5;   2;   184.0;   -999;   -999;-999;eor
  5074;19171101;19171130;   5;   2;    91.0;   -999;   -999;-999;eor
  5074;19171201;19171231;   5;   2;    37.0;   -999;   -999;-999;eor
  5074;19180101;19180131;   5;   2;    45.0;   -999;   -999;-999;eor
  5074;19180201;19180228;   5;   2;    38.0;   -999;   -999;-999;eor
  5074;19180301;19180331;   5;   2;    36.0;   -999;   -999;-999;eor
  5074;19180401;19180430;   5;   2;    80.0;   -999;   -999;-999;eor
  5074;19180501;19180531;   5;   2;    70.0;   -999;   -999;-999;eor
  5074;19180601;19180630;   5;   2;   163.0;   -999;   -999;-999;eor
  5074;19180701;19180731;   5;   2;   300.0;   -999;   -999;-999;eor
  5074;19180801;19180831;   5;   2;   156.0;   -999;   -999;-999;eor
  5074;19180901;19180930;   5;   2;   101.0;   -999;   -999;-999;eor
  5074;19181001;19181031;   5;   2;    87.0;   -999;   -999;-999;eor
  5074;19181101;19181130;   5;   2;    39.0;   -999;   -999;-999;eor
  5074;19181201;19181231;   5;   2;   221.0;   -999;   -999;-999;eor
  5074;19190101;19190131;   5;   2;    84.0;   -999;   -999;-999;eor
  5074;19190201;19190228;   5;   2;    76.0;   -999;   -999;-999;eor
  5074;19190301;19190331;   5;   2;   120.0;   -999;   -999;-999;eor
  5074;19190401;19190430;   5;   2;   118.0;   -999;   -999;-999;eor
  5074;19190501;19190531;   5;   2;   120.0;   -999;   -999;-999;eor
  5074;19190601;19190630;   5;   2;   234.0;   -999;   -999;-999;eor
  5074;19190701;19190731;   5;   2;   238.0;   -999;   -999;-999;eor
  5074;19190801;19190831;   5;   2;    96.0;   -999;   -999;-999;eor
  5074;19190901;19190930;   5;   2;    79.0;   -999;   -999;-999;eor
  5074;19191001;19191031;   5;   2;   116.0;   -999;   -999;-999;eor
  5074;19191101;19191130;   5;   2;   139.0;   -999;   -999;-999;eor
  5074;19191201;19191231;   5;   2;   206.0;   -999;   -999;-999;eor
  5074;19200101;19200131;   5;   2;   114.0;   -999;   -999;-999;eor
  5074;19200201;19200229;   5;   2;    40.0;   -999;   -999;-999;eor
  5074;19200301;19200331;   5;   2;    67.0;   -999;   -999;-999;eor
  5074;19200401;19200430;   5;   2;   140.0;   -999;   -999;-999;eor
  5074;19200501;19200531;   5;   2;   211.0;   -999;   -999;-999;eor
  5074;19200601;19200630;   5;   2;   149.0;   -999;   -999;-999;eor
  5074;19200701;19200731;   5;   2;   244.0;   -999;   -999;-999;eor
  5074;19200801;19200831;   5;   2;   205.0;   -999;   -999;-999;eor
  5074;19200901;19200930;   5;   2;   288.0;   -999;   -999;-999;eor
  5074;19201001;19201031;   5;   2;     2.0;   -999;   -999;-999;eor
  5074;19201101;19201130;   5;   2;     9.0;   -999;   -999;-999;eor
  5074;19201201;19201231;   5;   2;    59.0;   -999;   -999;-999;eor
  5074;19210101;19210131;   5;   2;   125.0;   -999;   -999;-999;eor
  5074;19210201;19210228;   5;   2;    58.0;   -999;   -999;-999;eor
  5074;19210301;19210331;   5;   2;    47.0;   -999;   -999;-999;eor
  5074;19210401;19210430;   5;   2;   134.0;   -999;   -999;-999;eor
  5074;19210501;19210531;   5;   2;    72.0;   -999;   -999;-999;eor
  5074;19210601;19210630;   5;   2;   270.0;   -999;   -999;-999;eor
  5074;19210701;19210731;   5;   2;    82.0;   -999;   -999;-999;eor
  5074;19210801;19210831;   5;   2;   148.0;   -999;   -999;-999;eor
  5074;19210901;19210930;   5;   2;    80.0;   -999;   -999;-999;eor
  5074;19211001;19211031;   5;   2;    80.0;   -999;   -999;-999;eor
  5074;19211101;19211130;   5;   2;    92.0;   -999;   -999;-999;eor
  5074;19211201;19211231;   5;   2;    68.0;   -999;   -999;-999;eor
  5074;19220101;19220131;   5;   2;   141.0;   -999;   -999;-999;eor
  5074;19220201;19220228;   5;   2;    94.0;   -999;   -999;-999;eor
  5074;19220301;19220331;   5;   2;    75.0;   -999;   -999;-999;eor
  5074;19220401;19220430;   5;   2;   134.0;   -999;   -999;-999;eor
  5074;19220501;19220531;   5;   2;   126.0;   -999;   -999;-999;eor
  5074;19220601;19220630;   5;   2;   182.0;   -999;   -999;-999;eor
  5074;19220701;19220731;   5;   2;   201.0;   -999;   -999;-999;eor
  5074;19220801;19220831;   5;   2;   159.0;   -999;   -999;-999;eor
  5074;19220901;19220930;   5;   2;   231.0;   -999;   -999;-999;eor
  5074;19221001;19221031;   5;   2;   118.0;   -999;   -999;-999;eor
  5074;19221101;19221130;   5;   2;   151.0;   -999;   -999;-999;eor
  5074;19221201;19221231;   5;   2;   121.0;   -999;   -999;-999;eor
  5074;19230101;19230131;   5;   2;   152.0;   -999;   -999;-999;eor
  5074;19230201;19230228;   5;   2;   182.0;   -999;   -999;-999;eor
  5074;19230301;19230331;   5;   2;    59.0;   -999;   -999;-999;eor
  5074;19230401;19230430;   5;   2;   142.0;   -999;   -999;-999;eor
  5074;19230501;19230531;   5;   2;    54.0;   -999;   -999;-999;eor
  5074;19230601;19230630;   5;   2;   227.0;   -999;   -999;-999;eor
  5074;19230701;19230731;   5;   2;   122.0;   -999;   -999;-999;eor
  5074;19230801;19230831;   5;   2;   126.0;   -999;   -999;-999;eor
  5074;19230901;19230930;   5;   2;    60.0;   -999;   -999;-999;eor
  5074;19231001;19231031;   5;   2;   141.0;   -999;   -999;-999;eor
  5074;19231101;19231130;   5;   2;   104.0;   -999;   -999;-999;eor
  5074;19231201;19231231;   5;   2;   182.0;   -999;   -999;-999;eor
  5074;19240101;19240131;   5;   2;    37.0;   -999;   -999;-999;eor
  5074;19240201;19240229;   5;   2;    56.0;   -999;   -999;-999;eor
  5074;19240301;19240331;   5;   2;    20.0;   -999;   -999;-999;eor
  5074;19240401;19240430;   5;   2;   194.0;   -999;   -999;-999;eor
  5074;19240501;19240531;   5;   2;   147.0;   -999;   -999;-999;eor
  5074;19240601;19240630;   5;   2;   216.0;   -999;   -999;-999;eor
  5074;19240701;19240731;   5;   2;   247.0;   -999;   -999;-999;eor
  5074;19240801;19240831;   5;   2;   181.0;   -999;   -999;-999;eor
  5074;19240901;19240930;   5;   2;   176.0;   -999;   -999;-999;eor
  5074;19241001;19241031;   5;   2;    55.0;   -999;   -999;-999;eor
  5074;19241101;19241130;   5;   2;    60.0;   -999;   -999;-999;eor
  5074;19241201;19241231;   5;   2;    39.0;   -999;   -999;-999;eor
  5074;19250101;19250131;   5;   2;    34.0;   -999;   -999;-999;eor
  5074;19250201;19250228;   5;   2;    95.0;   -999;   -999;-999;eor
  5074;19250301;19250331;   5;   2;    79.0;   -999;   -999;-999;eor
  5074;19250401;19250430;   5;   2;   121.0;   -999;   -999;-999;eor
  5074;19250501;19250531;   5;   2;    53.0;   -999;   -999;-999;eor
  5074;19250601;19250630;   5;   2;   138.0;   -999;   -999;-999;eor
  5074;19250701;19250731;   5;   2;   150.0;   -999;   -999;-999;eor
  5074;19250801;19250831;   5;   2;   383.0;   -999;   -999;-999;eor
  5074;19250901;19250930;   5;   2;   127.0;   -999;   -999;-999;eor
  5074;19251001;19251031;   5;   2;   125.0;   -999;   -999;-999;eor
  5074;19251101;19251130;   5;   2;    88.0;   -999;   -999;-999;eor
  5074;19251201;19251231;   5;   2;   121.0;   -999;   -999;-999;eor
  5074;19260101;19260131;   5;   2;    70.0;   -999;   -999;-999;eor
  5074;19260201;19260228;   5;   2;    77.0;   -999;   -999;-999;eor
  5074;19260301;19260331;   5;   2;   144.0;   -999;   -999;-999;eor
  5074;19260401;19260430;   5;   2;    47.0;   -999;   -999;-999;eor
  5074;19260501;19260531;   5;   2;   158.0;   -999;   -999;-999;eor
  5074;19260601;19260630;   5;   2;   278.0;   -999;   -999;-999;eor
  5074;19260701;19260731;   5;   2;   401.0;   -999;   -999;-999;eor
  5074;19260801;19260831;   5;   2;   128.0;   -999;   -999;-999;eor
  5074;19260901;19260930;   5;   2;    50.0;   -999;   -999;-999;eor
  5074;19261001;19261031;   5;   2;   122.0;   -999;   -999;-999;eor
  5074;19261101;19261130;   5;   2;    49.0;   -999;   -999;-999;eor
  5074;19261201;19261231;   5;   2;   118.0;   -999;   -999;-999;eor
  5074;19270101;19270131;   5;   2;   107.0;   -999;   -999;-999;eor
  5074;19270201;19270228;   5;   2;    83.0;   -999;   -999;-999;eor
  5074;19270301;19270331;   5;   2;    62.0;   -999;   -999;-999;eor
  5074;19270401;19270430;   5;   2;   182.0;   -999;   -999;-999;eor
  5074;19270501;19270531;   5;   2;   127.0;   -999;   -999;-999;eor
  5074;19270601;19270630;   5;   2;   140.0;   -999;   -999;-999;eor
  5074;19270701;19270731;   5;   2;   177.0;   -999;   -999;-999;eor
  5074;19270801;19270831;   5;   2;   146.0;   -999;   -999;-999;eor
  5074;19270901;19270930;   5;   2;   211.0;   -999;   -999;-999;eor
  5074;19271001;19271031;   5;   2;    56.0;   -999;   -999;-999;eor
  5074;19271101;19271130;   5;   2;   116.0;   -999;   -999;-999;eor
  5074;19271201;19271231;   5;   2;    39.0;   -999;   -999;-999;eor
  5074;19280101;19280131;   5;   2;    84.0;   -999;   -999;-999;eor
  5074;19280201;19280229;   5;   2;   140.0;   -999;   -999;-999;eor
  5074;19280301;19280331;   5;   2;    56.0;   -999;   -999;-999;eor
  5074;19280401;19280430;   5;   2;    87.0;   -999;   -999;-999;eor
  5074;19280501;19280531;   5;   2;   189.0;   -999;   -999;-999;eor
  5074;19280601;19280630;   5;   2;   219.0;   -999;   -999;-999;eor
  5074;19280701;19280731;   5;   2;   101.0;   -999;   -999;-999;eor
  5074;19280801;19280831;   5;   2;   212.0;   -999;   -999;-999;eor
  5074;19280901;19280930;   5;   2;    90.0;   -999;   -999;-999;eor
  5074;19281001;19281031;   5;   2;    62.0;   -999;   -999;-999;eor
  5074;19281101;19281130;   5;   2;   127.0;   -999;   -999;-999;eor
  5074;19281201;19281231;   5;   2;   114.0;   -999;   -999;-999;eor
  5074;19290101;19290131;   5;   2;    93.0;   -999;   -999;-999;eor
  5074;19290201;19290228;   5;   2;    31.0;   -999;   -999;-999;eor
  5074;19290301;19290331;   5;   2;    26.0;   -999;   -999;-999;eor
  5074;19290401;19290430;   5;   2;    90.0;   -999;   -999;-999;eor
  5074;19290501;19290531;   5;   2;   119.0;   -999;   -999;-999;eor
  5074;19290601;19290630;   5;   2;   196.0;   -999;   -999;-999;eor
  5074;19290701;19290731;   5;   2;   186.0;   -999;   -999;-999;eor
  5074;19290801;19290831;   5;   2;   173.0;   -999;   -999;-999;eor
  5074;19290901;19290930;   5;   2;    57.0;   -999;   -999;-999;eor
  5074;19291001;19291031;   5;   2;    84.0;   -999;   -999;-999;eor
  5074;19291101;19291130;   5;   2;   100.0;   -999;   -999;-999;eor
  5074;19291201;19291231;   5;   2;   131.0;   -999;   -999;-999;eor
  5074;19300101;19300131;   5;   2;    36.0;   -999;   -999;-999;eor
  5074;19300201;19300228;   5;   2;    30.0;   -999;   -999;-999;eor
  5074;19300301;19300331;   5;   2;    52.0;   -999;   -999;-999;eor
  5074;19300401;19300430;   5;   2;   111.0;   -999;   -999;-999;eor
  5074;19300501;19300531;   5;   2;   215.0;   -999;   -999;-999;eor
  5074;19300601;19300630;   5;   2;    36.0;   -999;   -999;-999;eor
  5074;19300701;19300731;   5;   2;   166.0;   -999;   -999;-999;eor
  5074;19300801;19300831;   5;   2;   248.0;   -999;   -999;-999;eor
  5074;19300901;19300930;   5;   2;   143.0;   -999;   -999;-999;eor
  5074;19301001;19301031;   5;   2;   179.0;   -999;   -999;-999;eor
  5074;19301101;19301130;   5;   2;   100.0;   -999;   -999;-999;eor
  5074;19301201;19301231;   5;   2;    89.0;   -999;   -999;-999;eor
  5074;19310101;19310131;   5;   2;    92.0;   -999;   -999;-999;eor
  5074;19310201;19310228;   5;   2;   113.0;   -999;   -999;-999;eor
  5074;19310301;19310331;   5;   2;    58.0;   -999;   -999;-999;eor
  5074;19310401;19310430;   5;   2;    98.0;   -999;   -999;-999;eor
  5074;19310501;19310531;   5;   2;    52.0;   -999;   -999;-999;eor
  5074;19310601;19310630;   5;   2;   142.0;   -999;   -999;-999;eor
  5074;19310701;19310731;   5;   2;   278.0;   -999;   -999;-999;eor
  5074;19310801;19310831;   5;   2;   217.0;   -999;   -999;-999;eor
  5074;19310901;19310930;   5;   2;   198.0;   -999;   -999;-999;eor
  5074;19311001;19311031;   5;   2;    61.0;   -999;   -999;-999;eor
  5074;19311101;19311130;   5;   2;    52.0;   -999;   -999;-999;eor
  5074;19311201;19311231;   5;   2;    83.0;   -999;   -999;-999;eor
  5074;19320101;19320131;   5;   2;    76.0;   -999;   -999;-999;eor
  5074;19320201;19320229;   5;   2;    30.0;   -999;   -999;-999;eor
  5074;19320301;19320331;   5;   2;    69.0;   -999;   -999;-999;eor
  5074;19320401;19320430;   5;   2;   103.0;   -999;   -999;-999;eor
  5074;19320501;19320531;   5;   2;   148.0;   -999;   -999;-999;eor
  5074;19320601;19320630;   5;   2;   107.0;   -999;   -999;-999;eor
  5074;19320701;19320731;   5;   2;   198.0;   -999;   -999;-999;eor
  5074;19320801;19320831;   5;   2;   166.0;   -999;   -999;-999;eor
  5074;19320901;19320930;   5;   2;    92.0;   -999;   -999;-999;eor
  5074;19321001;19321031;   5;   2;   103.0;   -999;   -999;-999;eor
  5074;19321101;19321130;   5;   2;   105.0;   -999;   -999;-999;eor
  5074;19321201;19321231;   5;   2;    22.0;   -999;   -999;-999;eor
  5074;19330101;19330131;   5;   2;   103.0;   -999;   -999;-999;eor
  5074;19330201;19330228;   5;   2;   103.0;   -999;   -999;-999;eor
  5074;19330301;19330331;   5;   2;    40.0;   -999;   -999;-999;eor
  5074;19330401;19330430;   5;   2;   100.0;   -999;   -999;-999;eor
  5074;19330501;19330531;   5;   2;   255.0;   -999;   -999;-999;eor
  5074;19330601;19330630;   5;   2;   197.0;   -999;   -999;-999;eor
  5074;19330701;19330731;   5;   2;   190.0;   -999;   -999;-999;eor
  5074;19330801;19330831;   5;   2;   154.0;   -999;   -999;-999;eor
  5074;19330901;19330930;   5;   2;   105.0;   -999;   -999;-999;eor
  5074;19331001;19331031;   5;   2;   119.0;   -999;   -999;-999;eor
  5074;19331101;19331130;   5;   2;    55.0;   -999;   -999;-999;eor
  5074;19331201;19331231;   5;   2;    78.0;   -999;   -999;-999;eor
  5074;19340101;19340131;   5;   2;    83.0;   -999;   -999;-999;eor
  5074;19340201;19340228;   5;   2;    32.0;   -999;   -999;-999;eor
  5074;19340301;19340331;   5;   2;    71.0;   -999;   -999;-999;eor
  5074;19340401;19340430;   5;   2;    42.0;   -999;   -999;-999;eor
  5074;19340501;19340531;   5;   2;    31.0;   -999;   -999;-999;eor
  5074;19340601;19340630;   5;   2;   119.0;   -999;   -999;-999;eor
  5074;19340701;19340731;   5;   2;   162.0;   -999;   -999;-999;eor
  5074;19340801;19340831;   5;   2;   173.0;   -999;   -999;-999;eor
  5074;19340901;19340930;   5;   2;   110.0;   -999;   -999;-999;eor
  5074;19341001;19341031;   5;   2;   105.0;   -999;   -999;-999;eor
  5074;19341101;19341130;   5;   2;    43.0;   -999;   -999;-999;eor
  5074;19341201;19341231;   5;   2;    63.0;   -999;   -999;-999;eor
  5074;19350101;19350131;   5;   2;    98.0;   -999;   -999;-999;eor
  5074;19350201;19350228;   5;   2;   203.0;   -999;   -999;-999;eor
  5074;19350301;19350331;   5;   2;    68.0;   -999;   -999;-999;eor
  5074;19350401;19350430;   5;   2;   180.0;   -999;   -999;-999;eor
  5074;19350501;19350531;   5;   2;   108.0;   -999;   -999;-999;eor
  5074;19350601;19350630;   5;   2;   130.0;   -999;   -999;-999;eor
  5074;19350701;19350731;   5;   2;   121.0;   -999;   -999;-999;eor
  5074;19350801;19350831;   5;   2;    79.0;   -999;   -999;-999;eor
  5074;19350901;19350930;   5;   2;    99.0;   -999;   -999;-999;eor
  5074;19351001;19351031;   5;   2;   161.0;   -999;   -999;-999;eor
  5074;19351101;19351130;   5;   2;    54.0;   -999;   -999;-999;eor
  5074;19351201;19351231;   5;   2;    35.0;   -999;   -999;-999;eor
  5074;19360101;19360131;   5;   2;   150.6;   -999;    214;   35.6;eor
  5074;19360201;19360229;   5;   2;    71.2;   -999;    424;   20.4;eor
  5074;19360301;19360331;   5;   2;    44.9;   -999;      0;   13.6;eor
  5074;19360401;19360430;   5;   2;   122.0;   -999;      0;   32.2;eor
  5074;19360501;19360531;   5;   2;   156.7;   -999;      0;   25.5;eor
  5074;19360601;19360630;   5;   2;   194.0;   -999;      0;   26.2;eor
  5074;19360701;19360731;   5;   2;   247.8;   -999;      0;   46.1;eor
  5074;19360801;19360831;   5;   2;   125.2;   -999;      0;   27.0;eor
  5074;19360901;19360930;   5;   2;   194.4;   -999;      0;   32.6;eor
  5074;19361001;19361031;   5;   2;   170.0;   -999;     32;   18.9;eor
  5074;19361101;19361130;   5;   2;    88.4;   -999;      0;   30.3;eor
  5074;19361201;19361231;   5;   2;    75.2;   -999;     31;   14.4;eor
  5074;19370101;19370131;   5;   2;    96.6;   -999;      4;   17.3;eor
  5074;19370201;19370228;   5;   2;   146.7;   -999;    219;   16.9;eor
  5074;19370301;19370331;   5;   2;    93.7;   -999;     30;   24.2;eor
  5074;19370401;19370430;   5;   2;   154.3;   -999;      0;   28.3;eor
  5074;19370501;19370531;   5;   2;    88.2;   -999;      0;   14.6;eor
  5074;19370601;19370630;   5;   2;   171.9;   -999;      0;   38.8;eor
  5074;19370701;19370731;   5;   2;    88.9;   -999;      0;   28.2;eor
  5074;19370801;19370831;   5;   2;   227.2;   -999;      0;   52.3;eor
  5074;19370901;19370930;   5;   2;   267.6;   -999;      0;   48.2;eor
  5074;19371001;19371031;   5;   2;   121.0;   -999;      0;   46.6;eor
  5074;19371101;19371130;   5;   2;    84.1;   -999;     73;   16.0;eor
  5074;19371201;19371231;   5;   2;   118.3;   -999;    332;   20.3;eor
  5074;19380101;19380131;   5;   2;   144.4;   -999;    652;   17.2;eor
  5074;19380201;19380228;   5;   2;    50.1;   -999;    270;   10.5;eor
  5074;19380301;19380331;   5;   2;   112.4;   -999;      5;   19.6;eor
  5074;19380401;19380430;   5;   2;   114.2;   -999;      2;   24.1;eor
  5074;19380501;19380531;   5;   2;   120.9;   -999;      0;   25.8;eor
  5074;19380601;19380630;   5;   2;   121.1;   -999;      0;   24.9;eor
  5074;19380701;19380731;   5;   2;   115.5;   -999;      0;   18.7;eor
  5074;19380801;19380831;   5;   2;   309.1;   -999;      0;   57.5;eor
  5074;19380901;19380930;   5;   2;    76.5;   -999;      0;   38.4;eor
  5074;19381001;19381031;   5;   2;    52.8;   -999;      0;   14.6;eor
  5074;19381101;19381130;   5;   2;    79.4;   -999;      0;   45.0;eor
  5074;19381201;19381231;   5;   2;    49.6;   -999;    166;   10.0;eor
  5074;19390101;19390131;   5;   2;    51.8;   -999;    626;   10.0;eor
  5074;19390201;19390228;   5;   2;    70.4;   -999;    156;   29.8;eor
  5074;19390301;19390331;   5;   2;   156.0;   -999;    774;   29.5;eor
  5074;19390401;19390430;   5;   2;    23.7;   -999;      0;    6.4;eor
  5074;19390501;19390531;   5;   2;   242.9;   -999;      0;   37.9;eor
  5074;19390601;19390630;   5;   2;   148.3;   -999;      0;   35.0;eor
  5074;19390701;19390731;   5;   2;   157.7;   -999;      0;   26.0;eor
  5074;19390801;19390831;   5;   2;   208.6;   -999;      0;   62.4;eor
  5074;19390901;19390930;   5;   2;   147.3;   -999;      0;   34.2;eor
  5074;19391001;19391031;   5;   2;   170.1;   -999;      0;   42.2;eor
  5074;19391101;19391130;   5;   2;   131.4;   -999;     23;   19.8;eor
  5074;19391201;19391231;   5;   2;   128.7;   -999;    608;   26.7;eor
  5074;19400101;19400131;   5;   2;    45.0;   -999;   1104;   24.7;eor
  5074;19400201;19400229;   5;   2;    88.9;   -999;   1657;   21.5;eor
  5074;19400301;19400331;   5;   2;   116.1;   -999;    350;   27.8;eor
  5074;19400401;19400430;   5;   2;    78.7;   -999;      3;   16.4;eor
  5074;19400501;19400531;   5;   2;   382.8;   -999;      0;  133.7;eor
  5074;19400601;19400630;   5;   2;   108.9;   -999;      0;   29.8;eor
  5074;19400701;19400731;   5;   2;   152.6;   -999;      0;   25.2;eor
  5074;19400801;19400831;   5;   2;   152.4;   -999;      0;   25.6;eor
  5074;19400901;19400930;   5;   2;   253.2;   -999;      0;   58.1;eor
  5074;19401001;19401031;   5;   2;    56.6;   -999;      7;   19.6;eor
  5074;19401101;19401130;   5;   2;   110.4;   -999;      6;   21.1;eor
  5074;19401201;19401231;   5;   2;    68.8;   -999;    382;   12.2;eor
  5074;19410101;19410131;   5;   2;    92.6;   -999;    413;   14.5;eor
  5074;19410201;19410228;   5;   2;    90.0;   -999;    363;   21.0;eor
  5074;19410301;19410331;   5;   2;   120.1;   -999;     29;   35.0;eor
  5074;19410401;19410430;   5;   2;   105.2;   -999;     25;   24.3;eor
  5074;19410501;19410531;   5;   2;   139.1;   -999;      0;   25.1;eor
  5074;19410601;19410630;   5;   2;   122.8;   -999;      0;   25.2;eor
  5074;19410701;19410731;   5;   2;   294.3;   -999;      0;   66.2;eor
  5074;19410801;19410831;   5;   2;   280.7;   -999;      0;   42.6;eor
  5074;19410901;19410930;   5;   2;   104.5;   -999;      0;   21.3;eor
  5074;19411001;19411031;   5;   2;   238.6;   -999;     17;   33.9;eor
  5074;19411101;19411130;   5;   2;    77.5;   -999;    313;   25.2;eor
  5074;19411201;19411231;   5;   2;    98.8;   -999;    219;   15.2;eor
  5074;19420101;19420131;   5;   2;    81.8;   -999;   1580;   16.2;eor
  5074;19420201;19420228;   5;   2;    39.3;   -999;   2631;   11.4;eor
  5074;19420301;19420331;   5;   2;    95.3;   -999;    578;   19.2;eor
  5074;19420401;19420430;   5;   2;   112.0;   -999;      0;   20.7;eor
  5074;19420501;19420531;   5;   2;   123.3;   -999;      0;   21.7;eor
  5074;19420601;19420630;   5;   2;   156.4;   -999;      0;   36.6;eor
  5074;19420701;19420731;   5;   2;   225.2;   -999;      0;   25.6;eor
  5074;19420801;19420831;   5;   2;   157.6;   -999;      0;   42.7;eor
  5074;19420901;19420930;   5;   2;   130.1;   -999;      0;   41.0;eor
  5074;19421001;19421031;   5;   2;   205.8;   -999;      0;   47.2;eor
  5074;19421101;19421130;   5;   2;   113.8;   -999;    158;   24.7;eor
  5074;19421201;19421231;   5;   2;    33.4;   -999;    164;   13.2;eor
  5074;19430101;19430131;   5;   2;    64.3;   -999;    243;   20.4;eor
  5074;19430201;19430228;   5;   2;    63.8;   -999;     85;   13.7;eor
  5074;19430301;19430331;   5;   2;    63.8;   -999;      7;   15.3;eor
  5074;19430401;19430430;   5;   2;   113.8;   -999;      0;   17.8;eor
  5074;19430501;19430531;   5;   2;   169.6;   -999;      0;   27.0;eor
  5074;19430601;19430630;   5;   2;   248.3;   -999;      0;   50.0;eor
  5074;19430701;19430731;   5;   2;   192.4;   -999;      0;   37.3;eor
  5074;19430801;19430831;   5;   2;   120.0;   -999;      0;   36.9;eor
  5074;19430901;19430930;   5;   2;   159.3;   -999;      0;   35.5;eor
  5074;19431001;19431031;   5;   2;     4.2;   -999;      0;    4.2;eor
  5074;19431101;19431130;   5;   2;    82.0;   -999;     27;   14.8;eor
  5074;19431201;19431231;   5;   2;    83.9;   -999;     31;   12.7;eor
  5074;19440101;19440131;   5;   2;   166.8;   -999;     97;   56.3;eor
  5074;19440201;19440229;   5;   2;   146.0;   -999;   1286;   35.3;eor
  5074;19440301;19440331;   5;   2;   157.8;   -999;   1696;   23.6;eor
  5074;19440401;19440430;   5;   2;   135.5;   -999;    103;   21.6;eor
  5074;19440501;19440531;   5;   2;   137.5;   -999;      0;   29.0;eor
  5074;19440601;19440630;   5;   2;   241.2;   -999;      0;   34.7;eor
  5074;19440701;19440731;   5;   2;   361.0;   -999;      0;  128.5;eor
  5074;19440801;19440831;   5;   2;   127.9;   -999;      0;   36.7;eor
  5074;19440901;19440930;   5;   2;   140.9;   -999;      0;   26.1;eor
  5074;19441001;19441031;   5;   2;   116.7;   -999;      0;   28.0;eor
  5074;19441101;19441130;   5;   2;   247.6;   -999;    161;   58.9;eor
  5074;19441201;19441231;   5;   2;   123.3;   -999;    350;   44.7;eor
  5074;19450101;19450131;   5;   2;    82.2;   -999;   1720;   32.5;eor
  5074;19450201;19450228;   5;   2;   156.0;   -999;    367;   37.7;eor
  5074;19450301;19450331;   5;   2;   109.3;   -999;    248;   15.6;eor
  5074;19450701;19450731;   5;   2;   117.9;   -999;      0;   31.8;eor
  5074;19450801;19450831;   5;   2;   134.2;   -999;      0;   21.4;eor
  5074;19450901;19450930;   5;   2;   125.4;   -999;      0;   24.0;eor
  5074;19451001;19451031;   5;   2;     0.0;   -999;      0;    0.0;eor
  5074;19451101;19451130;   5;   2;    47.3;   -999;     22;   16.5;eor
  5074;19451201;19451231;   5;   2;   131.0;   -999;    464;   24.9;eor
  5074;19460101;19460131;   5;   2;    80.3;   -999;    424;   25.0;eor
  5074;19460201;19460228;   5;   2;   145.7;   -999;    190;   24.2;eor
  5074;19460301;19460331;   5;   2;    33.7;   -999;     10;   20.0;eor
  5074;19460401;19460430;   5;   2;    40.2;   -999;      0;   21.2;eor
  5074;19460501;19460531;   5;   2;   119.5;   -999;      0;   25.4;eor
  5074;19460601;19460630;   5;   2;   159.7;   -999;      0;   22.7;eor
  5074;19460701;19460731;   5;   2;   270.6;   -999;      0;   78.2;eor
  5074;19460801;19460831;   5;   2;   145.6;   -999;      0;   27.6;eor
  5074;19460901;19460930;   5;   2;    73.3;   -999;      0;   17.2;eor
  5074;19461001;19461031;   5;   2;   111.0;   -999;      0;   25.4;eor
  5074;19461101;19461130;   5;   2;    72.9;   -999;      0;   16.9;eor
  5074;19461201;19461231;   5;   2;    97.6;   -999;    810;   16.6;eor
  5074;19470101;19470131;   5;   2;   119.7;   -999;   1533;   13.3;eor
  5074;19470201;19470228;   5;   2;    62.8;   -999;   1698;   19.8;eor
  5074;19470301;19470331;   5;   2;   109.4;   -999;    795;   17.7;eor
  5074;19470401;19470430;   5;   2;    75.3;   -999;      0;   15.8;eor
  5074;19470501;19470531;   5;   2;    27.5;   -999;      0;    8.6;eor
  5074;19470601;19470630;   5;   2;   144.4;   -999;      0;   49.7;eor
  5074;19470701;19470731;   5;   2;   130.1;   -999;      0;   32.5;eor
  5074;19470801;19470831;   5;   2;    35.5;   -999;      0;   18.2;eor
  5074;19470901;19470930;   5;   2;    33.6;   -999;      0;   11.0;eor
  5074;19471001;19471031;   5;   2;    38.0;   -999;      0;   21.3;eor
  5074;19471101;19471130;   5;   2;   293.7;   -999;     13;   58.1;eor
  5074;19471201;19471231;   5;   2;   174.3;   -999;    506;   30.8;eor
  5074;19480101;19480131;   5;   2;   162.9;   -999;    220;   32.2;eor
  5074;19480201;19480229;   5;   2;   140.2;   -999;    140;   24.7;eor
  5074;19480301;19480331;   5;   2;   127.1;   -999;      0;   48.3;eor
  5074;19480401;19480430;   5;   2;    52.8;   -999;      0;   11.5;eor
  5074;19480501;19480531;   5;   2;    98.1;   -999;      0;   26.2;eor
  5074;19480601;19480630;   5;   2;   292.9;   -999;      0;   53.0;eor
  5074;19480701;19480731;   5;   2;   312.8;   -999;      0;   70.0;eor
  5074;19480801;19480831;   5;   2;   196.0;   -999;      0;   32.8;eor
  5074;19480901;19480930;   5;   2;    70.9;   -999;      0;   19.3;eor
  5074;19481001;19481031;   5;   2;    54.3;   -999;      0;   23.2;eor
  5074;19481101;19481130;   5;   2;    40.1;   -999;      0;   10.5;eor
  5074;19481201;19481231;   5;   2;    34.8;   -999;     59;   10.7;eor
  5074;19490101;19490131;   5;   2;    75.4;   -999;    134;   11.2;eor
  5074;19490201;19490228;   5;   2;    26.9;   -999;     86;   10.0;eor
  5074;19490301;19490331;   5;   2;    75.6;   -999;    123;   21.8;eor
  5074;19490401;19490430;   5;   2;    77.3;   -999;      0;   33.4;eor
  5074;19490501;19490531;   5;   2;   212.0;   -999;      0;   56.4;eor
  5074;19490601;19490630;   5;   2;   145.4;   -999;      0;   31.5;eor
  5074;19490701;19490731;   5;   2;   128.4;   -999;      0;   43.1;eor
  5074;19490801;19490831;   5;   2;   281.7;   -999;      0;   48.9;eor
  5074;19490901;19490930;   5;   2;    52.5;   -999;      0;   17.1;eor
  5074;19491001;19491031;   5;   2;    38.8;   -999;      0;   19.0;eor
  5074;19491101;19491130;   5;   2;    96.6;   -999;     17;   21.7;eor
  5074;19491201;19491231;   5;   2;   190.3;   -999;    131;   28.1;eor
  5074;19500101;19500131;   5;   2;   136.7;   -999;    246;   48.0;eor
  5074;19500201;19500228;   5;   2;    69.6;   -999;     52;   15.2;eor
  5074;19500301;19500331;   5;   2;    51.8;   -999;      4;    7.5;eor
  5074;19500401;19500430;   5;   2;   141.4;   -999;      0;   22.4;eor
  5074;19500501;19500531;   5;   2;    47.1;   -999;      0;    9.7;eor
  5074;19500601;19500630;   5;   2;    75.2;   -999;      0;   17.8;eor
  5074;19500701;19500731;   5;   2;   181.7;   -999;      0;   42.9;eor
  5074;19500801;19500831;   5;   2;   122.2;   -999;      0;   23.4;eor
  5074;19500901;19500930;   5;   2;   238.4;   -999;      0;   71.9;eor
  5074;19501001;19501031;   5;   2;    89.8;   -999;    120;   19.8;eor
  5074;19501101;19501130;   5;   2;   195.5;   -999;    175;   49.3;eor
  5074;19501201;19501231;   5;   2;    50.2;   -999;    480;   11.3;eor
  5074;19510101;19510131;   5;   2;   175.1;   -999;   1008;   95.1;eor
  5074;19510201;19510228;   5;   2;    81.6;   -999;    441;   16.3;eor
  5074;19510301;19510331;   5;   2;   117.8;   -999;    224;   18.1;eor
  5074;19510401;19510430;   5;   2;    37.7;   -999;      0;    8.3;eor
  5074;19510501;19510531;   5;   2;   118.4;   -999;      0;   46.3;eor
  5074;19510601;19510630;   5;   2;   168.4;   -999;      0;   18.3;eor
  5074;19510701;19510731;   5;   2;   177.0;   -999;      0;   54.7;eor
  5074;19510801;19510831;   5;   2;   114.2;   -999;      0;   24.0;eor
  5074;19510901;19510930;   5;   2;    75.2;   -999;      0;   18.4;eor
  5074;19511001;19511031;   5;   2;     5.6;   -999;      0;    5.6;eor
  5074;19511101;19511130;   5;   2;   143.0;   -999;      1;   24.0;eor
  5074;19511201;19511231;   5;   2;   137.1;   -999;     31;   36.5;eor
  5074;19520101;19520131;   5;   2;    96.8;   -999;    452;   13.3;eor
  5074;19520201;19520229;   5;   2;   209.4;   -999;   1475;   40.0;eor
  5074;19520301;19520331;   5;   2;   251.1;   -999;    397;   44.4;eor
  5074;19520401;19520430;   5;   2;    51.5;   -999;     54;   15.7;eor
  5074;19520501;19520531;   5;   2;   188.8;   -999;      0;   37.5;eor
  5074;19520601;19520630;   5;   2;   174.6;   -999;      0;   41.8;eor
  5074;19520701;19520731;   5;   2;    80.1;   -999;      0;   19.8;eor
  5074;19520801;19520831;   5;   2;    93.4;   -999;      0;   23.3;eor
  5074;19520901;19520930;   5;   2;   217.6;   -999;      0;   35.5;eor
  5074;19521001;19521031;   5;   2;   210.5;   -999;      0;   22.4;eor
  5074;19521101;19521130;   5;   2;   208.3;   -999;    215;   42.7;eor
  5074;19521201;19521231;   5;   2;    94.1;   -999;    219;   16.4;eor
  5074;19530101;19530131;   5;   2;    56.2;   -999;    612;   12.8;eor
  5074;19530201;19530228;   5;   2;    67.5;   -999;    994;   17.4;eor
  5074;19530301;19530331;   5;   2;    37.9;   -999;     86;   13.7;eor
  5074;19530401;19530430;   5;   2;   126.4;   -999;      0;   22.5;eor
  5074;19530501;19530531;   5;   2;   112.8;   -999;      1;   14.2;eor
  5074;19530601;19530630;   5;   2;   191.6;   -999;      0;   31.2;eor
  5074;19530701;19530731;   5;   2;   273.6;   -999;      0;   38.8;eor
  5074;19530801;19530831;   5;   2;   132.1;   -999;      0;   44.0;eor
  5074;19530901;19530930;   5;   2;   100.6;   -999;      0;   22.7;eor
  5074;19531001;19531031;   5;   2;    38.1;   -999;      0;   14.7;eor
  5074;19531101;19531130;   5;   2;    32.9;   -999;      0;   22.6;eor
  5074;19531201;19531231;   5;   2;    50.3;   -999;    140;   11.2;eor
  5074;19540101;19540131;   5;   2;   208.1;   -999;   1011;   35.8;eor
  5074;19540201;19540228;   5;   2;    50.6;   -999;    302;   14.1;eor
  5074;19540301;19540331;   5;   2;    49.6;   -999;    220;   15.7;eor
  5074;19540401;19540430;   5;   2;   123.8;   -999;     39;   22.3;eor
  5074;19540501;19540531;   5;   2;   267.7;   -999;      0;   61.6;eor
  5074;19540601;19540630;   5;   2;   118.6;   -999;      0;   37.8;eor
  5074;19540701;19540731;   5;   2;   578.4;   -999;      0;  165.8;eor
  5074;19540801;19540831;   5;   2;   138.5;   -999;      0;   23.0;eor
  5074;19540901;19540930;   5;   2;   240.6;   -999;      0;   51.5;eor
  5074;19541001;19541031;   5;   2;   179.9;   -999;      0;   63.1;eor
  5074;19541101;19541130;   5;   2;    94.5;   -999;     46;   25.6;eor
  5074;19541201;19541231;   5;   2;   137.2;   -999;     59;   23.9;eor
  5074;19550101;19550131;   5;   2;    90.9;   -999;    114;   40.1;eor
  5074;19550201;19550228;   5;   2;   176.7;   -999;    423;   50.4;eor
  5074;19550301;19550331;   5;   2;    70.2;   -999;    690;   16.1;eor
  5074;19550401;19550430;   5;   2;   175.1;   -999;     15;   42.3;eor
  5074;19550501;19550531;   5;   2;   218.7;   -999;      0;   32.9;eor
  5074;19550601;19550630;   5;   2;   205.0;   -999;      0;   40.8;eor
  5074;19550701;19550731;   5;   2;   310.0;   -999;      0;   60.3;eor
  5074;19550801;19550831;   5;   2;   180.8;   -999;      0;   27.5;eor
  5074;19550901;19550930;   5;   2;   149.8;   -999;      0;   34.5;eor
  5074;19551001;19551031;   5;   2;    99.9;   -999;      0;   22.3;eor
  5074;19551101;19551130;   5;   2;    28.2;   -999;     21;    7.4;eor
  5074;19551201;19551231;   5;   2;   140.9;   -999;     89;   18.3;eor
  5074;19560101;19560131;   5;   2;    87.8;   -999;     62;   33.1;eor
  5074;19560201;19560229;   5;   2;    49.3;   -999;    865;   14.6;eor
  5074;19560301;19560331;   5;   2;   136.9;   -999;    152;   76.1;eor
  5074;19560401;19560430;   5;   2;   129.0;   -999;     29;   30.1;eor
  5074;19560501;19560531;   5;   2;   156.3;   -999;      0;   40.3;eor
  5074;19560601;19560630;   5;   2;   257.2;   -999;      0;   39.8;eor
  5074;19560701;19560731;   5;   2;   171.0;   -999;      0;   38.8;eor
  5074;19560801;19560831;   5;   2;   191.7;   -999;      0;   20.0;eor
  5074;19560901;19560930;   5;   2;   124.8;   -999;      0;   52.1;eor
  5074;19561001;19561031;   5;   2;   203.7;   -999;     32;   40.1;eor
  5074;19561101;19561130;   5;   2;    78.7;   -999;     30;   17.2;eor
  5074;19561201;19561231;   5;   2;   101.2;   -999;     77;   31.9;eor
  5074;19570101;19570131;   5;   2;    94.4;   -999;    352;   25.8;eor
  5074;19570201;19570228;   5;   2;   152.0;   -999;     33;   54.4;eor
  5074;19570301;19570331;   5;   2;    80.8;   -999;      0;   23.2;eor
  5074;19570401;19570430;   5;   2;   130.0;   -999;      7;   25.7;eor
  5074;19570501;19570531;   5;   2;   141.0;   -999;      9;   28.2;eor
  5074;19570601;19570630;   5;   2;   154.0;   -999;      0;   24.8;eor
  5074;19570701;19570731;   5;   2;   396.8;   -999;      0;   59.8;eor
  5074;19570801;19570831;   5;   2;   120.1;   -999;      0;   17.5;eor
  5074;19570901;19570930;   5;   2;   155.6;   -999;      0;   21.9;eor
  5074;19571001;19571031;   5;   2;    26.1;   -999;      0;   10.5;eor
  5074;19571101;19571130;   5;   2;    71.3;   -999;      0;   30.9;eor
  5074;19571201;19571231;   5;   2;    57.9;   -999;     34;   13.5;eor
  5074;19580101;19580131;   5;   2;   124.7;   -999;    374;   21.7;eor
  5074;19580201;19580228;   5;   2;   250.2;   -999;    461;   44.0;eor
  5074;19580301;19580331;   5;   2;   129.1;   -999;   1364;   25.8;eor
  5074;19580401;19580430;   5;   2;   123.2;   -999;     23;   20.2;eor
  5074;19580501;19580531;   5;   2;   102.3;   -999;      0;   29.5;eor
  5074;19580601;19580630;   5;   2;   289.5;   -999;      0;   51.7;eor
  5074;19580701;19580731;   5;   2;   114.5;   -999;      0;   35.1;eor
  5074;19580801;19580831;   5;   2;   105.1;   -999;      0;   23.8;eor
  5074;19580901;19580930;   5;   2;   128.1;   -999;      0;   27.1;eor
  5074;19581001;19581031;   5;   2;   228.4;   -999;      0;   45.7;eor
  5074;19581101;19581130;   5;   2;    52.6;   -999;      0;   12.0;eor
  5074;19581201;19581231;   5;   2;   122.9;   -999;     13;   26.0;eor
  5074;19590101;19590131;   5;   2;   108.0;   -999;    513;   24.2;eor
  5074;19590201;19590228;   5;   2;     9.9;   -999;    590;    6.1;eor
  5074;19590301;19590331;   5;   2;    61.7;   -999;      0;   28.6;eor
  5074;19590401;19590430;   5;   2;   186.7;   -999;      0;   65.7;eor
  5074;19590501;19590531;   5;   2;   150.4;   -999;      0;   46.0;eor
  5074;19590601;19590630;   5;   2;   357.6;   -999;      0;   87.8;eor
  5074;19590701;19590731;   5;   2;   202.9;   -999;      0;   88.6;eor
  5074;19590801;19590831;   5;   2;   155.2;   -999;      0;   62.6;eor
  5074;19590901;19590930;   5;   2;    19.5;   -999;      0;    7.6;eor
  5074;19591001;19591031;   5;   2;    35.8;   -999;      0;   11.1;eor
  5074;19591101;19591130;   5;   2;    48.3;   -999;      4;   10.3;eor
  5074;19591201;19591231;   5;   2;   107.9;   -999;    107;   15.0;eor
  5074;19600101;19600131;   5;   2;   141.4;     98;    954;   16.0;eor
  5074;19600201;19600229;   5;   2;    97.4;     43;   1070;   21.9;eor
  5074;19600301;19600331;   5;   2;   155.3;     42;    168;   31.0;eor
  5074;19600401;19600430;   5;   2;    77.0;      2;      3;   17.0;eor
  5074;19600501;19600531;   5;   2;   135.9;      0;      0;   58.6;eor
  5074;19600601;19600630;   5;   2;   182.1;      0;      0;   35.9;eor
  5074;19600701;19600731;   5;   2;   143.1;      0;      0;   15.9;eor
  5074;19600801;19600831;   5;   2;   186.2;      0;      0;   45.3;eor
  5074;19600901;19600930;   5;   2;   106.5;      0;      0;   36.3;eor
  5074;19601001;19601031;   5;   2;    96.9;      0;      0;   21.3;eor
  5074;19601101;19601130;   5;   2;    87.7;      0;      0;   21.0;eor
  5074;19601201;19601230;-999;-999;    -999;   -999;   -999;    9.3;eor
  5074;19601201;19601231;   5;   2;    46.1;   -999;   -999;-999;eor
