STATIONS_ID; MESS_DATUM_BEGINN; MESS_DATUM_ENDE; QUALITAETS_NIVEAU; ART; NIEDERSCHLAGSHOEHE;NEUSCHNEEHOEHE;SCHNEEHOEHE; max(NIEDERSCHLAGSHOEHE);eor
  3372;19360601;19360630;   5;   2;    58.0;   -999;   -999;-999;eor
  3372;19360701;19360731;   5;   2;    96.0;   -999;   -999;-999;eor
  3372;19360801;19360831;   5;   2;    56.0;   -999;   -999;-999;eor
  3372;19360901;19360930;   5;   2;    52.0;   -999;   -999;-999;eor
  3372;19361001;19361031;   5;   2;    72.0;   -999;   -999;-999;eor
  3372;19361101;19361130;   5;   2;    51.0;   -999;   -999;-999;eor
  3372;19361201;19361231;   5;   2;    28.0;   -999;   -999;-999;eor
  3372;19370101;19370131;   5;   2;    39.0;   -999;   -999;-999;eor
  3372;19370201;19370228;   5;   2;    46.0;   -999;   -999;-999;eor
  3372;19370301;19370331;   5;   2;    83.0;   -999;   -999;-999;eor
  3372;19370401;19370430;   5;   2;    72.0;   -999;   -999;-999;eor
  3372;19370501;19370531;   5;   2;    77.0;   -999;   -999;-999;eor
  3372;19370601;19370630;   5;   2;    86.0;   -999;   -999;-999;eor
  3372;19370701;19370731;   5;   2;    78.0;   -999;   -999;-999;eor
  3372;19370801;19370831;   5;   2;    47.0;   -999;   -999;-999;eor
  3372;19370901;19370930;   5;   2;    28.0;   -999;   -999;-999;eor
  3372;19371001;19371031;   5;   2;    55.0;   -999;   -999;-999;eor
  3372;19371101;19371130;   5;   2;    23.0;   -999;   -999;-999;eor
  3372;19371201;19371231;   5;   2;    32.0;   -999;   -999;-999;eor
  3372;19380101;19380131;   5;   2;    61.0;   -999;   -999;-999;eor
  3372;19380201;19380228;   5;   2;    24.0;   -999;   -999;-999;eor
  3372;19380301;19380331;   5;   2;    23.0;   -999;   -999;-999;eor
  3372;19380401;19380430;   5;   2;    37.0;   -999;   -999;-999;eor
  3372;19380501;19380531;   5;   2;   104.0;   -999;   -999;-999;eor
  3372;19380601;19380630;   5;   2;    48.0;   -999;   -999;-999;eor
  3372;19380701;19380731;   5;   2;    79.0;   -999;   -999;-999;eor
  3372;19380801;19380831;   5;   2;    93.0;   -999;   -999;-999;eor
  3372;19380901;19380930;   5;   2;    16.0;   -999;   -999;-999;eor
  3372;19381001;19381031;   5;   2;    46.0;   -999;   -999;-999;eor
  3372;19381101;19381130;   5;   2;    36.0;   -999;   -999;-999;eor
  3372;19381201;19381231;   5;   2;    36.0;   -999;   -999;-999;eor
  3372;19390101;19390131;   5;   2;    41.0;   -999;   -999;-999;eor
  3372;19390201;19390228;   5;   2;    23.0;   -999;   -999;-999;eor
  3372;19390301;19390331;   5;   2;    83.0;   -999;   -999;-999;eor
  3372;19390401;19390430;   5;   2;    48.0;   -999;   -999;-999;eor
  3372;19390501;19390531;   5;   2;   129.0;   -999;   -999;-999;eor
  3372;19390601;19390630;   5;   2;    40.0;   -999;   -999;-999;eor
  3372;19390701;19390731;   5;   2;    90.0;   -999;   -999;-999;eor
  3372;19390801;19390831;   5;   2;    53.0;   -999;   -999;-999;eor
  3372;19390901;19390930;   5;   2;    76.0;   -999;   -999;-999;eor
  3372;19391001;19391031;   5;   2;    84.0;   -999;   -999;-999;eor
  3372;19391101;19391130;   5;   2;    80.0;   -999;   -999;-999;eor
  3372;19391201;19391231;   5;   2;    58.0;   -999;   -999;-999;eor
  3372;19400101;19400131;   5;   2;    23.0;   -999;   -999;-999;eor
  3372;19400201;19400229;   5;   2;    26.0;   -999;   -999;-999;eor
  3372;19400301;19400331;   5;   2;    71.0;   -999;   -999;-999;eor
  3372;19400401;19400430;   5;   2;    52.0;   -999;   -999;-999;eor
  3372;19400501;19400531;   5;   2;    70.0;   -999;   -999;-999;eor
  3372;19400601;19400630;   5;   2;    55.0;   -999;   -999;-999;eor
  3372;19400701;19400731;   5;   2;   190.0;   -999;   -999;-999;eor
  3372;19400801;19400831;   5;   2;    85.0;   -999;   -999;-999;eor
  3372;19400901;19400930;   5;   2;    80.0;   -999;   -999;-999;eor
  3372;19401001;19401031;   5;   2;    15.0;   -999;   -999;-999;eor
  3372;19401101;19401130;   5;   2;    60.0;   -999;   -999;-999;eor
  3372;19401201;19401231;   5;   2;    63.0;   -999;   -999;-999;eor
  3372;19410101;19410131;   5;   2;    84.0;   -999;   -999;-999;eor
  3372;19410201;19410228;   5;   2;    35.0;   -999;   -999;-999;eor
  3372;19410301;19410331;   5;   2;    56.0;   -999;   -999;-999;eor
  3372;19410401;19410430;   5;   2;    59.0;   -999;   -999;-999;eor
  3372;19410501;19410531;   5;   2;   155.0;   -999;   -999;-999;eor
  3372;19410601;19410630;   5;   2;    28.0;   -999;   -999;-999;eor
  3372;19410701;19410731;   5;   2;    91.0;   -999;   -999;-999;eor
  3372;19410801;19410831;   5;   2;    74.0;   -999;   -999;-999;eor
  3372;19410901;19410930;   5;   2;    49.0;   -999;   -999;-999;eor
  3372;19411001;19411031;   5;   2;    89.0;   -999;   -999;-999;eor
  3372;19411101;19411130;   5;   2;    31.0;   -999;   -999;-999;eor
  3372;19411201;19411231;   5;   2;    52.0;   -999;   -999;-999;eor
  3372;19420101;19420131;   5;   2;    21.0;   -999;   -999;-999;eor
  3372;19420201;19420228;   5;   2;    33.0;   -999;   -999;-999;eor
  3372;19420301;19420331;   5;   2;    28.0;   -999;   -999;-999;eor
  3372;19420401;19420430;   5;   2;    21.0;   -999;   -999;-999;eor
  3372;19420501;19420531;   5;   2;    81.0;   -999;   -999;-999;eor
  3372;19420601;19420630;   5;   2;    28.0;   -999;   -999;-999;eor
  3372;19420701;19420731;   5;   2;    86.0;   -999;   -999;-999;eor
  3372;19420801;19420831;   5;   2;    82.0;   -999;   -999;-999;eor
  3372;19420901;19420930;   5;   2;    46.0;   -999;   -999;-999;eor
  3372;19421001;19421031;   5;   2;    49.0;   -999;   -999;-999;eor
  3372;19421101;19421130;   5;   2;    45.0;   -999;   -999;-999;eor
  3372;19421201;19421231;   5;   2;    17.0;   -999;   -999;-999;eor
  3372;19430101;19430131;   5;   2;    23.0;   -999;   -999;-999;eor
  3372;19430201;19430228;   5;   2;    19.0;   -999;   -999;-999;eor
  3372;19430301;19430331;   5;   2;     4.0;   -999;   -999;-999;eor
  3372;19430401;19430430;   5;   2;    48.0;   -999;   -999;-999;eor
  3372;19430501;19430531;   5;   2;    38.0;   -999;   -999;-999;eor
  3372;19430601;19430630;   5;   2;    90.0;   -999;   -999;-999;eor
  3372;19460801;19460831;   5;   2;    36.0;   -999;   -999;-999;eor
  3372;19460901;19460930;   5;   2;    33.0;   -999;   -999;-999;eor
  3372;19461001;19461031;   5;   2;    75.0;   -999;   -999;-999;eor
  3372;19461101;19461130;   5;   2;    14.0;   -999;   -999;-999;eor
  3372;19461201;19461231;   5;   2;    31.0;   -999;   -999;-999;eor
  3372;19470101;19470131;   5;   2;    19.0;   -999;   -999;-999;eor
  3372;19470201;19470228;   5;   2;    31.0;   -999;   -999;-999;eor
  3372;19470301;19470331;   5;   2;    53.0;   -999;   -999;-999;eor
  3372;19470401;19470430;   5;   2;    29.0;   -999;   -999;-999;eor
  3372;19470501;19470531;   5;   2;    35.0;   -999;   -999;-999;eor
  3372;19470601;19470630;   5;   2;    52.0;   -999;   -999;-999;eor
  3372;19470701;19470731;   5;   2;    27.0;   -999;   -999;-999;eor
  3372;19470801;19470831;   5;   2;     8.0;   -999;   -999;-999;eor
  3372;19470901;19470930;   5;   2;    23.0;   -999;   -999;-999;eor
  3372;19471001;19471031;   5;   2;    12.0;   -999;   -999;-999;eor
  3372;19471101;19471130;   5;   2;    56.0;   -999;   -999;-999;eor
  3372;19471201;19471231;   5;   2;   106.0;   -999;   -999;-999;eor
  3372;19480101;19480131;   5;   2;    37.0;   -999;   -999;-999;eor
  3372;19480201;19480229;   5;   2;    75.0;   -999;   -999;-999;eor
  3372;19480301;19480331;   5;   2;    19.0;   -999;   -999;-999;eor
  3372;19480401;19480430;   5;   2;    23.0;   -999;   -999;-999;eor
  3372;19480501;19480531;   5;   2;    47.0;   -999;   -999;-999;eor
  3372;19480601;19480630;   5;   2;    38.0;   -999;   -999;-999;eor
  3372;19480701;19480731;   5;   2;    90.0;   -999;   -999;-999;eor
  3372;19480801;19480831;   5;   2;    62.0;   -999;   -999;-999;eor
  3372;19480901;19480930;   5;   2;     8.0;   -999;   -999;-999;eor
  3372;19481001;19481031;   5;   2;    22.0;   -999;   -999;-999;eor
  3372;19481101;19481130;   5;   2;     8.0;   -999;   -999;-999;eor
  3372;19481201;19481231;   5;   2;    10.0;   -999;   -999;-999;eor
  3372;19490101;19490131;   5;   2;    34.0;   -999;   -999;-999;eor
  3372;19490201;19490228;   5;   2;    26.0;   -999;   -999;-999;eor
  3372;19490301;19490331;   5;   2;    45.0;   -999;   -999;-999;eor
  3372;19490401;19490430;   5;   2;    33.0;   -999;   -999;-999;eor
  3372;19490501;19490531;   5;   2;   150.0;   -999;   -999;-999;eor
  3372;19490601;19490630;   5;   2;   100.0;   -999;   -999;-999;eor
  3372;19490701;19490731;   5;   2;    28.0;   -999;   -999;-999;eor
  3372;19490801;19490831;   5;   2;    27.0;   -999;   -999;-999;eor
  3372;19490901;19490930;   5;   2;    55.0;   -999;   -999;-999;eor
  3372;19491001;19491031;   5;   2;    10.0;   -999;   -999;-999;eor
  3372;19491101;19491130;   5;   2;    20.0;   -999;   -999;-999;eor
  3372;19491201;19491231;   5;   2;    51.0;   -999;   -999;-999;eor
  3372;19500101;19500131;   5;   2;    47.0;   -999;   -999;-999;eor
  3372;19500201;19500228;   5;   2;    97.0;   -999;   -999;-999;eor
  3372;19500301;19500331;   5;   2;    16.0;   -999;   -999;-999;eor
  3372;19500401;19500430;   5;   2;    63.0;   -999;   -999;-999;eor
  3372;19500501;19500531;   5;   2;    66.0;   -999;   -999;-999;eor
  3372;19500601;19500630;   5;   2;    49.0;   -999;   -999;-999;eor
  3372;19500701;19500731;   5;   2;    52.0;   -999;   -999;-999;eor
  3372;19500801;19500831;   5;   2;    78.0;   -999;   -999;-999;eor
  3372;19500901;19500930;   5;   2;    81.0;   -999;   -999;-999;eor
  3372;19501001;19501031;   5;   2;    42.0;   -999;   -999;-999;eor
  3372;19501101;19501130;   5;   2;    72.0;   -999;   -999;-999;eor
  3372;19501201;19501231;   5;   2;    35.0;   -999;   -999;-999;eor
  3372;19510101;19510131;   5;   2;    27.1;   -999;    219;    6.9;eor
  3372;19510201;19510228;   5;   2;    29.1;   -999;     29;    4.6;eor
  3372;19510301;19510331;   5;   2;    19.5;   -999;     42;    3.9;eor
  3372;19510401;19510430;   5;   2;    19.0;   -999;      0;    4.5;eor
  3372;19510501;19510531;   5;   2;    57.4;   -999;      0;   10.8;eor
  3372;19510601;19510630;   5;   2;    98.7;   -999;      0;   21.9;eor
  3372;19510701;19510731;   5;   2;    91.1;   -999;      0;   31.3;eor
  3372;19510801;19510831;   5;   2;    36.6;   -999;      0;   13.0;eor
  3372;19510901;19510930;   5;   2;    35.8;   -999;      0;   11.6;eor
  3372;19511001;19511031;   5;   2;    10.7;   -999;      0;    2.9;eor
  3372;19511101;19511130;   5;   2;    48.8;   -999;      1;   18.5;eor
  3372;19511201;19511231;   5;   2;    25.3;   -999;     16;    5.5;eor
  3372;19520101;19520131;   5;   2;    32.7;   -999;    142;    9.3;eor
  3372;19520201;19520229;   5;   2;    23.1;   -999;    232;    5.5;eor
  3372;19520301;19520331;   5;   2;   108.9;   -999;     19;   25.5;eor
  3372;19520401;19520430;   5;   2;    51.3;   -999;      8;   16.2;eor
  3372;19520501;19520531;   5;   2;    47.3;   -999;      0;    9.5;eor
  3372;19520601;19520630;   5;   2;    45.3;   -999;      0;   12.2;eor
  3372;19520701;19520731;   5;   2;    10.2;   -999;      0;    3.0;eor
  3372;19520801;19520831;   5;   2;    24.8;   -999;      0;    8.2;eor
  3372;19520901;19520930;   5;   2;   148.7;   -999;      0;   69.6;eor
  3372;19521001;19521031;   5;   2;    68.3;   -999;      0;    7.6;eor
  3372;19521101;19521130;   5;   2;    79.5;   -999;     55;   14.0;eor
  3372;19521201;19521231;   5;   2;    26.0;   -999;    141;    5.6;eor
  3372;19530101;19530131;   5;   2;    56.4;   -999;    776;   14.4;eor
  3372;19530201;19530228;   5;   2;    35.8;   -999;    481;   11.2;eor
  3372;19530301;19530331;   5;   2;    24.7;   -999;      4;    7.1;eor
  3372;19530401;19530430;   5;   2;    33.8;   -999;      0;   11.3;eor
  3372;19530501;19530531;   5;   2;    51.1;   -999;      8;   15.5;eor
  3372;19530601;19530630;   5;   2;   177.8;   -999;      0;   45.8;eor
  3372;19530701;19530731;   5;   2;    90.0;   -999;      0;   19.7;eor
  3372;19530801;19530831;   5;   2;    55.3;   -999;      0;   43.2;eor
  3372;19530901;19530930;   5;   2;    33.0;   -999;      0;    6.0;eor
  3372;19531001;19531031;   5;   2;    27.6;   -999;      0;   10.0;eor
  3372;19531101;19531130;   5;   2;     4.2;   -999;      0;    2.8;eor
  3372;19531201;19531231;   5;   2;    12.2;   -999;     14;    2.2;eor
  3372;19540101;19540131;   5;   2;    45.2;   -999;    201;   10.2;eor
  3372;19540201;19540228;   5;   2;     8.1;   -999;     56;    3.7;eor
  3372;19540301;19540331;   5;   2;    15.0;   -999;      2;    7.8;eor
  3372;19540401;19540430;   5;   2;    90.0;   -999;     15;   15.5;eor
  3372;19540501;19540531;   5;   2;    70.5;   -999;      0;   24.0;eor
  3372;19540601;19540630;   5;   2;    63.2;   -999;      0;   28.1;eor
  3372;19540701;19540731;   5;   2;   266.0;   -999;      0;   68.0;eor
  3372;19540801;19540831;   5;   2;   131.1;   -999;      0;   34.8;eor
  3372;19540901;19540930;   5;   2;    56.0;   -999;      0;   16.0;eor
  3372;19541001;19541031;   5;   2;    51.4;   -999;      0;   15.1;eor
  3372;19541101;19541130;   5;   2;    21.3;   -999;      3;    4.2;eor
  3372;19541201;19541231;   5;   2;    44.8;   -999;     16;   10.9;eor
  3372;19550101;19550131;   5;   2;    33.2;   -999;    156;    8.0;eor
  3372;19550201;19550228;   5;   2;    37.4;   -999;    358;    7.6;eor
  3372;19550301;19550331;   5;   2;    18.9;   -999;    312;    5.4;eor
  3372;19550401;19550430;   5;   2;    73.0;   -999;      6;   12.5;eor
  3372;19550501;19550531;   5;   2;    45.5;   -999;      0;   12.7;eor
  3372;19550601;19550630;   5;   2;    92.4;   -999;      0;   20.0;eor
  3372;19550701;19550731;   5;   2;   142.6;   -999;      0;   24.7;eor
  3372;19550801;19550831;   5;   2;    92.6;   -999;      0;   14.4;eor
  3372;19550901;19550930;   5;   2;    45.3;   -999;      0;   12.0;eor
  3372;19551001;19551031;   5;   2;    50.9;   -999;      0;   15.3;eor
  3372;19551101;19551130;   5;   2;    17.6;   -999;     12;    5.3;eor
  3372;19551201;19551231;   5;   2;    91.1;   -999;     36;   16.2;eor
  3372;19560101;19560131;   5;   2;    27.6;   -999;     69;    9.4;eor
  3372;19560201;19560229;   5;   2;    18.0;   -999;    497;    2.8;eor
  3372;19560301;19560331;   5;   2;    44.3;   -999;     90;   13.0;eor
  3372;19560401;19560430;   5;   2;    69.5;   -999;     22;   15.8;eor
  3372;19560501;19560531;   5;   2;    90.7;   -999;      0;   32.3;eor
  3372;19560601;19560630;   5;   2;   131.5;   -999;      0;   27.3;eor
  3372;19560701;19560731;   5;   2;    90.8;   -999;      0;   34.0;eor
  3372;19560801;19560831;   5;   2;    58.6;   -999;      0;   10.0;eor
  3372;19560901;19560930;   5;   2;    34.4;   -999;      0;   13.5;eor
  3372;19561001;19561031;   5;   2;    73.7;   -999;      9;   14.3;eor
  3372;19561101;19561130;   5;   2;    51.8;   -999;      4;    9.0;eor
  3372;19561201;19561231;   5;   2;    61.8;   -999;     88;   20.7;eor
  3372;19570101;19570131;   5;   2;    36.7;   -999;    192;   11.2;eor
  3372;19570201;19570228;   5;   2;    70.1;   -999;     12;   21.2;eor
  3372;19570301;19570331;   5;   2;    53.2;   -999;      4;   10.3;eor
  3372;19570401;19570430;   5;   2;    39.2;   -999;      8;   14.0;eor
  3372;19570501;19570531;   5;   2;    60.9;   -999;      3;   17.8;eor
  3372;19570601;19570630;   5;   2;    67.5;   -999;      0;   35.0;eor
  3372;19570701;19570731;   5;   2;   152.2;   -999;      0;   35.9;eor
  3372;19570801;19570831;   5;   2;    63.5;   -999;      0;   17.1;eor
  3372;19570901;19570930;   5;   2;   115.0;   -999;      0;   19.4;eor
  3372;19571001;19571031;   5;   2;    11.9;   -999;      0;    7.5;eor
  3372;19571101;19571130;   5;   2;    30.2;   -999;      0;   11.0;eor
  3372;19571201;19571231;   5;   2;    24.7;   -999;     67;    5.0;eor
  3372;19580101;19580131;   5;   2;    49.4;   -999;    116;   10.0;eor
  3372;19580201;19580228;   5;   2;    52.7;   -999;    138;    7.5;eor
  3372;19580301;19580331;   5;   2;    36.3;   -999;    210;    6.5;eor
  3372;19580401;19580430;   5;   2;    47.1;   -999;     15;   12.0;eor
  3372;19580501;19580531;   5;   2;   126.6;   -999;      0;   26.5;eor
  3372;19580601;19580630;   5;   2;   104.1;   -999;      0;   32.2;eor
  3372;19580701;19580731;   5;   2;   112.9;   -999;      0;   32.0;eor
  3372;19580801;19580831;   5;   2;    88.1;   -999;      0;   21.8;eor
  3372;19580901;19580930;   5;   2;    59.4;   -999;      0;   12.5;eor
  3372;19581001;19581031;   5;   2;    75.6;   -999;      0;   14.5;eor
  3372;19581101;19581130;   5;   2;    17.9;   -999;      0;    5.5;eor
  3372;19581201;19581231;   5;   2;    55.7;   -999;     24;   12.0;eor
  3372;19590101;19590131;   5;   2;    40.0;   -999;    230;    7.7;eor
  3372;19590201;19590228;   5;   2;    10.9;   -999;    106;    8.0;eor
  3372;19590301;19590331;   5;   2;    20.5;   -999;      1;    5.5;eor
  3372;19590401;19590430;   5;   2;    46.3;   -999;      1;    8.0;eor
  3372;19590501;19590531;   5;   2;    74.3;   -999;      0;   14.0;eor
  3372;19590601;19590630;   5;   2;    45.7;   -999;      0;    9.1;eor
  3372;19590701;19590731;   5;   2;    63.7;   -999;      0;   38.1;eor
  3372;19590801;19590831;   5;   2;   123.3;   -999;      0;   28.1;eor
  3372;19590901;19590930;   5;   2;     0.6;   -999;      0;    0.6;eor
  3372;19591001;19591031;   5;   2;    71.2;   -999;      0;   36.3;eor
  3372;19591101;19591130;   5;   2;    55.1;   -999;      0;   27.0;eor
  3372;19591201;19591231;   5;   2;    24.6;   -999;     24;    9.6;eor
  3372;19600101;19600131;   5;   2;    74.0;   -999;    133;   17.1;eor
  3372;19600201;19600229;   5;   2;    19.5;   -999;    167;    4.5;eor
  3372;19600301;19600331;   5;   2;    55.2;   -999;     29;   14.4;eor
  3372;19600401;19600430;   5;   2;    48.4;   -999;     12;    8.1;eor
  3372;19600501;19600531;   5;   2;    58.5;   -999;      0;   10.5;eor
  3372;19600601;19600630;   5;   2;    74.2;   -999;      0;   30.4;eor
  3372;19600701;19600731;   5;   2;    51.2;   -999;      0;   10.7;eor
  3372;19600801;19600831;   5;   2;    83.5;   -999;      0;   33.1;eor
  3372;19600901;19600930;   5;   2;    17.6;   -999;      0;    8.5;eor
  3372;19601001;19601031;   5;   2;   161.3;   -999;      0;   37.5;eor
  3372;19601101;19601130;   5;   2;    30.1;   -999;      0;    6.0;eor
  3372;19601201;19601231;   5;   2;    51.5;   -999;    230;    7.5;eor
  3372;19610101;19610131;   5;   2;    30.4;   -999;    229;    6.5;eor
  3372;19610201;19610228;   5;   2;    36.1;   -999;     14;    8.5;eor
  3372;19610301;19610331;   5;   2;    37.6;   -999;      6;   14.8;eor
  3372;19610401;19610430;   5;   2;    72.4;   -999;      0;   16.8;eor
  3372;19610501;19610531;   5;   2;   150.9;   -999;      0;   23.5;eor
  3372;19610601;19610630;   5;   2;    75.2;   -999;      0;   23.3;eor
  3372;19610701;19610731;   5;   2;    58.3;   -999;      0;   19.1;eor
  3372;19610801;19610831;   5;   2;    31.4;   -999;      0;    6.8;eor
  3372;19610901;19610930;   5;   2;    17.3;   -999;      0;    4.0;eor
  3372;19611001;19611031;   5;   2;    18.5;   -999;      0;   10.4;eor
  3372;19611101;19611130;   5;   2;    30.7;   -999;      0;   10.2;eor
  3372;19611201;19611231;   5;   2;    56.3;   -999;     86;   18.0;eor
  3372;19620101;19620131;   5;   2;    37.9;   -999;     17;   14.9;eor
  3372;19620201;19620228;   5;   2;    48.2;   -999;    165;   11.3;eor
  3372;19620301;19620331;   5;   2;    42.1;   -999;     94;    7.8;eor
  3372;19620401;19620430;   5;   2;    47.8;   -999;      4;    9.4;eor
  3372;19620501;19620531;   5;   2;    77.8;   -999;      2;   14.4;eor
  3372;19620601;19620630;   5;   2;    27.1;   -999;      0;    4.5;eor
  3372;19620701;19620731;   5;   2;    75.0;   -999;      0;   20.5;eor
  3372;19620801;19620831;   5;   2;    40.4;   -999;      0;   10.0;eor
  3372;19620901;19620930;   5;   2;    47.1;   -999;      0;    9.9;eor
  3372;19621001;19621031;   5;   2;     9.4;   -999;      0;    4.1;eor
  3372;19621101;19621130;   5;   2;    16.7;   -999;     51;    6.0;eor
  3372;19621201;19621231;   5;   2;    29.5;   -999;    158;    6.5;eor
  3372;19630101;19630131;   5;   2;    20.2;   -999;    660;    7.0;eor
  3372;19630201;19630228;   5;   2;    13.6;   -999;   1185;    7.0;eor
  3372;19630301;19630331;   5;   2;    30.3;   -999;    351;    5.5;eor
  3372;19630401;19630430;   5;   2;   101.2;   -999;      1;   37.6;eor
  3372;19630501;19630531;   5;   2;    28.3;   -999;      0;    5.8;eor
  3372;19630601;19630630;   5;   2;    64.6;   -999;      0;    9.8;eor
  3372;19630701;19630731;   5;   2;    53.6;   -999;      0;   10.2;eor
  3372;19630801;19630831;   5;   2;    93.9;   -999;      0;   12.5;eor
  3372;19630901;19630930;   5;   2;    36.8;   -999;      0;   14.0;eor
  3372;19631001;19631031;   5;   2;    15.4;   -999;      0;    4.9;eor
  3372;19631101;19631130;   5;   2;    45.3;   -999;      0;    8.3;eor
  3372;19631201;19631231;   5;   2;    12.1;   -999;    215;    6.5;eor
  3372;19640101;19640131;   5;   2;    17.5;   -999;    290;    6.5;eor
  3372;19640201;19640229;   5;   2;    19.3;   -999;     82;    6.5;eor
  3372;19640301;19640331;   5;   2;    21.2;   -999;     23;    7.6;eor
  3372;19640401;19640430;   5;   2;    52.9;   -999;      0;    9.0;eor
  3372;19640501;19640531;   5;   2;    62.8;   -999;      0;   19.6;eor
  3372;19640601;19640630;   5;   2;    46.7;   -999;      0;   12.5;eor
  3372;19640701;19640731;   5;   2;    17.1;   -999;      0;    8.5;eor
  3372;19640801;19640831;   5;   2;    70.9;   -999;      0;   14.6;eor
  3372;19640901;19640930;   5;   2;    33.0;   -999;      0;    7.7;eor
  3372;19641001;19641031;   5;   2;    42.8;   -999;      0;   14.1;eor
  3372;19641101;19641130;   5;   2;    57.5;   -999;      1;   24.4;eor
  3372;19641201;19641231;   5;   2;    13.9;   -999;     84;    4.1;eor
  3372;19650101;19650131;   5;   2;    73.4;   -999;    132;   11.4;eor
  3372;19650201;19650228;   5;   2;    49.1;   -999;    997;    7.0;eor
  3372;19650301;19650331;   5;   2;    64.6;   -999;    995;   16.0;eor
  3372;19650401;19650430;   5;   2;   135.2;   -999;      0;   57.0;eor
  3372;19650501;19650531;   5;   2;   125.7;   -999;      0;   16.5;eor
  3372;19650601;19650630;   5;   2;   162.4;   -999;      0;   72.5;eor
  3372;19650701;19650731;   5;   2;    67.9;   -999;      0;   10.8;eor
  3372;19650801;19650831;   5;   2;    21.8;   -999;      0;    9.7;eor
  3372;19650901;19650930;   5;   2;    62.6;   -999;      0;   16.2;eor
  3372;19651001;19651031;   5;   2;    21.4;   -999;      0;    8.2;eor
  3372;19651101;19651130;   5;   2;    73.8;   -999;     59;   18.0;eor
  3372;19651201;19651231;   5;   2;    89.2;   -999;     39;   14.8;eor
  3372;19660101;19660131;   5;   2;    27.9;   -999;    257;    5.4;eor
  3372;19660201;19660228;   5;   2;    58.2;   -999;     37;   14.6;eor
  3372;19660301;19660331;   5;   2;    48.6;   -999;     33;   10.2;eor
  3372;19660401;19660430;   5;   2;    65.3;   -999;      0;   14.0;eor
  3372;19660501;19660531;   5;   2;    83.2;   -999;      0;   16.0;eor
  3372;19660601;19660630;   5;   2;   125.2;   -999;      0;   42.2;eor
  3372;19660701;19660731;   5;   2;   104.7;   -999;      0;   38.2;eor
  3372;19660801;19660831;   5;   2;   125.0;   -999;      0;   60.0;eor
  3372;19660901;19660930;   5;   2;    40.8;   -999;      0;   12.6;eor
  3372;19661001;19661031;   5;   2;   104.3;   -999;      0;   31.5;eor
  3372;19661101;19661130;   5;   2;    23.3;   -999;     31;    5.4;eor
  3372;19661201;19661231;   5;   2;    72.1;   -999;     49;   11.0;eor
  3372;19670101;19670131;   5;   2;    19.6;   -999;    105;    4.2;eor
  3372;19670201;19670228;   5;   2;    43.9;   -999;     79;   10.4;eor
  3372;19670301;19670331;   5;   2;    37.1;   -999;      8;    7.6;eor
  3372;19670401;19670430;   5;   2;    21.3;   -999;      6;    4.5;eor
  3372;19670501;19670531;   5;   2;    65.4;   -999;      0;   28.0;eor
  3372;19670601;19670630;   5;   2;    75.6;   -999;      0;   18.4;eor
  3372;19670701;19670731;   5;   2;    54.8;   -999;      0;   17.4;eor
  3372;19670801;19670831;   5;   2;    62.6;   -999;      0;   16.0;eor
  3372;19670901;19670930;   5;   2;    57.6;   -999;      0;   13.0;eor
  3372;19671001;19671031;   5;   2;    25.3;   -999;      0;    6.0;eor
  3372;19671101;19671130;   5;   2;    10.5;   -999;      0;    2.2;eor
  3372;19671201;19671231;   5;   2;    72.3;   -999;    205;   14.8;eor
  3372;19680101;19680131;   5;   2;    57.1;   -999;    407;   12.0;eor
  3372;19680201;19680229;   5;   2;    32.5;   -999;     88;    5.0;eor
  3372;19680301;19680331;   5;   2;    56.8;   -999;    123;   14.5;eor
  3372;19680401;19680430;   5;   2;    74.7;   -999;      0;   35.6;eor
  3372;19680501;19680531;   5;   2;    53.1;   -999;      0;   14.5;eor
  3372;19680601;19680630;   5;   2;    36.8;   -999;      0;    8.8;eor
  3372;19680701;19680731;   5;   2;    63.8;   -999;      0;   24.3;eor
  3372;19680801;19680831;   5;   2;   113.0;   -999;      0;   19.1;eor
  3372;19680901;19680930;   5;   2;    92.3;   -999;      0;   21.4;eor
  3372;19681001;19681031;   5;   2;    36.7;   -999;      0;   10.4;eor
  3372;19681101;19681130;   5;   2;    31.6;   -999;     37;   12.0;eor
  3372;19681201;19681231;   5;   2;    28.8;   -999;    193;    7.6;eor
  3372;19690101;19690131;   5;   2;    39.4;   -999;    437;   10.3;eor
  3372;19690201;19690228;   5;   2;    26.4;   -999;    221;    9.1;eor
  3372;19690301;19690331;   5;   2;    45.9;   -999;     78;   11.6;eor
  3372;19690401;19690430;   5;   2;    61.5;   -999;     12;   14.2;eor
  3372;19690501;19690531;   5;   2;    75.3;   -999;      0;   25.0;eor
  3372;19690601;19690630;   5;   2;   115.6;   -999;      0;   32.0;eor
  3372;19690701;19690731;   5;   2;    23.0;   -999;      0;    8.0;eor
  3372;19690801;19690831;   5;   2;   102.0;   -999;      0;   23.3;eor
  3372;19690901;19690930;   5;   2;    22.5;   -999;      0;   12.5;eor
  3372;19691001;19691031;   5;   2;    31.6;   -999;      0;    9.2;eor
  3372;19691101;19691130;   5;   2;    36.3;   -999;     63;    7.7;eor
  3372;19691201;19691231;   5;   2;    15.2;   -999;    658;    3.8;eor
  3372;19700101;19700131;   5;   2;    30.6;   -999;    945;    9.0;eor
  3372;19700201;19700228;   5;   2;    76.3;   -999;    606;   22.2;eor
  3372;19700301;19700331;   5;   2;    43.4;   -999;    615;   11.0;eor
  3372;19700401;19700430;   5;   2;    81.3;   -999;     17;   18.3;eor
  3372;19700501;19700531;   5;   2;    96.2;   -999;      0;   20.1;eor
  3372;19700601;19700630;   5;   2;    49.8;   -999;      0;   13.1;eor
  3372;19700701;19700731;   5;   2;    87.8;   -999;      0;   20.3;eor
  3372;19700801;19700831;   5;   2;   161.6;   -999;      0;   57.3;eor
  3372;19700901;19700930;   5;   2;    43.4;   -999;      0;   12.0;eor
  3372;19701001;19701031;   5;   2;   103.9;   -999;      4;   14.8;eor
  3372;19701101;19701130;   5;   2;    49.8;   -999;      0;   11.0;eor
  3372;19701201;19701231;   5;   2;    47.3;   -999;     73;   14.8;eor
  3372;19710101;19710131;   5;   2;    11.2;   -999;    495;    3.1;eor
  3372;19710201;19710228;   5;   2;    39.4;   -999;     36;    7.4;eor
  3372;19710301;19710331;   5;   2;    22.3;   -999;    435;    3.4;eor
  3372;19710401;19710430;   5;   2;    36.4;   -999;      0;   14.6;eor
  3372;19710501;19710531;   5;   2;    59.1;   -999;      0;   16.5;eor
  3372;19710601;19710630;   5;   2;    92.3;   -999;      0;   13.7;eor
  3372;19710701;19710731;   5;   2;    27.7;   -999;      0;   16.2;eor
  3372;19710801;19710831;   5;   2;    57.6;   -999;      0;   18.3;eor
  3372;19710901;19710930;   5;   2;    33.7;   -999;      0;    7.5;eor
  3372;19711001;19711031;   5;   2;    27.6;   -999;      3;   12.2;eor
  3372;19711101;19711130;   5;   2;    62.4;   -999;    142;   33.0;eor
  3372;19711201;19711231;   5;   2;    35.8;   -999;     11;   10.5;eor
  3372;19720101;19720131;   5;   2;     6.3;   -999;     38;    2.4;eor
  3372;19720201;19720229;   5;   2;     5.2;   -999;     17;    3.3;eor
  3372;19720301;19720331;   5;   2;    43.9;   -999;      6;   13.5;eor
  3372;19720401;19720430;   5;   2;    66.3;   -999;      0;    9.0;eor
  3372;19720501;19720531;   5;   2;    81.8;   -999;      0;   20.6;eor
  3372;19720601;19720630;   5;   2;   119.8;   -999;      0;   42.5;eor
  3372;19720701;19720731;   5;   2;   111.0;   -999;      0;   18.9;eor
  3372;19720801;19720831;   5;   2;    64.6;   -999;      0;   23.2;eor
  3372;19720901;19720930;   5;   2;    44.3;   -999;      0;    7.0;eor
  3372;19721001;19721031;   5;   2;    27.5;   -999;      4;   10.4;eor
  3372;19721101;19721130;   5;   2;    45.5;   -999;     26;   19.0;eor
  3372;19721201;19721231;   5;   2;     1.3;   -999;      0;    1.0;eor
  3372;19730101;19730131;   5;   2;    25.2;   -999;     55;    4.0;eor
  3372;19730201;19730228;   5;   2;    51.5;   -999;    141;    9.5;eor
  3372;19730301;19730331;   5;   2;    26.4;   -999;     72;    5.2;eor
  3372;19730401;19730430;   5;   2;    75.5;   -999;     82;   20.2;eor
  3372;19730501;19730531;   5;   2;    64.1;   -999;      0;   19.5;eor
  3372;19730601;19730630;   5;   2;    82.8;   -999;      0;   20.0;eor
  3372;19730701;19730731;   5;   2;    75.7;   -999;      0;   19.7;eor
  3372;19730801;19730831;   5;   2;    28.7;   -999;      0;   10.3;eor
  3372;19730901;19730930;   5;   2;    17.5;   -999;      0;    5.0;eor
  3372;19731001;19731031;   5;   2;    82.1;   -999;      4;   23.0;eor
  3372;19731101;19731130;   5;   2;    39.5;   -999;     40;    9.0;eor
  3372;19731201;19731231;   5;   2;    48.0;   -999;    137;   11.7;eor
  3372;19740101;19740131;   5;   2;    41.4;   -999;      4;   14.8;eor
  3372;19740201;19740228;   5;   2;    54.2;   -999;     48;   13.5;eor
  3372;19740301;19740331;   5;   2;    23.5;   -999;      8;    5.0;eor
  3372;19740401;19740430;   5;   2;    23.8;   -999;      1;    7.6;eor
  3372;19740501;19740531;   5;   2;    99.8;   -999;      0;   27.2;eor
  3372;19740601;19740630;   5;   2;   117.3;   -999;      0;   22.0;eor
  3372;19740701;19740731;   5;   2;    80.8;   -999;      0;   11.2;eor
  3372;19740801;19740831;   5;   2;    68.1;   -999;      0;   16.8;eor
  3372;19740901;19740930;   5;   2;    50.6;   -999;      0;   20.3;eor
  3372;19741001;19741031;   5;   2;   131.4;   -999;      6;   35.0;eor
  3372;19741101;19741130;   5;   2;    45.2;   -999;      3;   11.3;eor
  3372;19741201;19741231;   5;   2;   148.0;   -999;     62;   36.5;eor
  3372;19750101;19750131;   5;   2;    24.7;   -999;      7;    4.8;eor
  3372;19750201;19750228;   5;   2;    32.9;   -999;     80;   14.4;eor
  3372;19750301;19750331;   5;   2;    36.4;   -999;     19;    6.3;eor
  3372;19750401;19750430;   5;   2;    67.9;   -999;     27;   13.0;eor
  3372;19750501;19750531;   5;   2;    39.2;   -999;      0;   14.7;eor
  3372;19750601;19750630;   5;   2;    88.3;   -999;      0;   29.0;eor
  3372;19750701;19750731;   5;   2;    56.7;   -999;      0;   25.2;eor
  3372;19750801;19750831;   5;   2;    92.3;   -999;      0;   48.5;eor
  3372;19750901;19750930;   5;   2;    28.1;   -999;      0;    7.4;eor
  3372;19751001;19751031;   5;   2;    35.1;   -999;      0;    8.5;eor
  3372;19751101;19751130;   5;   2;    56.9;   -999;     73;   10.4;eor
  3372;19751201;19751231;   5;   2;    20.9;   -999;     61;    4.6;eor
  3372;19760101;19760131;   5;   2;   122.7;   -999;    106;   11.3;eor
  3372;19760201;19760229;   5;   2;     9.7;   -999;    121;    5.2;eor
  3372;19760301;19760331;   5;   2;    21.4;   -999;     10;    4.7;eor
  3372;19760401;19760430;   5;   2;    28.1;   -999;      8;    7.0;eor
  3372;19760501;19760531;   5;   2;    48.6;   -999;      0;    8.7;eor
  3372;19760601;19760630;   5;   2;    32.8;   -999;      0;   17.4;eor
  3372;19760701;19760731;   5;   2;    45.5;   -999;      0;    9.0;eor
  3372;19760801;19760831;   5;   2;    45.1;   -999;      0;   14.0;eor
  3372;19760901;19760930;   5;   2;    43.4;   -999;      0;   14.0;eor
  3372;19761001;19761031;   5;   2;    29.9;   -999;      0;    9.3;eor
  3372;19761101;19761130;   5;   2;    66.1;   -999;     21;   16.2;eor
  3372;19761201;19761231;   5;   2;    41.6;   -999;    271;    8.0;eor
  3372;19770101;19770131;   5;   2;    40.3;   -999;    542;    9.0;eor
  3372;19770201;19770228;   5;   2;    38.0;   -999;     27;    7.0;eor
  3372;19770301;19770331;   5;   2;    81.9;   -999;      8;   28.0;eor
  3372;19770401;19770430;   5;   2;    79.9;   -999;      9;   12.4;eor
  3372;19770501;19770531;   5;   2;    18.6;   -999;      0;    4.5;eor
  3372;19770601;19770630;   5;   2;   102.7;   -999;      0;   25.2;eor
  3372;19770701;19770731;   5;   2;    87.4;   -999;      0;   25.2;eor
  3372;19770801;19770831;   5;   2;    95.9;   -999;      0;   15.6;eor
  3372;19770901;19770930;   5;   2;    55.9;   -999;      0;   26.6;eor
  3372;19771001;19771031;   5;   2;    48.8;   -999;      0;   16.0;eor
  3372;19771101;19771130;   5;   2;    84.4;   -999;     32;   12.3;eor
  3372;19771201;19771231;   5;   2;    46.2;   -999;     85;    8.8;eor
  3372;19780101;19780131;   5;   2;    30.9;   -999;    173;    7.4;eor
  3372;19780201;19780228;   5;   2;    24.7;   -999;    456;    5.6;eor
  3372;19780301;19780331;   5;   2;    48.6;   -999;     13;    7.0;eor
  3372;19780401;19780430;   5;   2;    15.8;   -999;      0;    5.7;eor
  3372;19780501;19780531;   5;   2;   128.1;   -999;      0;   42.0;eor
  3372;19780601;19780630;   5;   2;   111.1;   -999;      0;   41.2;eor
  3372;19780701;19780731;   5;   2;    34.4;   -999;      0;    6.4;eor
  3372;19780801;19780831;   5;   2;   113.8;   -999;      0;   42.6;eor
  3372;19780901;19780930;   5;   2;    86.7;   -999;      0;   16.2;eor
  3372;19781001;19781031;   5;   2;    54.8;   -999;      0;   22.2;eor
  3372;19781101;19781130;   5;   2;    21.5;   -999;     24;   10.4;eor
  3372;19781201;19781231;   5;   2;    71.6;   -999;    130;   16.5;eor
  3372;19790101;19790131;   5;   2;    47.8;   -999;   1135;    9.0;eor
  3372;19790201;19790228;   5;   2;    21.7;   -999;    688;    3.6;eor
  3372;19790301;19790331;   5;   2;    79.1;   -999;     36;   12.8;eor
  3372;19790401;19790430;   5;   2;    45.4;   -999;      4;   11.2;eor
  3372;19790501;19790531;   5;   2;    52.7;   -999;      0;   22.3;eor
  3372;19790601;19790630;   5;   2;    69.2;   -999;      0;   17.7;eor
  3372;19790701;19790731;   5;   2;    93.9;   -999;      0;   25.5;eor
  3372;19790801;19790831;   5;   2;    65.0;   -999;      0;   12.0;eor
  3372;19790901;19790930;   5;   2;    92.2;   -999;      0;   33.5;eor
  3372;19791001;19791031;   5;   2;    14.6;   -999;      0;    4.6;eor
  3372;19791101;19791130;   5;   2;    57.5;   -999;     15;    9.0;eor
  3372;19791201;19791231;   5;   2;    75.1;   -999;     59;   19.0;eor
  3372;19800101;19800131;   5;   2;    35.8;   -999;    526;    6.0;eor
  3372;19800201;19800229;   5;   2;    37.5;   -999;      3;   10.5;eor
  3372;19800301;19800331;   5;   2;    36.9;   -999;     16;    6.4;eor
  3372;19800401;19800430;   5;   2;   159.6;   -999;    129;   40.2;eor
  3372;19800501;19800531;   5;   2;    38.5;   -999;      0;   15.5;eor
  3372;19800601;19800630;   5;   2;    68.8;   -999;      0;   16.8;eor
  3372;19800701;19800731;   5;   2;   102.0;   -999;      0;   24.0;eor
  3372;19800801;19800831;   5;   2;    62.5;   -999;      0;   17.0;eor
  3372;19800901;19800930;   5;   2;    64.3;   -999;      0;   30.5;eor
  3372;19801001;19801031;   5;   2;    70.7;   -999;      0;   28.0;eor
  3372;19801101;19801130;   5;   2;    46.1;   -999;     97;   14.5;eor
  3372;19801201;19801231;   5;   2;    51.0;   -999;    215;    9.0;eor
  3372;19810101;19810131;  10;   2;    60.4;   -999;    606;    7.1;eor
  3372;19810201;19810228;  10;   2;    27.1;   -999;    245;    5.5;eor
  3372;19810301;19810331;  10;   2;    59.6;   -999;     28;   14.7;eor
  3372;19810401;19810430;  10;   2;    54.9;   -999;     13;   28.5;eor
  3372;19810501;19810531;  10;   2;    84.3;   -999;      0;   17.5;eor
  3372;19810601;19810630;  10;   2;    48.1;   -999;      0;   11.0;eor
  3372;19810701;19810731;  10;   2;    72.0;   -999;      0;   14.5;eor
  3372;19810801;19810831;  10;   2;    96.9;   -999;      0;   40.0;eor
  3372;19810901;19810930;  10;   2;    80.1;   -999;      0;   35.5;eor
  3372;19811001;19811031;  10;   2;   101.5;   -999;      2;   25.0;eor
  3372;19811101;19811130;  10;   2;    79.9;   -999;     36;   18.0;eor
  3372;19811201;19811231;  10;   2;    94.2;   -999;    984;   18.0;eor
  3372;19820101;19820131;  10;   2;    58.5;   -999;    262;   11.1;eor
  3372;19820201;19820228;  10;   2;     5.3;   -999;      0;    3.0;eor
  3372;19820301;19820331;  10;   2;    17.6;   -999;      4;    5.0;eor
  3372;19820401;19820430;  10;   2;    35.8;   -999;     11;   14.0;eor
  3372;19820501;19820531;  10;   2;   137.9;   -999;      0;   80.0;eor
  3372;19820601;19820630;  10;   2;    61.5;   -999;      0;   15.5;eor
  3372;19820701;19820731;  10;   2;    63.5;   -999;      0;   13.6;eor
  3372;19820801;19820831;  10;   2;    37.5;   -999;      0;    9.0;eor
  3372;19820901;19820930;  10;   2;    16.2;   -999;      0;    5.1;eor
  3372;19821001;19821031;  10;   2;    32.7;   -999;      0;   15.0;eor
  3372;19821101;19821130;  10;   2;    14.4;   -999;      0;    3.8;eor
  3372;19821201;19821231;  10;   2;    43.8;   -999;     27;    9.0;eor
  3372;19830101;19830131;  10;   2;    66.2;   -999;     17;   20.0;eor
  3372;19830201;19830228;  10;   2;    37.2;   -999;    310;   10.0;eor
  3372;19830301;19830331;  10;   2;    42.7;   -999;     10;    9.1;eor
  3372;19830401;19830430;  10;   2;   140.2;   -999;      4;   32.8;eor
  3372;19830501;19830531;  10;   2;    56.9;   -999;      0;   16.5;eor
  3372;19830601;19830630;  10;   2;    46.2;   -999;      0;   19.5;eor
  3372;19830701;19830731;  10;   2;    88.6;   -999;      0;   67.6;eor
  3372;19830801;19830831;  10;   2;    72.7;   -999;      0;   26.0;eor
  3372;19830901;19830930;  10;   2;    24.4;   -999;      0;    7.8;eor
  3372;19831001;19831031;  10;   2;     9.1;   -999;      0;    7.0;eor
  3372;19831101;19831130;  10;   2;    42.9;   -999;     13;   17.0;eor
  3372;19831201;19831231;  10;   2;    20.5;   -999;     65;    6.5;eor
  3372;19840101;19840131;  10;   2;    35.5;   -999;    156;    8.1;eor
  3372;19840201;19840229;  10;   2;    62.0;   -999;    392;   24.3;eor
  3372;19840301;19840331;  10;   2;    12.5;   -999;     80;    6.0;eor
  3372;19840401;19840430;  10;   2;    53.8;   -999;    124;   17.0;eor
  3372;19840501;19840531;  10;   2;   102.2;   -999;      0;   23.0;eor
  3372;19840601;19840630;  10;   2;    92.6;   -999;      0;   33.0;eor
  3372;19840701;19840731;  10;   2;    75.7;   -999;      0;   21.6;eor
  3372;19840801;19840831;  10;   2;    96.7;   -999;      0;   32.1;eor
  3372;19840901;19840930;  10;   2;    71.5;   -999;      0;   14.6;eor
  3372;19841001;19841031;  10;   2;    30.0;   -999;      0;    8.6;eor
  3372;19841101;19841130;  10;   2;    29.2;   -999;      0;   18.2;eor
  3372;19841201;19841231;  10;   2;    25.2;   -999;     11;    5.7;eor
  3372;19850101;19850131;  10;   2;    39.6;   -999;    553;    5.0;eor
  3372;19850201;19850228;  10;   2;    36.0;   -999;    209;    8.2;eor
  3372;19850301;19850331;  10;   2;    49.2;   -999;    167;   22.8;eor
  3372;19850401;19850430;  10;   2;    46.4;   -999;      8;    8.0;eor
  3372;19850501;19850531;  10;   2;    63.1;   -999;      0;   32.4;eor
  3372;19850601;19850630;  10;   2;    68.9;   -999;      0;   12.0;eor
  3372;19850701;19850731;  10;   2;    83.6;   -999;      0;   16.6;eor
  3372;19850801;19850831;  10;   2;    48.6;   -999;      0;   14.7;eor
  3372;19850901;19850930;  10;   2;    29.9;   -999;      0;    7.8;eor
  3372;19851001;19851031;  10;   2;    13.9;   -999;      0;    5.0;eor
  3372;19851101;19851130;  10;   2;    55.7;   -999;    176;    7.4;eor
  3372;19851201;19851231;  10;   2;    55.2;   -999;     72;   15.0;eor
  3372;19860101;19860131;  10;   2;    80.3;   -999;    246;    9.9;eor
  3372;19860201;19860228;  10;   2;    24.4;   -999;    305;    9.6;eor
  3372;19860301;19860331;  10;   2;    55.1;   -999;     65;   11.0;eor
  3372;19860401;19860430;  10;   2;    54.6;   -999;     38;   10.5;eor
  3372;19860501;19860531;  10;   2;    94.9;   -999;      0;   28.6;eor
  3372;19860601;19860630;  10;   2;    76.8;   -999;      0;   16.0;eor
  3372;19860701;19860731;  10;   2;    58.6;   -999;      0;   18.4;eor
  3372;19860801;19860831;  10;   2;   102.5;   -999;      0;   25.7;eor
  3372;19860901;19860930;  10;   2;    70.1;   -999;      0;   20.3;eor
  3372;19861001;19861031;  10;   2;    52.4;   -999;      0;   15.7;eor
  3372;19861101;19861130;  10;   2;    17.8;   -999;      0;    5.9;eor
  3372;19861201;19861231;  10;   2;    88.7;   -999;    173;   16.3;eor
  3372;19870101;19870131;  10;   2;    91.6;   -999;    943;   15.1;eor
  3372;19870201;19870228;  10;   2;    55.6;   -999;    522;   11.7;eor
  3372;19870301;19870331;  10;   2;    50.2;   -999;    472;   12.7;eor
  3372;19870401;19870430;  10;   2;    33.3;   -999;      0;   17.6;eor
  3372;19870501;19870531;  10;   2;   126.3;   -999;      0;   43.2;eor
  3372;19870601;19870630;  10;   2;   152.7;   -999;      0;   25.7;eor
  3372;19870701;19870731;  10;   2;   107.2;   -999;      0;   32.7;eor
  3372;19870801;19870831;  10;   2;    70.7;   -999;      0;    9.5;eor
  3372;19870901;19870930;  10;   2;    54.5;   -999;      0;   21.4;eor
  3372;19871001;19871031;  10;   2;    18.1;   -999;      0;    4.9;eor
  3372;19871101;19871130;  10;   2;    59.5;   -999;      0;   14.7;eor
  3372;19871201;19871231;  10;   2;    55.7;   -999;      1;   14.0;eor
  3372;19880101;19880131;  10;   2;    38.4;   -999;     32;   12.7;eor
  3372;19880201;19880229;  10;   2;   104.1;   -999;    340;   20.2;eor
  3372;19880301;19880331;  10;   2;   125.2;   -999;    834;   23.1;eor
  3372;19880401;19880430;  10;   2;    28.6;   -999;      0;    8.4;eor
  3372;19880501;19880531;  10;   2;    21.2;   -999;      0;    4.7;eor
  3372;19880601;19880630;  10;   2;    78.4;   -999;      0;   21.6;eor
  3372;19880701;19880731;  10;   2;    52.0;   -999;      0;    8.4;eor
  3372;19880801;19880831;  10;   2;    41.7;   -999;      0;   16.0;eor
  3372;19880901;19880930;  10;   2;    34.6;   -999;      0;    9.4;eor
  3372;19881001;19881031;  10;   2;    23.8;   -999;      0;    5.0;eor
  3372;19881101;19881130;  10;   2;    93.4;   -999;    117;   17.8;eor
  3372;19881201;19881231;  10;   2;    95.9;   -999;     73;   13.0;eor
  3372;19890101;19890131;  10;   2;    32.8;   -999;      9;    7.6;eor
  3372;19890201;19890228;  10;   2;    31.8;   -999;      3;    5.7;eor
  3372;19890301;19890331;  10;   2;    28.9;   -999;      0;    5.3;eor
  3372;19890401;19890430;  10;   2;    90.0;   -999;      8;   31.8;eor
  3372;19890501;19890531;  10;   2;    66.4;   -999;      0;   26.8;eor
  3372;19890601;19890630;  10;   2;    47.1;   -999;      0;   13.1;eor
  3372;19890701;19890731;  10;   2;    87.9;   -999;      0;   28.7;eor
  3372;19890801;19890831;  10;   2;    32.0;   -999;      0;   10.5;eor
  3372;19890901;19890930;  10;   2;    29.6;   -999;      0;    6.1;eor
  3372;19891001;19891031;  10;   2;    52.5;   -999;      0;    9.0;eor
  3372;19891101;19891130;  10;   2;    87.2;   -999;     99;   19.0;eor
  3372;19891201;19891231;  10;   2;    59.2;   -999;     97;   11.5;eor
  3372;19900101;19900131;  10;   2;    19.5;   -999;      8;    6.0;eor
  3372;19900201;19900228;  10;   2;    68.5;   -999;     60;   14.0;eor
  3372;19900301;19900331;  10;   2;    34.9;   -999;     15;   14.4;eor
  3372;19900401;19900430;  10;   2;    56.7;   -999;      0;    8.0;eor
  3372;19900501;19900531;  10;   2;     6.3;   -999;      0;    3.6;eor
  3372;19900601;19900630;  10;   2;   111.8;   -999;      0;   43.0;eor
  3372;19900701;19900731;  10;   2;    29.6;   -999;      0;   10.2;eor
  3372;19900801;19900831;  10;   2;    89.1;   -999;      0;   21.7;eor
  3372;19900901;19900930;  10;   2;    75.7;   -999;      0;   17.0;eor
  3372;19901001;19901031;  10;   2;    29.1;   -999;      0;   14.0;eor
  3372;19901101;19901130;  10;   2;    57.9;   -999;      5;   10.9;eor
  3372;19901201;19901231;  10;   2;    42.7;   -999;    204;   13.4;eor
  3372;19910101;19910131;   9;   2;    19.5;      8;     17;    2.9;eor
  3372;19910201;19910228;   9;   2;    25.4;     40;    248;    6.2;eor
  3372;19910301;19910331;   9;   2;    17.6;      0;      0;    9.7;eor
  3372;19910401;19910430;   9;   2;    46.0;      2;      7;    6.6;eor
  3372;19910501;19910531;   9;   2;    42.0;      0;      0;   12.4;eor
  3372;19910601;19910630;   9;   2;   103.7;      0;      0;   47.5;eor
  3372;19910701;19910731;   9;   2;    48.8;      0;      0;   31.8;eor
  3372;19910801;19910831;   9;   2;    60.3;      0;      0;   25.7;eor
  3372;19910901;19910930;   9;   2;    27.6;      0;      0;   11.0;eor
  3372;19911001;19911031;   9;   2;    19.6;      0;      0;    4.6;eor
  3372;19911101;19911130;   9;   2;    39.7;      0;      0;    6.5;eor
  3372;19911201;19911231;   9;   2;    75.0;      7;     37;   13.8;eor
  3372;19920101;19920131;   9;   2;    37.3;      7;     55;   10.6;eor
  3372;19920201;19920229;   9;   2;    41.5;     27;    102;    7.2;eor
  3372;19920301;19920331;   9;   2;    81.2;     37;     78;   19.0;eor
  3372;19920401;19920430;   9;   2;    30.0;      1;      1;    4.9;eor
  3372;19920501;19920531;   9;   2;    17.6;      0;      0;    5.5;eor
  3372;19920601;19920630;   9;   2;    71.1;      0;      0;   23.0;eor
  3372;19920701;19920731;   9;   2;   129.9;      0;      0;   47.2;eor
  3372;19920801;19920831;   9;   2;    43.5;      0;      0;   16.8;eor
  3372;19920901;19920930;   9;   2;    26.4;      0;      0;    6.2;eor
  3372;19921001;19921031;   9;   2;    53.2;      0;      0;   12.6;eor
  3372;19921101;19921130;   9;   2;    64.2;      2;      2;   21.4;eor
  3372;19921201;19921231;   9;   2;    42.8;      4;      9;   11.9;eor
  3372;19930101;19930131;   9;   2;    49.3;     25;     63;   13.2;eor
  3372;19930201;19930228;   9;   2;    34.2;     35;    210;    5.3;eor
  3372;19930301;19930331;   9;   2;    39.8;     19;    114;    6.5;eor
  3372;19930401;19930430;   9;   2;    27.9;      0;      0;   10.9;eor
  3372;19930501;19930531;   9;   2;    45.0;      0;      0;   23.8;eor
  3372;19930601;19930630;   9;   2;    67.6;      0;      0;   11.6;eor
  3372;19930701;19930731;   9;   2;    94.7;      0;      0;   17.0;eor
  3372;19930801;19930831;   9;   2;    49.1;      0;      0;   17.2;eor
  3372;19930901;19930930;   9;   2;    60.3;      0;      0;   20.6;eor
  3372;19931001;19931031;   9;   2;    54.8;      0;      0;   15.5;eor
  3372;19931101;19931130;   9;   2;    52.1;     15;     89;   13.5;eor
  3372;19931201;19931231;   9;   2;    98.5;     32;     80;   28.5;eor
  3372;19940101;19940131;   9;   2;    38.5;      7;     12;    6.6;eor
  3372;19940201;19940228;   9;   2;    41.6;     34;    133;    7.5;eor
  3372;19940301;19940331;   9;   2;    52.8;     10;     11;    9.0;eor
  3372;19940401;19940430;   9;   2;    90.6;      0;      0;   42.8;eor
  3372;19940501;19940531;   9;   2;    69.8;      0;      0;   19.2;eor
  3372;19940601;19940630;   9;   2;    44.2;      0;      0;   15.5;eor
  3372;19940701;19940731;   9;   2;    63.0;      0;      0;   22.0;eor
  3372;19940801;19940831;   9;   2;   115.3;      0;      0;   28.3;eor
  3372;19940901;19940930;   9;   2;    53.9;      0;      0;   14.3;eor
  3372;19941001;19941031;   9;   2;    35.7;      0;      0;   14.1;eor
  3372;19941101;19941130;   9;   2;    45.9;      0;      0;    8.4;eor
  3372;19941201;19941231;   9;   2;    67.4;      4;     10;   37.3;eor
  3372;19950101;19950131;   9;   2;    61.9;     58;    357;    9.5;eor
  3372;19950201;19950228;   9;   2;    34.4;     17;     28;   12.5;eor
  3372;19950301;19950331;   9;   2;    48.4;     28;     48;    9.5;eor
  3372;19950401;19950430;   9;   2;    92.4;      2;      7;   14.3;eor
  3372;19950501;19950531;   9;   2;    85.9;      0;      0;   23.8;eor
  3372;19950601;19950630;   9;   2;   140.6;      0;      0;   33.4;eor
  3372;19950701;19950731;   9;   2;    91.6;      0;      0;   38.0;eor
  3372;19950801;19950831;   9;   2;   102.0;      0;      0;   32.3;eor
  3372;19950901;19950930;   9;   2;    91.9;      0;      0;   23.8;eor
  3372;19951001;19951031;   9;   2;    15.4;      0;      0;    6.6;eor
  3372;19951101;19951130;   9;   2;    69.6;     39;    146;   12.2;eor
  3372;19951201;19951231;   9;   2;    52.5;     47;    155;   16.5;eor
  3372;19960101;19960131;   9;   2;     1.2;      1;    214;    0.9;eor
  3372;19960201;19960229;   9;   2;    32.2;     45;    360;    3.9;eor
  3372;19960301;19960331;   9;   2;    37.6;     36;    195;    8.6;eor
  3372;19960401;19960430;   9;   2;    29.5;     13;     18;    8.8;eor
  3372;19960501;19960531;   9;   2;    79.2;      0;      0;   17.1;eor
  3372;19960601;19960630;   9;   2;    65.3;      0;      0;   20.4;eor
  3372;19960701;19960731;   9;   2;   157.9;      0;      0;   42.5;eor
  3372;19960801;19960831;   9;   2;    89.8;      0;      0;   27.5;eor
  3372;19960901;19960930;   9;   2;    66.9;      0;      0;   12.7;eor
  3372;19961001;19961031;   9;   2;    79.7;      0;      0;   24.6;eor
  3372;19961101;19961130;   9;   2;    43.5;     18;     33;    7.7;eor
  3372;19961201;19961231;   9;   2;    29.3;     17;    124;    9.8;eor
  3372;19970101;19970131;   9;   2;    26.2;     20;    259;   10.2;eor
  3372;19970201;19970228;   9;   2;    69.9;     12;     37;   20.9;eor
  3372;19970301;19970331;   9;   2;    58.7;     10;     10;   13.9;eor
  3372;19970401;19970430;   9;   2;    46.7;      5;      5;    9.2;eor
  3372;19970501;19970531;   9;   2;    34.6;      0;      0;   12.8;eor
  3372;19970601;19970630;   9;   2;    49.7;      0;      0;    8.3;eor
  3372;19970701;19970731;   9;   2;   135.3;      0;      0;   37.5;eor
  3372;19970801;19970831;   9;   2;    56.7;      0;      0;   15.5;eor
  3372;19970901;19970930;   9;   2;    15.1;      0;      0;    7.6;eor
  3372;19971001;19971031;   9;   2;    48.8;      0;      0;    8.9;eor
  3372;19971101;19971130;   9;   2;    20.2;      0;      0;   10.0;eor
  3372;19971201;19971231;   9;   2;    69.6;     30;    131;   10.5;eor
  3372;19980101;19980131;   9;   2;    42.7;     26;    145;    7.2;eor
  3372;19980201;19980228;   9;   2;    32.8;      4;    139;    8.6;eor
  3372;19980301;19980331;   9;   2;    44.8;     15;     28;   12.6;eor
  3372;19980401;19980430;   9;   2;    51.0;      0;      0;   21.0;eor
  3372;19980501;19980531;   9;   2;    70.7;      0;      0;   44.5;eor
  3372;19980601;19980630;   9;   2;    85.9;      0;      0;   33.5;eor
  3372;19980701;19980731;   9;   2;   100.7;      0;      0;   18.5;eor
  3372;19980801;19980831;   9;   2;    53.9;      0;      0;   14.9;eor
  3372;19980901;19980930;   9;   2;   108.6;      0;      0;   25.5;eor
  3372;19981001;19981031;   9;   2;    97.4;      0;      0;   26.6;eor
  3372;19981101;19981130;   9;   2;    61.9;     33;    193;    9.5;eor
  3372;19981201;19981231;   9;   2;    27.5;     33;    206;    6.8;eor
  3372;19990101;19990131;   9;   2;    40.7;     36;     81;    7.2;eor
  3372;19990201;19990228;   9;   2;    61.7;     57;    263;   10.1;eor
  3372;19990301;19990331;   9;   2;    45.5;      0;      0;   11.5;eor
  3372;19990401;19990430;   9;   2;    51.9;      0;      0;   19.5;eor
  3372;19990501;19990531;   9;   2;    59.9;      0;      0;   16.7;eor
  3372;19990601;19990630;   9;   2;    94.8;      0;      0;   20.7;eor
  3372;19990701;19990731;   9;   2;   119.7;      0;      0;   32.7;eor
  3372;19990801;19990831;   9;   2;    49.3;      0;      0;   13.5;eor
  3372;19990901;19990930;   9;   2;    32.0;      0;      0;   12.4;eor
  3372;19991001;19991031;   9;   2;    38.2;      0;      0;   11.9;eor
  3372;19991101;19991130;   9;   2;    84.3;     11;     33;   19.2;eor
  3372;19991201;19991231;   9;   2;    69.9;     25;     91;   17.2;eor
  3372;20000101;20000131;   9;   2;    53.2;     17;     71;    9.8;eor
  3372;20000201;20000229;   9;   2;    48.6;     15;     21;    7.2;eor
  3372;20000301;20000331;   9;   2;   107.8;      0;      0;   13.5;eor
  3372;20000401;20000430;   9;   2;    19.6;      0;      0;    6.6;eor
  3372;20000501;20000531;   9;   2;    34.1;      0;      0;    8.1;eor
  3372;20000601;20000630;   9;   2;    61.3;      0;      0;   19.5;eor
  3372;20000701;20000731;   9;   2;   107.3;      0;      0;   16.8;eor
  3372;20000801;20000831;   9;   2;    62.5;      0;      0;   34.5;eor
  3372;20000901;20000930;   9;   2;    65.5;      0;      0;   17.8;eor
  3372;20001001;20001031;   9;   2;    39.3;      0;      0;   14.5;eor
  3372;20001101;20001130;   9;   2;    30.2;      0;      0;    9.6;eor
  3372;20001201;20001231;   9;   2;    15.8;      6;      6;    5.0;eor
  3372;20010101;20010131;   9;   2;    23.7;     10;     60;    4.7;eor
  3372;20010201;20010228;   9;   2;    29.6;     30;     73;    5.5;eor
  3372;20010301;20010331;   9;   2;   108.1;     23;     33;   15.5;eor
  3372;20010401;20010430;   9;   2;    42.8;      4;      4;    7.8;eor
  3372;20010501;20010531;   9;   2;    41.5;      0;      0;    8.2;eor
  3372;20010601;20010630;   9;   2;    92.1;      0;      0;   17.2;eor
  3372;20010701;20010731;   9;   2;    95.8;      0;      0;   36.4;eor
  3372;20010801;20010831;   9;   2;    38.7;      0;      0;   11.6;eor
  3372;20010901;20010930;   9;   2;    84.9;      0;      0;   11.5;eor
  3372;20011001;20011031;   9;   2;    42.4;      0;      0;   10.1;eor
  3372;20011101;20011130;   9;   2;    77.8;     19;     36;   14.8;eor
  3372;20011201;20011231;   9;   2;    88.0;     82;    302;   19.2;eor
  3372;20020101;20020131;   9;   2;    26.5;     12;    516;    7.8;eor
  3372;20020201;20020228;   9;   2;    69.1;      8;     14;   19.6;eor
  3372;20020301;20020331;   9;   2;    64.0;      0;      0;   13.4;eor
  3372;20020401;20020430;   9;   2;    32.8;      0;      0;   10.6;eor
  3372;20020501;20020531;   9;   2;    85.5;      0;      0;   26.0;eor
  3372;20020601;20020630;   9;   2;    50.4;      0;      0;   22.8;eor
  3372;20020701;20020731;   9;   2;    23.1;      0;      0;   11.9;eor
  3372;20020801;20020831;   9;   2;   108.8;      0;      0;   30.0;eor
  3372;20020901;20020930;   9;   2;    56.3;      0;      0;   13.3;eor
  3372;20021001;20021031;   9;   2;    75.5;      0;      0;   13.3;eor
  3372;20021101;20021130;   9;   2;   144.1;      2;      2;   29.7;eor
  3372;20021201;20021231;   9;   2;    69.3;      5;      7;   20.3;eor
  3372;20030101;20030131;   9;   2;    70.1;     34;    103;   15.8;eor
  3372;20030201;20030228;   9;   2;    17.8;     31;    493;    6.9;eor
  3372;20030301;20030331;   9;   2;    25.8;      0;      0;    6.0;eor
  3372;20030401;20030430;   9;   2;    47.9;     11;     15;   19.4;eor
  3372;20030501;20030531;   9;   2;    51.5;      0;      0;   11.1;eor
  3372;20030601;20030630;   9;   2;    37.4;      0;      0;   18.0;eor
  3372;20030701;20030731;   9;   2;    92.4;      0;      0;   28.0;eor
  3372;20030801;20030831;   9;   2;    20.2;      0;      0;    7.0;eor
  3372;20031001;20031031;   9;   2;    55.8;      0;      0;   12.0;eor
  3372;20031101;20031130;   9;   2;    24.8;      0;      0;   10.5;eor
  3372;20031201;20031231;   9;   2;    41.8;     23;     76;   10.9;eor
  3372;20040101;20040131;   9;   2;    59.6;     54;    274;    8.9;eor
  3372;20040201;20040229;   9;   2;    39.6;     17;     30;   10.5;eor
  3372;20040301;20040331;   9;   2;    34.3;     19;     39;    6.5;eor
  3372;20040401;20040430;   9;   2;    29.8;      0;      0;    6.5;eor
  3372;20040501;20040531;   9;   2;    91.3;      0;      0;   19.4;eor
  3372;20040601;20040630;   9;   2;    49.8;      0;      0;    9.4;eor
  3372;20040701;20040731;   9;   2;    70.6;      0;      0;   13.9;eor
  3372;20040801;20040831;   9;   2;    49.8;      0;      0;   10.3;eor
  3372;20040901;20040930;   9;   2;   101.4;      0;      0;   29.7;eor
  3372;20041001;20041031;   9;   2;    43.4;      0;      0;   12.5;eor
  3372;20041101;20041130;   9;   2;   106.7;     44;     87;   23.4;eor
  3372;20041201;20041231;   9;   2;    49.2;     27;    106;   16.2;eor
  3372;20050101;20050131;   9;   2;    93.4;     39;    229;   28.1;eor
  3372;20050201;20050228;   9;   2;    91.9;     67;    530;   13.6;eor
  3372;20050301;20050331;   9;   2;    48.1;     21;    430;   11.9;eor
  3372;20050401;20050430;   9;   2;    24.6;      0;      0;    5.2;eor
  3372;20050501;20050531;   9;   2;    66.9;      0;      0;   14.1;eor
  3372;20050601;20050630;   9;   2;    71.7;      0;      0;   26.5;eor
  3372;20050701;20050731;   9;   2;    86.4;      0;      0;   22.5;eor
  3372;20050801;20050831;   9;   2;   118.7;      0;      0;   37.5;eor
  3372;20050901;20050930;   9;   2;    41.5;      0;      0;   11.0;eor
  3372;20051001;20051031;   9;   2;    21.9;      0;      0;   16.5;eor
  3372;20051101;20051130;   9;   2;    42.6;     11;     55;   11.2;eor
  3372;20051201;20051231;   9;   2;    64.9;     35;    130;    9.2;eor
  3372;20060101;20060131;   9;   2;    28.5;     13;    211;    9.9;eor
  3372;20060201;20060228;   9;   2;    53.8;     36;    506;   11.9;eor
  3372;20060301;20060331;   9;   2;    80.7;     38;    458;   12.7;eor
  3372;20060401;20060430;   9;   2;    51.4;      0;      0;   14.4;eor
  3372;20060501;20060531;   9;   2;   100.1;      0;      0;   24.3;eor
  3372;20060601;20060630;   9;   2;    20.2;      0;      0;    5.7;eor
  3372;20060701;20060731;   9;   2;    49.8;      0;      0;   29.8;eor
  3372;20060801;20060831;   9;   2;   112.5;      0;      0;   36.4;eor
  3372;20060901;20060930;   9;   2;    22.0;      0;      0;    8.5;eor
  3372;20061001;20061031;   9;   2;    82.3;      0;      0;   42.8;eor
  3372;20061101;20061130;   9;   2;    43.5;      1;      1;    6.9;eor
  3372;20061201;20061231;   9;   2;    40.0;      3;      5;    9.7;eor
  3372;20070101;20070131;   9;   2;    66.5;     25;    101;   11.3;eor
  3372;20070201;20070228;   9;   2;    57.7;      4;      4;   12.1;eor
  3372;20070301;20070331;   9;   2;    52.7;     19;     26;   12.7;eor
  3372;20070401;20070430;   9;   2;     7.1;      0;      0;    2.3;eor
  3372;20070501;20070531;   9;   2;   152.8;      0;      0;   38.9;eor
  3372;20070601;20070630;   9;   2;    90.6;      0;      0;   21.5;eor
  3372;20070701;20070731;   9;   2;   107.8;      0;      0;   36.5;eor
  3372;20070801;20070831;   9;   2;    91.0;      0;      0;   23.8;eor
  3372;20070901;20070930;   9;   2;   141.6;      0;      0;   34.5;eor
  3372;20071001;20071031;   9;   2;    23.8;      0;      0;    8.8;eor
  3372;20071101;20071130;   9;   2;   114.5;     35;    102;   15.6;eor
  3372;20071201;20071231;   9;   2;    41.8;      4;     12;    8.5;eor
  3372;20080101;20080131;   9;   2;    33.9;      2;     14;    9.6;eor
  3372;20080201;20080229;   9;   2;    25.4;      0;      0;    7.0;eor
  3372;20080301;20080331;   9;   2;    59.7;     16;     27;    8.2;eor
  3372;20080401;20080430;   9;   2;   102.2;      2;      2;   25.2;eor
  3372;20080501;20080531;   9;   2;    13.1;      0;      0;    6.1;eor
  3372;20080601;20080630;   9;   2;    64.0;      0;      0;   22.7;eor
  3372;20080701;20080731;   9;   2;    44.3;      0;      0;    8.8;eor
  3372;20080801;20080831;   9;   2;    89.8;      0;      0;   36.6;eor
  3372;20080901;20080930;   9;   2;    71.1;      0;      0;   31.2;eor
  3372;20081001;20081031;   9;   2;    82.0;      3;      5;   17.7;eor
  3372;20081101;20081130;   9;   2;    35.6;      6;     26;   13.1;eor
  3372;20081201;20081231;   9;   2;    60.4;     25;     51;   10.2;eor
  3372;20090101;20090131;   9;   2;    23.1;     18;    191;    7.2;eor
  3372;20090201;20090228;   9;   2;    66.8;     50;    270;   10.4;eor
  3372;20090301;20090331;   9;   2;    69.6;      6;      6;    9.4;eor
  3372;20090401;20090430;   9;   2;    78.2;      0;      0;   29.7;eor
  3372;20090501;20090531;   9;   2;    60.2;      0;      0;   12.3;eor
  3372;20090601;20090630;   9;   2;    93.9;      0;      0;   37.2;eor
  3372;20090701;20090731;   9;   2;    67.6;      0;      0;   15.0;eor
  3372;20090801;20090831;   9;   2;    31.7;      0;      0;    8.2;eor
  3372;20090901;20090930;   9;   2;    48.6;      0;      0;   15.5;eor
  3372;20091001;20091031;   9;   2;    88.3;      0;      0;   19.6;eor
  3372;20091101;20091130;   9;   2;    78.1;      0;      0;   24.5;eor
  3372;20091201;20091231;   9;   2;    79.6;     19;     67;   19.5;eor
  3372;20100101;20100131;   9;   2;    51.1;     51;    511;    7.3;eor
  3372;20100201;20100228;   9;   2;    31.2;     28;    676;    7.2;eor
  3372;20100301;20100331;   9;   2;    43.6;     11;     31;    6.9;eor
  3372;20100401;20100430;   9;   2;    26.4;      0;      0;    7.7;eor
  3372;20100501;20100531;   9;   2;    91.5;      0;      0;   14.9;eor
  3372;20100601;20100630;   9;   2;    41.0;      0;      0;   17.5;eor
  3372;20100701;20100731;   9;   2;   130.1;      0;      0;   69.2;eor
  3372;20100801;20100831;   9;   2;   155.8;      0;      0;   26.1;eor
  3372;20100901;20100930;   9;   2;    93.4;      0;      0;   27.7;eor
  3372;20101001;20101031;  10;   2;    20.7;   -999;   -999;    7.4;eor
  3372;20101101;20101130;   7;   2;   139.7;     40;    141;   28.2;eor
  3372;20101201;20101231;   7;   2;   133.0;     94;   1655;   22.4;eor
  3372;20110101;20110131;   3;   2;    65.5;     35;    691;    8.3;eor
  3372;20110201;20110228;   3;   2;    22.6;      4;    105;    7.4;eor
  3372;20110301;20110331;   3;   2;    17.7;      0;      0;   11.4;eor
  3372;20110401;20110430;   3;   2;    35.0;      0;      0;   11.8;eor
  3372;20110501;20110531;   3;   2;    40.6;      0;      0;   18.4;eor
  3372;20110601;20110630;   3;   2;    91.6;      0;      0;   15.4;eor
  3372;20110701;20110731;   3;   2;   108.3;      0;      0;   27.5;eor
  3372;20110801;20110831;   3;   2;    43.9;      0;      0;    9.9;eor
  3372;20110901;20110930;   3;   2;    93.6;      0;      0;   32.8;eor
  3372;20111001;20111031;   3;   2;    58.5;      0;      0;   11.9;eor
  3372;20111101;20111130;   3;   2;     0.5;      0;      0;    0.3;eor
  3372;20111201;20111231;   3;   2;    94.0;      8;     17;   24.9;eor
  3372;20120101;20120131;-999;-999;    -999;   -999;   -999;   18.2;eor
  3372;20120201;20120229;   3;   2;    27.8;     21;    207;    4.5;eor
  3372;20120301;20120331;   3;   2;    16.3;      0;      0;    3.2;eor
  3372;20120401;20120430;   3;   2;    21.3;      0;      0;    8.7;eor
  3372;20120501;20120531;   3;   2;    49.6;      0;      0;   10.8;eor
  3372;20120601;20120630;   3;   2;    95.6;      0;      0;   20.3;eor
  3372;20120701;20120731;   3;   2;    84.4;      0;      0;   43.3;eor
  3372;20120801;20120831;   3;   2;    42.5;      0;      0;   12.5;eor
  3372;20120901;20120930;   3;   2;    52.1;      0;      0;   15.3;eor
  3372;20121001;20121031;   3;   2;    50.2;     21;     65;   14.4;eor
  3372;20121101;20121130;   3;   2;    74.1;     19;     23;   22.8;eor
  3372;20121201;20121231;   3;   2;    88.7;     39;    447;   17.5;eor
  3372;20130101;20130131;   3;   2;    73.8;     23;    182;   17.3;eor
  3372;20130201;20130228;   3;   2;    67.2;     64;    358;    9.6;eor
  3372;20130301;20130331;   3;   2;    36.0;     23;    201;   10.7;eor
  3372;20130401;20130430;   3;   2;    67.5;      3;      3;   33.2;eor
  3372;20130501;20130531;   3;   2;   156.5;      0;      0;   40.5;eor
  3372;20130601;20130630;   3;   2;   111.4;      0;      0;   33.8;eor
  3372;20130701;20130731;   3;   2;    48.1;      0;      0;   31.5;eor
  3372;20130801;20130831;   3;   2;    48.9;      0;      0;   13.5;eor
  3372;20130901;20130930;   3;   2;    78.7;      0;      0;   37.9;eor
  3372;20131001;20131031;   3;   2;    31.2;      0;      0;    8.9;eor
  3372;20131101;20131130;   3;   2;    53.6;      0;      0;    7.9;eor
  3372;20131201;20131231;   3;   2;    21.2;      1;      1;    5.8;eor
  3372;20140101;20140131;   3;   2;    22.6;      5;     15;    3.8;eor
  3372;20140201;20140228;   3;   2;    11.4;   -999;   -999;    3.8;eor
  3372;20140301;20140331;   3;   2;    20.9;   -999;   -999;    6.2;eor
  3372;20140401;20140430;   3;   2;    74.9;   -999;   -999;   23.5;eor
  3372;20140501;20140531;   3;   2;    57.8;   -999;   -999;   10.8;eor
  3372;20140601;20140630;   3;   2;    31.1;   -999;   -999;    9.1;eor
  3372;20140701;20140731;   3;   2;   140.8;   -999;   -999;   53.3;eor
  3372;20140801;20140831;   3;   2;   137.2;   -999;   -999;   49.7;eor
  3372;20140901;20140930;   3;   2;    62.3;   -999;   -999;   20.3;eor
  3372;20141001;20141031;   3;   2;    62.4;   -999;   -999;   36.9;eor
  3372;20141101;20141130;   3;   2;    23.4;   -999;   -999;    9.7;eor
  3372;20141201;20141231;   3;   2;    59.4;     26;     48;    7.0;eor
