STATIONS_ID; MESS_DATUM_BEGINN; MESS_DATUM_ENDE; QUALITAETS_NIVEAU; ART; NIEDERSCHLAGSHOEHE;NEUSCHNEEHOEHE;SCHNEEHOEHE; max(NIEDERSCHLAGSHOEHE);eor
  3018;19110101;19110131;   5;   2;    31.0;   -999;   -999;-999;eor
  3018;19110201;19110228;   5;   2;    38.0;   -999;   -999;-999;eor
  3018;19110301;19110331;   5;   2;    80.0;   -999;   -999;-999;eor
  3018;19110401;19110430;   5;   2;    35.0;   -999;   -999;-999;eor
  3018;19110501;19110531;   5;   2;    37.0;   -999;   -999;-999;eor
  3018;19110601;19110630;   5;   2;    68.0;   -999;   -999;-999;eor
  3018;19110701;19110731;   5;   2;    28.0;   -999;   -999;-999;eor
  3018;19110801;19110831;   5;   2;    31.0;   -999;   -999;-999;eor
  3018;19110901;19110930;   5;   2;    49.0;   -999;   -999;-999;eor
  3018;19111001;19111031;   5;   2;    59.0;   -999;   -999;-999;eor
  3018;19111101;19111130;   5;   2;    67.0;   -999;   -999;-999;eor
  3018;19111201;19111231;   5;   2;   118.0;   -999;   -999;-999;eor
  3018;19120101;19120131;   5;   2;    75.0;   -999;   -999;-999;eor
  3018;19120201;19120229;   5;   2;    86.0;   -999;   -999;-999;eor
  3018;19120301;19120331;   5;   2;   107.0;   -999;   -999;-999;eor
  3018;19120401;19120430;   5;   2;    36.0;   -999;   -999;-999;eor
  3018;19120501;19120531;   5;   2;    94.0;   -999;   -999;-999;eor
  3018;19120601;19120630;   5;   2;    88.0;   -999;   -999;-999;eor
  3018;19120701;19120731;   5;   2;   104.0;   -999;   -999;-999;eor
  3018;19120801;19120831;   5;   2;   135.0;   -999;   -999;-999;eor
  3018;19120901;19120930;   5;   2;   118.0;   -999;   -999;-999;eor
  3018;19121001;19121031;   5;   2;   114.0;   -999;   -999;-999;eor
  3018;19121101;19121130;   5;   2;    68.0;   -999;   -999;-999;eor
  3018;19121201;19121231;   5;   2;    61.0;   -999;   -999;-999;eor
  3018;19130101;19130131;   5;   2;    85.0;   -999;   -999;-999;eor
  3018;19130201;19130228;   5;   2;    30.0;   -999;   -999;-999;eor
  3018;19130301;19130331;   5;   2;    63.0;   -999;   -999;-999;eor
  3018;19130401;19130430;   5;   2;    63.0;   -999;   -999;-999;eor
  3018;19130501;19130531;   5;   2;    74.0;   -999;   -999;-999;eor
  3018;19130601;19130630;   5;   2;   120.0;   -999;   -999;-999;eor
  3018;19130701;19130731;   5;   2;   111.0;   -999;   -999;-999;eor
  3018;19130801;19130831;   5;   2;    20.0;   -999;   -999;-999;eor
  3018;19130901;19130930;   5;   2;    55.0;   -999;   -999;-999;eor
  3018;19131001;19131031;   5;   2;    34.0;   -999;   -999;-999;eor
  3018;19131101;19131130;   5;   2;   138.0;   -999;   -999;-999;eor
  3018;19131201;19131231;   5;   2;   129.0;   -999;   -999;-999;eor
  3018;19140101;19140131;   5;   2;    57.0;   -999;   -999;-999;eor
  3018;19140201;19140228;   5;   2;    37.0;   -999;   -999;-999;eor
  3018;19140301;19140331;   5;   2;   218.0;   -999;   -999;-999;eor
  3018;19140401;19140430;   5;   2;    19.0;   -999;   -999;-999;eor
  3018;19140501;19140531;   5;   2;   144.0;   -999;   -999;-999;eor
  3018;19140601;19140630;   5;   2;    84.0;   -999;   -999;-999;eor
  3018;19140701;19140731;   5;   2;   121.0;   -999;   -999;-999;eor
  3018;19140801;19140831;   5;   2;    86.0;   -999;   -999;-999;eor
  3018;19140901;19140930;   5;   2;   157.0;   -999;   -999;-999;eor
  3018;19141001;19141031;   5;   2;    63.0;   -999;   -999;-999;eor
  3018;19141101;19141130;   5;   2;    58.0;   -999;   -999;-999;eor
  3018;19141201;19141231;   5;   2;    81.0;   -999;   -999;-999;eor
  3018;19150101;19150131;   5;   2;    83.0;   -999;   -999;-999;eor
  3018;19150201;19150228;   5;   2;    60.0;   -999;   -999;-999;eor
  3018;19150301;19150331;   5;   2;    93.0;   -999;   -999;-999;eor
  3018;19150401;19150430;   5;   2;    83.0;   -999;   -999;-999;eor
  3018;19150501;19150531;   5;   2;    56.0;   -999;   -999;-999;eor
  3018;19150601;19150630;   5;   2;    14.0;   -999;   -999;-999;eor
  3018;19150701;19150731;   5;   2;    87.0;   -999;   -999;-999;eor
  3018;19150801;19150831;   5;   2;    23.0;   -999;   -999;-999;eor
  3018;19150901;19150930;   5;   2;    30.0;   -999;   -999;-999;eor
  3018;19151001;19151031;   5;   2;    24.0;   -999;   -999;-999;eor
  3018;19151101;19151130;   5;   2;    70.0;   -999;   -999;-999;eor
  3018;19151201;19151231;   5;   2;   151.0;   -999;   -999;-999;eor
  3018;19160101;19160131;   5;   2;   111.0;   -999;   -999;-999;eor
  3018;19160201;19160229;   5;   2;    91.0;   -999;   -999;-999;eor
  3018;19160301;19160331;   5;   2;    57.0;   -999;   -999;-999;eor
  3018;19160401;19160430;   5;   2;   121.0;   -999;   -999;-999;eor
  3018;19160501;19160531;   5;   2;    90.0;   -999;   -999;-999;eor
  3018;19160601;19160630;   5;   2;    97.0;   -999;   -999;-999;eor
  3018;19160701;19160731;   5;   2;    86.0;   -999;   -999;-999;eor
  3018;19160801;19160831;   5;   2;   204.0;   -999;   -999;-999;eor
  3018;19160901;19160930;   5;   2;    76.0;   -999;   -999;-999;eor
  3018;19161001;19161031;   5;   2;   118.0;   -999;   -999;-999;eor
  3018;19161101;19161130;   5;   2;    50.0;   -999;   -999;-999;eor
  3018;19161201;19161231;   5;   2;   110.0;   -999;   -999;-999;eor
  3018;19170101;19170131;   5;   2;    87.0;   -999;   -999;-999;eor
  3018;19170201;19170228;   5;   2;     7.0;   -999;   -999;-999;eor
  3018;19170301;19170331;   5;   2;    78.0;   -999;   -999;-999;eor
  3018;19170401;19170430;   5;   2;    51.0;   -999;   -999;-999;eor
  3018;19170501;19170531;   5;   2;    24.0;   -999;   -999;-999;eor
  3018;19170601;19170630;   5;   2;   139.0;   -999;   -999;-999;eor
  3018;19170701;19170731;   5;   2;    74.0;   -999;   -999;-999;eor
  3018;19170801;19170831;   5;   2;   152.0;   -999;   -999;-999;eor
  3018;19170901;19170930;   5;   2;    29.0;   -999;   -999;-999;eor
  3018;19171001;19171031;   5;   2;   137.0;   -999;   -999;-999;eor
  3018;19171101;19171130;   5;   2;    87.0;   -999;   -999;-999;eor
  3018;19171201;19171231;   5;   2;    38.0;   -999;   -999;-999;eor
  3018;19180101;19180131;   5;   2;    85.0;   -999;   -999;-999;eor
  3018;19180201;19180228;   5;   2;    64.0;   -999;   -999;-999;eor
  3018;19180301;19180331;   5;   2;    36.0;   -999;   -999;-999;eor
  3018;19180401;19180430;   5;   2;    88.0;   -999;   -999;-999;eor
  3018;19180501;19180531;   5;   2;    42.0;   -999;   -999;-999;eor
  3018;19180601;19180630;   5;   2;    70.0;   -999;   -999;-999;eor
  3018;19180701;19180731;   5;   2;    69.0;   -999;   -999;-999;eor
  3018;19180801;19180831;   5;   2;    50.0;   -999;   -999;-999;eor
  3018;19180901;19180930;   5;   2;   146.0;   -999;   -999;-999;eor
  3018;19181001;19181031;   5;   2;    61.0;   -999;   -999;-999;eor
  3018;19181101;19181130;   5;   2;    29.0;   -999;   -999;-999;eor
  3018;19181201;19181231;   5;   2;   147.0;   -999;   -999;-999;eor
  3018;19190101;19190131;   5;   2;    46.0;   -999;   -999;-999;eor
  3018;19190201;19190228;   5;   2;    63.0;   -999;   -999;-999;eor
  3018;19190301;19190331;   5;   2;   145.0;   -999;   -999;-999;eor
  3018;19190401;19190430;   5;   2;    90.0;   -999;   -999;-999;eor
  3018;19190501;19190531;   5;   2;    29.0;   -999;   -999;-999;eor
  3018;19190601;19190630;   5;   2;    54.0;   -999;   -999;-999;eor
  3018;19190701;19190731;   5;   2;   143.0;   -999;   -999;-999;eor
  3018;19190801;19190831;   5;   2;    53.0;   -999;   -999;-999;eor
  3018;19190901;19190930;   5;   2;    84.0;   -999;   -999;-999;eor
  3018;19191001;19191031;   5;   2;    45.0;   -999;   -999;-999;eor
  3018;19191101;19191130;   5;   2;   164.0;   -999;   -999;-999;eor
  3018;19191201;19191231;   5;   2;   145.0;   -999;   -999;-999;eor
  3018;19200101;19200131;   5;   2;   123.0;   -999;   -999;-999;eor
  3018;19200201;19200229;   5;   2;    40.0;   -999;   -999;-999;eor
  3018;19200301;19200331;   5;   2;    41.0;   -999;   -999;-999;eor
  3018;19200401;19200430;   5;   2;   118.0;   -999;   -999;-999;eor
  3018;19200501;19200531;   5;   2;    80.0;   -999;   -999;-999;eor
  3018;19200601;19200630;   5;   2;    23.0;   -999;   -999;-999;eor
  3018;19200701;19200731;   5;   2;   123.0;   -999;   -999;-999;eor
  3018;19200801;19200831;   5;   2;    86.0;   -999;   -999;-999;eor
  3018;19200901;19200930;   5;   2;   104.0;   -999;   -999;-999;eor
  3018;19201001;19201031;   5;   2;    14.0;   -999;   -999;-999;eor
  3018;19201101;19201130;   5;   2;    22.0;   -999;   -999;-999;eor
  3018;19201201;19201231;   5;   2;    64.0;   -999;   -999;-999;eor
  3018;19210101;19210131;   5;   2;   113.0;   -999;   -999;-999;eor
  3018;19210201;19210228;   5;   2;    17.0;   -999;   -999;-999;eor
  3018;19210301;19210331;   5;   2;    39.0;   -999;   -999;-999;eor
  3018;19210401;19210430;   5;   2;    20.0;   -999;   -999;-999;eor
  3018;19210501;19210531;   5;   2;    53.0;   -999;   -999;-999;eor
  3018;19210601;19210630;   5;   2;    60.0;   -999;   -999;-999;eor
  3018;19210701;19210731;   5;   2;     4.0;   -999;   -999;-999;eor
  3018;19210801;19210831;   5;   2;    90.0;   -999;   -999;-999;eor
  3018;19210901;19210930;   5;   2;    24.0;   -999;   -999;-999;eor
  3018;19211001;19211031;   5;   2;    27.0;   -999;   -999;-999;eor
  3018;19211101;19211130;   5;   2;    38.0;   -999;   -999;-999;eor
  3018;19211201;19211231;   5;   2;    88.0;   -999;   -999;-999;eor
  3018;19220101;19220131;   5;   2;   107.0;   -999;   -999;-999;eor
  3018;19220201;19220228;   5;   2;    78.0;   -999;   -999;-999;eor
  3018;19220301;19220331;   5;   2;    90.0;   -999;   -999;-999;eor
  3018;19220401;19220430;   5;   2;   158.0;   -999;   -999;-999;eor
  3018;19220501;19220531;   5;   2;    41.0;   -999;   -999;-999;eor
  3018;19220601;19220630;   5;   2;    91.0;   -999;   -999;-999;eor
  3018;19220701;19220731;   5;   2;   143.0;   -999;   -999;-999;eor
  3018;19220801;19220831;   5;   2;   211.0;   -999;   -999;-999;eor
  3018;19220901;19220930;   5;   2;   190.0;   -999;   -999;-999;eor
  3018;19221001;19221031;   5;   2;    78.0;   -999;   -999;-999;eor
  3018;19221101;19221130;   5;   2;   109.0;   -999;   -999;-999;eor
  3018;19221201;19221231;   5;   2;   129.0;   -999;   -999;-999;eor
  3018;19230101;19230131;   5;   2;   107.0;   -999;   -999;-999;eor
  3018;19230201;19230228;   5;   2;   127.0;   -999;   -999;-999;eor
  3018;19230301;19230331;   5;   2;    67.0;   -999;   -999;-999;eor
  3018;19230401;19230430;   5;   2;    64.0;   -999;   -999;-999;eor
  3018;19230501;19230531;   5;   2;   118.0;   -999;   -999;-999;eor
  3018;19230601;19230630;   5;   2;   100.0;   -999;   -999;-999;eor
  3018;19230701;19230731;   5;   2;    72.0;   -999;   -999;-999;eor
  3018;19230801;19230831;   5;   2;    60.0;   -999;   -999;-999;eor
  3018;19230901;19230930;   5;   2;    90.0;   -999;   -999;-999;eor
  3018;19231001;19231031;   5;   2;   228.0;   -999;   -999;-999;eor
  3018;19231101;19231130;   5;   2;    91.0;   -999;   -999;-999;eor
  3018;19231201;19231231;   5;   2;   102.0;   -999;   -999;-999;eor
  3018;19240101;19240131;   5;   2;    42.0;   -999;   -999;-999;eor
  3018;19240201;19240229;   5;   2;    52.0;   -999;   -999;-999;eor
  3018;19240301;19240331;   5;   2;    76.0;   -999;   -999;-999;eor
  3018;19240401;19240430;   5;   2;   144.0;   -999;   -999;-999;eor
  3018;19240501;19240531;   5;   2;   123.0;   -999;   -999;-999;eor
  3018;19240601;19240630;   5;   2;    67.0;   -999;   -999;-999;eor
  3018;19240701;19240731;   5;   2;   109.0;   -999;   -999;-999;eor
  3018;19240801;19240831;   5;   2;   224.0;   -999;   -999;-999;eor
  3018;19240901;19240930;   5;   2;   103.0;   -999;   -999;-999;eor
  3018;19241001;19241031;   5;   2;    80.0;   -999;   -999;-999;eor
  3018;19241101;19241130;   5;   2;   146.0;   -999;   -999;-999;eor
  3018;19241201;19241231;   5;   2;    35.0;   -999;   -999;-999;eor
  3018;19250101;19250131;   5;   2;    67.0;   -999;   -999;-999;eor
  3018;19250201;19250228;   5;   2;    68.0;   -999;   -999;-999;eor
  3018;19250301;19250331;   5;   2;    76.0;   -999;   -999;-999;eor
  3018;19250401;19250430;   5;   2;    88.0;   -999;   -999;-999;eor
  3018;19250501;19250531;   5;   2;    27.0;   -999;   -999;-999;eor
  3018;19250601;19250630;   5;   2;    51.0;   -999;   -999;-999;eor
  3018;19250701;19250731;   5;   2;    75.0;   -999;   -999;-999;eor
  3018;19250801;19250831;   5;   2;   118.0;   -999;   -999;-999;eor
  3018;19250901;19250930;   5;   2;   176.0;   -999;   -999;-999;eor
  3018;19251001;19251031;   5;   2;    86.0;   -999;   -999;-999;eor
  3018;19251101;19251130;   5;   2;   100.0;   -999;   -999;-999;eor
  3018;19251201;19251231;   5;   2;   182.0;   -999;   -999;-999;eor
  3018;19260101;19260131;   5;   2;    85.0;   -999;   -999;-999;eor
  3018;19260201;19260228;   5;   2;    97.0;   -999;   -999;-999;eor
  3018;19260301;19260331;   5;   2;    63.0;   -999;   -999;-999;eor
  3018;19260401;19260430;   5;   2;    54.0;   -999;   -999;-999;eor
  3018;19260501;19260531;   5;   2;   113.0;   -999;   -999;-999;eor
  3018;19260601;19260630;   5;   2;   106.0;   -999;   -999;-999;eor
  3018;19260701;19260731;   5;   2;   121.0;   -999;   -999;-999;eor
  3018;19260801;19260831;   5;   2;    87.0;   -999;   -999;-999;eor
  3018;19260901;19260930;   5;   2;    40.0;   -999;   -999;-999;eor
  3018;19261001;19261031;   5;   2;    99.0;   -999;   -999;-999;eor
  3018;19261101;19261130;   5;   2;    48.0;   -999;   -999;-999;eor
  3018;19261201;19261231;   5;   2;    83.0;   -999;   -999;-999;eor
  3018;19270101;19270131;   5;   2;    76.0;   -999;   -999;-999;eor
  3018;19270201;19270228;   5;   2;    85.0;   -999;   -999;-999;eor
  3018;19270301;19270331;   5;   2;    86.0;   -999;   -999;-999;eor
  3018;19270401;19270430;   5;   2;   152.0;   -999;   -999;-999;eor
  3018;19270501;19270531;   5;   2;    28.0;   -999;   -999;-999;eor
  3018;19270601;19270630;   5;   2;   126.0;   -999;   -999;-999;eor
  3018;19270701;19270731;   5;   2;   104.0;   -999;   -999;-999;eor
  3018;19270801;19270831;   5;   2;   177.0;   -999;   -999;-999;eor
  3018;19270901;19270930;   5;   2;   142.0;   -999;   -999;-999;eor
  3018;19271001;19271031;   5;   2;    34.0;   -999;   -999;-999;eor
  3018;19271101;19271130;   5;   2;    98.0;   -999;   -999;-999;eor
  3018;19271201;19271231;   5;   2;    62.0;   -999;   -999;-999;eor
  3018;19280101;19280131;   5;   2;    89.0;   -999;   -999;-999;eor
  3018;19280201;19280229;   5;   2;   147.0;   -999;   -999;-999;eor
  3018;19280301;19280331;   5;   2;    30.0;   -999;   -999;-999;eor
  3018;19280401;19280430;   5;   2;   103.0;   -999;   -999;-999;eor
  3018;19280501;19280531;   5;   2;    56.0;   -999;   -999;-999;eor
  3018;19280601;19280630;   5;   2;   120.0;   -999;   -999;-999;eor
  3018;19280701;19280731;   5;   2;    54.0;   -999;   -999;-999;eor
  3018;19280801;19280831;   5;   2;   100.0;   -999;   -999;-999;eor
  3018;19280901;19280930;   5;   2;    26.0;   -999;   -999;-999;eor
  3018;19281001;19281031;   5;   2;   108.0;   -999;   -999;-999;eor
  3018;19281101;19281130;   5;   2;   148.0;   -999;   -999;-999;eor
  3018;19281201;19281231;   5;   2;    87.0;   -999;   -999;-999;eor
  3018;19290101;19290131;   5;   2;    56.0;   -999;   -999;-999;eor
  3018;19290201;19290228;   5;   2;    28.0;   -999;   -999;-999;eor
  3018;19290301;19290331;   5;   2;     4.0;   -999;   -999;-999;eor
  3018;19290401;19290430;   5;   2;    55.0;   -999;   -999;-999;eor
  3018;19290501;19290531;   5;   2;    23.0;   -999;   -999;-999;eor
  3018;19290601;19290630;   5;   2;   106.0;   -999;   -999;-999;eor
  3018;19290701;19290731;   5;   2;    70.0;   -999;   -999;-999;eor
  3018;19290801;19290831;   5;   2;    31.0;   -999;   -999;-999;eor
  3018;19290901;19290930;   5;   2;    35.0;   -999;   -999;-999;eor
  3018;19291001;19291031;   5;   2;   105.0;   -999;   -999;-999;eor
  3018;19291101;19291130;   5;   2;    55.0;   -999;   -999;-999;eor
  3018;19291201;19291231;   5;   2;   104.0;   -999;   -999;-999;eor
  3018;19300101;19300131;   5;   2;    62.0;   -999;   -999;-999;eor
  3018;19300201;19300228;   5;   2;    39.0;   -999;   -999;-999;eor
  3018;19300301;19300331;   5;   2;    68.0;   -999;   -999;-999;eor
  3018;19300401;19300430;   5;   2;    76.0;   -999;   -999;-999;eor
  3018;19300501;19300531;   5;   2;   160.0;   -999;   -999;-999;eor
  3018;19300601;19300630;   5;   2;    47.0;   -999;   -999;-999;eor
  3018;19300701;19300731;   5;   2;   169.0;   -999;   -999;-999;eor
  3018;19300801;19300831;   5;   2;    68.0;   -999;   -999;-999;eor
  3018;19300901;19300930;   5;   2;    95.0;   -999;   -999;-999;eor
  3018;19301001;19301031;   5;   2;   234.0;   -999;   -999;-999;eor
  3018;19301101;19301130;   5;   2;   176.0;   -999;   -999;-999;eor
  3018;19301201;19301231;   5;   2;    57.0;   -999;   -999;-999;eor
  3018;19340101;19340131;   5;   2;    81.0;   -999;   -999;-999;eor
  3018;19340201;19340228;   5;   2;    27.0;   -999;   -999;-999;eor
  3018;19340301;19340331;   5;   2;    65.0;   -999;   -999;-999;eor
  3018;19340401;19340430;   5;   2;    47.0;   -999;   -999;-999;eor
  3018;19340501;19340531;   5;   2;    31.0;   -999;   -999;-999;eor
  3018;19340601;19340630;   5;   2;    99.0;   -999;   -999;-999;eor
  3018;19340701;19340731;   5;   2;    26.0;   -999;   -999;-999;eor
  3018;19340801;19340831;   5;   2;   136.0;   -999;   -999;-999;eor
  3018;19340901;19340930;   5;   2;    87.0;   -999;   -999;-999;eor
  3018;19341001;19341031;   5;   2;    84.0;   -999;   -999;-999;eor
  3018;19341101;19341130;   5;   2;    63.0;   -999;   -999;-999;eor
  3018;19341201;19341231;   5;   2;    87.0;   -999;   -999;-999;eor
  3018;19350101;19350131;   5;   2;   100.0;   -999;   -999;-999;eor
  3018;19350201;19350228;   5;   2;   155.0;   -999;   -999;-999;eor
  3018;19350301;19350331;   5;   2;    46.0;   -999;   -999;-999;eor
  3018;19350401;19350430;   5;   2;   160.0;   -999;   -999;-999;eor
  3018;19350501;19350531;   5;   2;    60.0;   -999;   -999;-999;eor
  3018;19350601;19350630;   5;   2;   125.0;   -999;   -999;-999;eor
  3018;19350701;19350731;   5;   2;    31.0;   -999;   -999;-999;eor
  3018;19350801;19350831;   5;   2;    81.0;   -999;   -999;-999;eor
  3018;19350901;19350930;   5;   2;   103.0;   -999;   -999;-999;eor
  3018;19351001;19351031;   5;   2;   112.0;   -999;   -999;-999;eor
  3018;19351101;19351130;   5;   2;    62.0;   -999;   -999;-999;eor
  3018;19351201;19351231;   5;   2;    90.0;   -999;   -999;-999;eor
  3018;19360101;19360131;   5;   2;    93.0;   -999;   -999;-999;eor
  3018;19360201;19360229;   5;   2;    81.0;   -999;   -999;-999;eor
  3018;19360301;19360331;   5;   2;    36.0;   -999;   -999;-999;eor
  3018;19360401;19360430;   5;   2;   198.0;   -999;   -999;-999;eor
  3018;19360501;19360531;   5;   2;    20.0;   -999;   -999;-999;eor
  3018;19360601;19360630;   5;   2;    85.0;   -999;   -999;-999;eor
  3018;19360701;19360731;   5;   2;   172.0;   -999;   -999;-999;eor
  3018;19360801;19360831;   5;   2;   133.0;   -999;   -999;-999;eor
  3018;19360901;19360930;   5;   2;   167.0;   -999;   -999;-999;eor
  3018;19361001;19361031;   5;   2;    84.0;   -999;   -999;-999;eor
  3018;19361101;19361130;   5;   2;    75.0;   -999;   -999;-999;eor
  3018;19361201;19361231;   5;   2;    54.0;   -999;   -999;-999;eor
  3018;19370101;19370131;   5;   2;   105.0;   -999;   -999;-999;eor
  3018;19370201;19370228;   5;   2;   163.0;   -999;   -999;-999;eor
  3018;19370301;19370331;   5;   2;    73.0;   -999;   -999;-999;eor
  3018;19370401;19370430;   5;   2;   189.0;   -999;   -999;-999;eor
  3018;19370501;19370531;   5;   2;    33.0;   -999;   -999;-999;eor
  3018;19370601;19370630;   5;   2;   124.0;   -999;   -999;-999;eor
  3018;19370701;19370731;   5;   2;    48.0;   -999;   -999;-999;eor
  3018;19370801;19370831;   5;   2;    35.0;   -999;   -999;-999;eor
  3018;19370901;19370930;   5;   2;    63.0;   -999;   -999;-999;eor
  3018;19371001;19371031;   5;   2;    24.0;   -999;   -999;-999;eor
  3018;19371101;19371130;   5;   2;    32.0;   -999;   -999;-999;eor
  3018;19371201;19371231;   5;   2;    74.0;   -999;   -999;-999;eor
  3018;19730401;19730430;   5;   2;    59.3;     21;     48;   10.1;eor
  3018;19730501;19730531;   5;   2;    86.7;      0;      0;   16.6;eor
  3018;19730601;19730630;   5;   2;    40.6;      0;      0;   14.3;eor
  3018;19730701;19730731;   5;   2;    96.9;      0;      0;   18.8;eor
  3018;19730801;19730831;   5;   2;    61.8;      0;      0;   18.3;eor
  3018;19730901;19730930;   5;   2;    48.6;      0;      0;   25.5;eor
  3018;19731001;19731031;   5;   2;   127.7;      0;      0;   27.6;eor
  3018;19731101;19731130;   5;   2;   126.7;     26;     53;   20.7;eor
  3018;19731201;19731231;   5;   2;    76.7;     74;    321;    9.1;eor
  3018;19740101;19740131;   5;   2;    80.3;      0;      0;   15.2;eor
  3018;19740201;19740228;   5;   2;    78.5;      5;      7;   20.9;eor
  3018;19740301;19740331;   5;   2;    76.3;      8;     14;   15.4;eor
  3018;19740401;19740430;   5;   2;    11.3;      0;      0;    3.2;eor
  3018;19740501;19740531;   5;   2;    89.5;      0;      0;   28.0;eor
  3018;19740601;19740630;   5;   2;   104.5;      0;      0;   19.1;eor
  3018;19740701;19740731;   5;   2;   159.1;      0;      0;   31.5;eor
  3018;19740801;19740831;   5;   2;   110.3;      0;      0;   28.8;eor
  3018;19740901;19740930;   5;   2;    62.7;      0;      0;   17.2;eor
  3018;19741001;19741031;   5;   2;   218.1;      2;      2;   57.2;eor
  3018;19741101;19741130;   5;   2;    95.2;      0;      2;   22.6;eor
  3018;19741201;19741231;   5;   2;   164.8;     29;     78;   24.0;eor
  3018;19750101;19750131;   5;   2;   106.3;      1;      1;   17.4;eor
  3018;19750201;19750228;   5;   2;    26.8;      4;      4;    7.0;eor
  3018;19750301;19750331;   5;   2;    72.5;     27;     39;   16.0;eor
  3018;19750401;19750430;   5;   2;    87.8;      6;      8;   18.9;eor
  3018;19750501;19750531;   5;   2;    38.7;      0;      0;    8.4;eor
  3018;19750601;19750630;   5;   2;   124.5;      0;      0;   28.0;eor
  3018;19750701;19750731;   5;   2;    46.3;      0;      0;   12.4;eor
  3018;19750801;19750831;   5;   2;   140.0;      0;      0;   50.2;eor
  3018;19750901;19750930;   5;   2;    89.7;      0;      0;   18.3;eor
  3018;19751001;19751031;   5;   2;    26.3;      0;      0;    5.7;eor
  3018;19751101;19751130;   5;   2;    76.9;      0;      0;   21.5;eor
  3018;19751201;19751231;   5;   2;    44.1;      7;     15;   22.9;eor
  3018;19760101;19760131;   5;   2;   155.0;     30;    106;   18.6;eor
  3018;19760201;19760229;   5;   2;    43.2;     27;    262;   22.7;eor
  3018;19760301;19760331;   5;   2;    35.7;      0;      0;   13.4;eor
  3018;19760401;19760430;   5;   2;    17.7;      1;      1;    8.4;eor
  3018;19760501;19760531;   5;   2;    32.6;      0;      0;    6.8;eor
  3018;19760601;19760630;   5;   2;    29.5;      0;      0;   23.2;eor
  3018;19760701;19760731;   5;   2;    59.4;      0;      0;   23.0;eor
  3018;19760801;19760831;   5;   2;    13.8;      0;      0;    3.0;eor
  3018;19760901;19760930;   5;   2;    99.3;      0;      0;   23.2;eor
  3018;19761001;19761031;   5;   2;    43.7;      0;      0;   11.5;eor
  3018;19761101;19761130;   5;   2;    67.8;      1;      1;   13.5;eor
  3018;19761201;19761231;   5;   2;    89.3;     29;    171;   14.8;eor
  3018;19770101;19770131;   5;   2;   122.2;     61;    336;   19.8;eor
  3018;19770201;19770228;   5;   2;   140.4;      0;      0;   18.5;eor
  3018;19770301;19770331;   5;   2;    65.7;      1;      1;   25.3;eor
  3018;19770401;19770430;   5;   2;    63.1;      1;      1;   10.6;eor
  3018;19770501;19770531;   5;   2;    24.4;      0;      0;    9.1;eor
  3018;19770601;19770630;   5;   2;   138.9;      0;      0;   28.2;eor
  3018;19770701;19770731;   5;   2;    55.4;      0;      0;   16.4;eor
  3018;19770801;19770831;   5;   2;   162.4;      0;      0;   31.5;eor
  3018;19770901;19770930;   5;   2;    29.7;      0;      0;   19.4;eor
  3018;19771001;19771031;   5;   2;    65.0;      0;      0;   24.9;eor
  3018;19771101;19771130;   5;   2;   137.7;     15;     35;   20.4;eor
  3018;19771201;19771231;   5;   2;    79.9;      5;     27;   15.2;eor
  3018;19780101;19780131;   5;   2;    75.5;     25;     47;   15.7;eor
  3018;19780201;19780228;   5;   2;    73.0;     47;    626;   19.7;eor
  3018;19780301;19780331;   5;   2;   126.1;     22;     33;   21.4;eor
  3018;19780401;19780430;   5;   2;    26.1;      0;      0;    8.7;eor
  3018;19780501;19780531;   5;   2;   232.1;      0;      0;   68.8;eor
  3018;19780601;19780630;   5;   2;   102.7;      0;      0;   25.1;eor
  3018;19780701;19780731;   5;   2;   165.7;      0;      0;   36.2;eor
  3018;19780801;19780831;   5;   2;    50.7;      0;      0;   14.2;eor
  3018;19780901;19780930;   5;   2;    77.7;      0;      0;   29.3;eor
  3018;19781001;19781031;   5;   2;    36.9;      0;      0;   11.4;eor
  3018;19781101;19781130;   5;   2;    25.1;      3;      7;   13.9;eor
  3018;19781201;19781231;   5;   2;   151.8;      3;     15;   35.2;eor
  3018;19790101;19790131;   5;   2;    65.9;     85;    826;   12.8;eor
  3018;19790201;19790228;   5;   2;    85.2;     10;    317;   22.3;eor
  3018;19790301;19790331;   5;   2;   147.4;      0;      2;   29.6;eor
  3018;19790401;19790430;   5;   2;   103.5;      0;      0;   16.2;eor
  3018;19790501;19790531;   5;   2;    64.7;      0;      0;   10.5;eor
  3018;19790601;19790630;   5;   2;    39.9;      0;      0;    8.2;eor
  3018;19790701;19790731;   5;   2;    78.3;      0;      0;   20.9;eor
  3018;19790801;19790831;   5;   2;    68.0;      0;      0;   20.9;eor
  3018;19790901;19790930;   5;   2;    63.7;      0;      0;   27.1;eor
  3018;19791001;19791031;   5;   2;    42.4;      0;      0;   24.0;eor
  3018;19791101;19791130;   5;   2;   130.3;      0;      0;   23.6;eor
  3018;19791201;19791231;   5;   2;   178.1;     13;     25;   33.4;eor
  3018;19800101;19800131;   5;   2;    67.9;     24;    162;   14.0;eor
  3018;19800201;19800229;   5;   2;    68.0;      0;      0;   16.0;eor
  3018;19800301;19800331;   5;   2;    65.0;      0;      0;   15.4;eor
  3018;19800401;19800430;   5;   2;    76.4;      9;      9;   19.4;eor
  3018;19800501;19800531;   5;   2;    77.2;      0;      0;   30.8;eor
  3018;19800601;19800630;   5;   2;   149.6;      0;      0;   36.1;eor
  3018;19800701;19800731;   5;   2;   328.6;      0;      0;   36.6;eor
  3018;19800801;19800831;   5;   2;    69.0;      0;      0;   20.4;eor
  3018;19800901;19800930;   5;   2;    65.6;      0;      0;   31.3;eor
  3018;19801001;19801031;   5;   2;    76.7;      0;      0;   13.2;eor
  3018;19801101;19801130;   5;   2;    94.8;     22;     34;   28.3;eor
  3018;19801201;19801231;   5;   2;   130.0;     56;    374;   20.4;eor
  3018;19810101;19810131;  10;   2;   178.9;     95;    875;   55.3;eor
  3018;19810201;19810228;  10;   2;    80.0;     33;    757;   48.0;eor
  3018;19810301;19810331;  10;   2;   170.0;      0;    106;   44.8;eor
  3018;19810401;19810430;  10;   2;    61.7;     16;     19;   17.9;eor
  3018;19810501;19810531;  10;   2;   102.0;      0;      0;   15.7;eor
  3018;19810601;19810630;  10;   2;   145.2;      0;      0;   43.6;eor
  3018;19810701;19810731;  10;   2;   131.4;      0;      0;   36.3;eor
  3018;19810801;19810831;  10;   2;   108.7;      0;      0;   34.4;eor
  3018;19810901;19810930;  10;   2;    58.3;      0;      0;   15.9;eor
  3018;19811001;19811031;  10;   2;   174.1;      0;      0;   30.8;eor
  3018;19811101;19811130;  10;   2;   125.7;      2;      2;   43.5;eor
  3018;19811201;19811231;  10;   2;   154.8;    114;    748;   19.4;eor
  3018;19820101;19820131;  10;   2;   113.6;     25;    244;   17.6;eor
  3018;19820201;19820228;  10;   2;    19.3;      3;     11;    6.1;eor
  3018;19820301;19820331;  10;   2;    64.4;      3;      3;   17.9;eor
  3018;19820401;19820430;  10;   2;    86.8;      3;      3;   23.0;eor
  3018;19820501;19820531;  10;   2;    80.4;      0;      0;   18.5;eor
  3018;19820601;19820630;  10;   2;    74.4;      0;      0;   17.8;eor
  3018;19820701;19820731;  10;   2;    43.6;      0;      0;   18.1;eor
  3018;19820801;19820831;  10;   2;    72.1;      0;      0;   15.8;eor
  3018;19820901;19820930;  10;   2;    22.5;      0;      0;    6.2;eor
  3018;19821001;19821031;  10;   2;   274.0;      0;      0;   83.8;eor
  3018;19821101;19821130;  10;   2;    81.2;      7;      7;   19.1;eor
  3018;19821201;19821231;  10;   2;   186.0;     22;     43;   24.7;eor
  3018;19830101;19830131;  10;   2;   149.4;      8;     12;   23.4;eor
  3018;19830201;19830228;  10;   2;   103.6;     37;    404;   27.0;eor
  3018;19830301;19830331;  10;   2;   128.7;     21;     26;   26.3;eor
  3018;19830401;19830430;  10;   2;   202.4;      0;      0;   56.0;eor
  3018;19830501;19830531;  10;   2;   185.2;      0;      0;   31.5;eor
  3018;19830601;19830630;  10;   2;    74.5;      0;      0;   12.4;eor
  3018;19830701;19830731;  10;   2;    22.3;      0;      0;   12.0;eor
  3018;19830801;19830831;  10;   2;    49.4;      0;      0;   18.8;eor
  3018;19830901;19830930;  10;   2;    94.5;      0;      0;   14.9;eor
  3018;19831001;19831031;  10;   2;    84.8;      0;      0;   12.6;eor
  3018;19831101;19831130;  10;   2;    72.1;      0;      0;   29.8;eor
  3018;19831201;19831231;  10;   2;    68.9;     10;     40;   14.1;eor
  3018;19840101;19840131;  10;   2;   135.4;     41;    147;   13.0;eor
  3018;19840201;19840229;  10;   2;   113.1;     38;    154;   19.9;eor
  3018;19840301;19840331;  10;   2;    30.8;      3;     85;    6.6;eor
  3018;19840401;19840430;  10;   2;    44.3;      5;      7;   19.1;eor
  3018;19840501;19840531;  10;   2;   221.6;      0;      0;   38.0;eor
  3018;19840601;19840630;  10;   2;    64.9;      0;      0;   18.1;eor
  3018;19840701;19840731;  10;   2;   107.1;      0;      0;   31.7;eor
  3018;19840801;19840831;  10;   2;    31.5;      0;      0;   10.6;eor
  3018;19840901;19840930;  10;   2;   256.1;      0;      0;   60.6;eor
  3018;19841001;19841031;  10;   2;    84.6;      0;      0;   13.8;eor
  3018;19841101;19841130;  10;   2;    76.6;      0;      0;   42.2;eor
  3018;19841201;19841231;  10;   2;    52.1;      1;      4;   14.5;eor
  3018;19850101;19850131;  10;   2;   127.2;     71;    686;   35.0;eor
  3018;19850201;19850228;  10;   2;    39.0;     16;    167;   17.1;eor
  3018;19850301;19850331;  10;   2;    87.9;     35;    108;   18.6;eor
  3018;19850401;19850430;  10;   2;    72.1;      2;      2;   18.0;eor
  3018;19850501;19850531;  10;   2;   141.8;      0;      0;   31.6;eor
  3018;19850601;19850630;  10;   2;   150.0;      0;      0;   26.7;eor
  3018;19850701;19850731;  10;   2;    62.7;      0;      0;   13.0;eor
  3018;19850801;19850831;  10;   2;    51.5;      0;      0;   13.9;eor
  3018;19850901;19850930;  10;   2;    41.8;      0;      0;   19.5;eor
  3018;19851001;19851031;  10;   2;    21.3;      0;      0;    5.3;eor
  3018;19851101;19851130;  10;   2;    78.2;     33;    128;   11.3;eor
  3018;19851201;19851231;  10;   2;    79.6;     15;     52;   20.8;eor
  3018;19860101;19860131;  10;   2;   188.2;     39;    186;   46.3;eor
  3018;19860201;19860228;  10;   2;    16.4;     22;    358;    7.3;eor
  3018;19860301;19860331;  10;   2;   149.7;      1;     63;   23.0;eor
  3018;19860401;19860430;  10;   2;   114.0;     10;     14;   12.8;eor
  3018;19860501;19860531;  10;   2;    92.3;      0;      0;   11.8;eor
  3018;19860601;19860630;  10;   2;   141.6;      0;      0;   43.7;eor
  3018;19860701;19860731;  10;   2;   127.4;      0;      0;   26.5;eor
  3018;19860801;19860831;  10;   2;    98.4;      0;      0;   18.0;eor
  3018;19860901;19860930;  10;   2;   100.8;      0;      0;   29.6;eor
  3018;19861001;19861031;  10;   2;   117.9;      0;      0;   32.1;eor
  3018;19861101;19861130;  10;   2;    85.3;      0;      0;   32.8;eor
  3018;19861201;19861231;  10;   2;   140.9;     25;     81;   25.7;eor
  3018;19870101;19870131;  10;   2;    84.8;     43;    565;   25.6;eor
  3018;19870201;19870228;  10;   2;   123.3;     16;    231;   32.8;eor
  3018;19870301;19870331;  10;   2;   185.3;     43;    150;   41.5;eor
  3018;19870401;19870430;  10;   2;    46.0;      0;      0;    8.5;eor
  3018;19870501;19870531;  10;   2;   158.1;      0;      0;   27.2;eor
  3018;19870601;19870630;  10;   2;   179.9;      0;      0;   28.0;eor
  3018;19870701;19870731;  10;   2;   165.2;      0;      0;   55.1;eor
  3018;19870801;19870831;  10;   2;   178.3;      0;      0;   57.4;eor
  3018;19870901;19870930;  10;   2;   114.1;      0;      0;   34.7;eor
  3018;19871001;19871031;  10;   2;    86.7;      0;      0;   15.7;eor
  3018;19871101;19871130;  10;   2;    98.4;      2;      4;   13.5;eor
  3018;19871201;19871231;  10;   2;    69.4;      1;      1;   26.1;eor
  3018;19880101;19880131;  10;   2;   142.4;     13;     18;   20.7;eor
  3018;19880201;19880229;  10;   2;   130.3;     52;    140;   15.1;eor
  3018;19880301;19880331;  10;   2;   242.1;     42;    484;   36.0;eor
  3018;19880401;19880430;  10;   2;    41.5;      2;      2;    8.1;eor
  3018;19880501;19880531;  10;   2;    67.4;      0;      0;   10.4;eor
  3018;19880601;19880630;  10;   2;    72.3;      0;      0;   25.6;eor
  3018;19880701;19880731;  10;   2;   105.3;      0;      0;   19.9;eor
  3018;19880801;19880831;  10;   2;    52.4;      0;      0;   19.0;eor
  3018;19880901;19880930;  10;   2;    88.1;      0;      0;   21.3;eor
  3018;19881001;19881031;  10;   2;    83.8;      0;      0;   29.3;eor
  3018;19881101;19881130;  10;   2;   100.1;     23;     73;   36.6;eor
  3018;19881201;19881231;  10;   2;   138.2;      3;      3;   35.4;eor
  3018;19890101;19890131;  10;   2;    47.9;      0;      0;   17.9;eor
  3018;19890201;19890228;  10;   2;    87.6;      0;      0;   21.9;eor
  3018;19890301;19890331;  10;   2;    82.5;      0;      0;   17.1;eor
  3018;19890401;19890430;  10;   2;   128.3;      0;      0;   28.2;eor
  3018;19890501;19890531;  10;   2;    57.8;      0;      0;   25.9;eor
  3018;19890601;19890630;  10;   2;    75.5;      0;      0;   13.0;eor
  3018;19890701;19890731;  10;   2;    93.0;      0;      0;   20.4;eor
  3018;19890801;19890831;  10;   2;    63.0;      0;      0;   11.2;eor
  3018;19890901;19890930;  10;   2;    46.0;      0;      0;   18.0;eor
  3018;19891001;19891031;  10;   2;   114.0;      0;      0;   31.6;eor
  3018;19891101;19891130;  10;   2;    67.6;      1;      2;   22.2;eor
  3018;19891201;19891231;  10;   2;   147.0;      0;      0;   25.6;eor
  3018;19900101;19900131;  10;   2;    36.4;      0;      0;   13.8;eor
  3018;19900201;19900228;  10;   2;   121.1;      5;      5;   22.8;eor
  3018;19900301;19900331;  10;   2;    37.5;      4;      5;    7.2;eor
  3018;19900401;19900430;  10;   2;    61.5;      0;      0;   17.0;eor
  3018;19900501;19900531;  10;   2;    37.3;      0;      0;   16.6;eor
  3018;19900601;19900630;  10;   2;   128.5;      0;      0;   23.5;eor
  3018;19900701;19900731;  10;   2;    53.7;      0;      0;   16.1;eor
  3018;19900801;19900831;  10;   2;    40.6;      0;      0;   12.6;eor
  3018;19900901;19900930;  10;   2;   103.2;      0;      0;   37.7;eor
  3018;19901001;19901031;  10;   2;    71.1;      0;      0;   41.2;eor
  3018;19901101;19901130;  10;   2;   124.6;      8;     11;   34.3;eor
  3018;19901201;19901231;  10;   2;   132.6;     59;    457;   26.6;eor
  3018;19910101;19910131;   9;   2;    95.5;      3;     13;   20.9;eor
  3018;19910201;19910228;   9;   2;    46.3;     48;    258;   15.9;eor
  3018;19910301;19910331;   9;   2;    45.9;      0;      0;   22.9;eor
  3018;19910401;19910430;   9;   2;    62.8;      0;      0;   23.6;eor
  3018;19910501;19910531;   9;   2;    24.8;      0;      0;    6.6;eor
  3018;19910601;19910630;   9;   2;    97.6;      0;      0;   12.2;eor
  3018;19910701;19910731;   9;   2;    51.2;      0;      0;   16.0;eor
  3018;19910801;19910831;   9;   2;     5.0;      0;      0;    3.0;eor
  3018;19910901;19910930;   9;   2;    64.2;      0;      0;   16.8;eor
  3018;19911001;19911031;   9;   2;    44.5;      0;      0;   15.2;eor
  3018;19911101;19911130;   9;   2;   149.1;      0;      0;   23.7;eor
  3018;19911201;19911231;   9;   2;   125.2;     10;     10;   30.3;eor
  3018;19920101;19920131;   9;   2;    74.6;      9;     81;   37.2;eor
  3018;19920201;19920229;   9;   2;    71.4;     16;     63;   21.7;eor
  3018;19920301;19920331;   9;   2;   137.0;     17;     24;   27.7;eor
  3018;19920401;19920430;   9;   2;    66.3;      0;      0;    9.4;eor
  3018;19920501;19920531;   9;   2;    53.2;      0;      0;   18.1;eor
  3018;19920601;19920630;   9;   2;    98.1;      0;      0;   43.8;eor
  3018;19920701;19920731;   9;   2;    92.5;      0;      0;   22.4;eor
  3018;19920801;19920831;   9;   2;   144.1;      0;      0;   29.5;eor
  3018;19920901;19920930;   9;   2;    44.3;      0;      0;   13.5;eor
  3018;19921001;19921031;   9;   2;   107.5;      0;      0;   26.0;eor
  3018;19921101;19921130;   9;   2;   149.8;      0;      0;   20.9;eor
  3018;19921201;19921231;   9;   2;    79.2;      1;      1;   24.0;eor
  3018;19930101;19930131;   9;   2;    90.2;      8;     11;   14.2;eor
  3018;19930201;19930228;   9;   2;    32.6;     14;     52;    8.9;eor
  3018;19930301;19930331;   9;   2;    24.2;      2;     19;    6.9;eor
  3018;19930401;19930430;   9;   2;    50.2;      0;      0;   10.2;eor
  3018;19930501;19930531;   9;   2;    64.2;      0;      0;   17.8;eor
  3018;19930601;19930630;   9;   2;    44.3;      0;      0;   13.1;eor
  3018;19930701;19930731;   9;   2;   116.7;      0;      0;   27.8;eor
  3018;19930801;19930831;   9;   2;    45.9;      0;      0;   26.7;eor
  3018;19930901;19930930;   9;   2;   144.5;      0;      0;   31.1;eor
  3018;19931001;19931031;   9;   2;    89.6;      0;      0;   26.9;eor
  3018;19931101;19931130;   9;   2;    40.9;      2;      5;   10.4;eor
  3018;19931201;19931231;   9;   2;   298.1;     29;     71;   57.9;eor
  3018;19940101;19940131;   9;   2;    93.6;      5;      9;   12.4;eor
  3018;19940201;19940228;   9;   2;    69.3;     15;     19;   14.9;eor
  3018;19940301;19940331;   9;   2;   115.0;      0;      0;   23.0;eor
  3018;19940401;19940430;   9;   2;   113.1;      2;      2;   28.8;eor
  3018;19940501;19940531;   9;   2;   119.0;      0;      0;   27.5;eor
  3018;19940601;19940630;   9;   2;    83.0;      0;      0;   20.6;eor
  3018;19940701;19940731;   9;   2;    58.8;      0;      0;   43.3;eor
  3018;19940801;19940831;   9;   2;   118.9;      0;      0;   27.3;eor
  3018;19940901;19940930;   9;   2;   122.5;      0;      0;   23.1;eor
  3018;19941001;19941031;   9;   2;    66.8;      0;      0;   27.1;eor
  3018;19941101;19941130;   9;   2;    74.8;      0;      0;   15.7;eor
  3018;19941201;19941231;   9;   2;   106.4;      2;      2;   30.8;eor
  3018;19950101;19950131;   9;   2;   254.6;     50;    366;   61.6;eor
  3018;19950201;19950228;   9;   2;   115.6;      5;      6;   24.6;eor
  3018;19950301;19950331;   9;   2;   128.4;     38;     64;   27.4;eor
  3018;19950401;19950430;   9;   2;   110.7;      0;      5;   31.1;eor
  3018;19950501;19950531;   9;   2;   106.1;      0;      0;   19.5;eor
  3018;19950601;19950630;   9;   2;    58.2;      0;      0;   11.1;eor
  3018;19950701;19950731;   9;   2;    97.3;      0;      0;   27.0;eor
  3018;19950801;19950831;   9;   2;    93.1;      0;      0;   33.4;eor
  3018;19950901;19950930;   9;   2;   147.8;      0;      0;   26.7;eor
  3018;19951001;19951031;   9;   2;    53.9;      0;      0;   17.4;eor
  3018;19951101;19951130;   9;   2;    72.6;      1;      1;   19.1;eor
  3018;19951201;19951231;   9;   2;    98.9;      7;     15;   43.5;eor
  3018;19960101;19960131;   9;   2;     6.9;      1;      5;    2.1;eor
  3018;19960201;19960229;   9;   2;   106.9;     60;    387;   23.7;eor
  3018;19960301;19960331;   9;   2;    37.2;     25;    162;    8.5;eor
  3018;19960401;19960430;   9;   2;    24.8;      4;      4;    8.4;eor
  3018;19960501;19960531;   9;   2;   121.5;      0;      0;   14.2;eor
  3018;19960601;19960630;   9;   2;    54.4;      0;      0;   14.1;eor
  3018;19960701;19960731;   9;   2;   135.8;      0;      0;   27.2;eor
  3018;19960801;19960831;   9;   2;    74.2;      0;      0;   15.5;eor
  3018;19960901;19960930;   9;   2;    57.0;      0;      0;   15.6;eor
  3018;19961001;19961031;   9;   2;   147.2;      0;      0;   26.9;eor
  3018;19961101;19961130;   9;   2;   155.3;     32;     43;   30.3;eor
  3018;19961201;19961231;   9;   2;    48.2;     16;     52;    6.4;eor
  3018;19970101;19970131;   9;   2;    30.8;     13;    282;    8.4;eor
  3018;19970201;19970228;   9;   2;   147.8;      2;      2;   29.2;eor
  3018;19970301;19970331;   9;   2;    59.1;      1;      1;   13.8;eor
  3018;19970401;19970430;   9;   2;    63.3;      0;      0;   20.5;eor
  3018;19970501;19970531;   9;   2;    91.6;      0;      0;   18.8;eor
  3018;19970601;19970630;   9;   2;   119.1;      0;      0;   16.3;eor
  3018;19970701;19970731;   9;   2;    85.6;      0;      0;   14.7;eor
  3018;19970801;19970831;   9;   2;    48.7;      0;      0;   21.2;eor
  3018;19970901;19970930;   9;   2;    22.3;      0;      0;   11.5;eor
  3018;19971001;19971031;   9;   2;   110.9;      0;      0;   41.1;eor
  3018;19971101;19971130;   9;   2;    87.1;      0;      0;   13.9;eor
  3018;19971201;19971231;   9;   2;   139.2;     28;     78;   48.2;eor
  3018;19980101;19980131;   9;   2;   100.4;     16;     90;   23.1;eor
  3018;19980201;19980228;   9;   2;    29.6;      2;     75;   11.2;eor
  3018;19980301;19980331;   9;   2;    93.6;      6;      6;   31.4;eor
  3018;19980401;19980430;   9;   2;   144.1;      0;      0;   19.4;eor
  3018;19980501;19980531;   9;   2;    63.7;      0;      0;   16.6;eor
  3018;19980601;19980630;   9;   2;    56.0;      0;      0;   13.9;eor
  3018;19980701;19980731;   9;   2;   106.2;      0;      0;   16.2;eor
  3018;19980801;19980831;   9;   2;    64.1;      0;      0;   22.8;eor
  3018;19980901;19980930;   9;   2;   211.2;      0;      0;   39.6;eor
  3018;19981001;19981031;   9;   2;   273.4;      0;      0;   51.7;eor
  3018;19981101;19981130;   9;   2;   122.1;     15;     67;   20.0;eor
  3018;19981201;19981231;   9;   2;    57.2;     32;    161;   13.3;eor
  3018;19990101;19990131;   9;   2;   117.5;     27;     64;   17.9;eor
  3018;19990201;19990228;   9;   2;   136.9;     30;    225;   44.7;eor
  3018;19990301;19990331;   9;   2;   155.8;      6;      6;   22.1;eor
  3018;19990401;19990430;   9;   2;    73.5;      0;      0;   12.5;eor
  3018;19990501;19990531;   9;   2;    46.4;      0;      0;    9.3;eor
  3018;19990601;19990630;   9;   2;   103.6;      0;      0;   28.0;eor
  3018;19990701;19990731;   9;   2;   104.6;      0;      0;   29.7;eor
  3018;19990801;19990831;   9;   2;    73.8;      0;      0;   30.6;eor
  3018;19990901;19990930;   9;   2;    83.8;      0;      0;   33.0;eor
  3018;19991001;19991031;   9;   2;    48.9;      0;      0;   12.4;eor
  3018;19991101;19991130;   9;   2;   127.9;     31;    135;   25.2;eor
  3018;19991201;19991231;   9;   2;   216.4;     42;    147;   38.6;eor
  3018;20000101;20000131;   9;   2;    94.8;     15;     74;   19.2;eor
  3018;20000201;20000229;   9;   2;   135.8;     16;     36;   19.5;eor
  3018;20000301;20000331;   9;   2;   136.0;      1;      1;   25.6;eor
  3018;20000401;20000430;   9;   2;    59.1;      0;      0;    9.3;eor
  3018;20000501;20000531;   9;   2;   113.7;      0;      0;   24.9;eor
  3018;20000601;20000630;   9;   2;    55.7;      0;      0;   16.9;eor
  3018;20000701;20000731;   9;   2;   235.9;      0;      0;   37.5;eor
  3018;20000801;20000831;   9;   2;    82.2;      0;      0;   21.4;eor
  3018;20000901;20000930;   9;   2;   129.4;      0;      0;   23.7;eor
  3018;20001001;20001031;   9;   2;    82.8;      0;      0;   14.0;eor
  3018;20001101;20001130;   9;   2;   124.5;      0;      0;   22.5;eor
  3018;20001201;20001231;   9;   2;    76.4;     15;     20;   10.5;eor
  3018;20010101;20010131;   9;   2;   108.9;      7;     24;   20.2;eor
  3018;20010201;20010228;   9;   2;   101.8;     31;     49;   23.6;eor
  3018;20010301;20010331;   9;   2;   217.4;     14;     18;   31.5;eor
  3018;20010401;20010430;   9;   2;   149.4;     12;     20;   22.0;eor
  3018;20010501;20010531;   9;   2;    31.6;      0;      0;   13.4;eor
  3018;20010601;20010630;   9;   2;   113.7;      0;      0;   18.8;eor
  3018;20010701;20010731;   9;   2;    42.1;      0;      0;    8.3;eor
  3018;20010801;20010831;   9;   2;    68.6;      0;      0;   15.2;eor
  3018;20010901;20010930;   9;   2;   185.7;      0;      0;   26.5;eor
  3018;20011001;20011031;   9;   2;    69.9;      0;      0;   13.3;eor
  3018;20011101;20011130;   9;   2;   195.4;      5;      5;   42.4;eor
  3018;20011201;20011231;   9;   2;   123.3;     97;    392;   32.4;eor
  3018;20020101;20020131;   9;   2;    40.9;      1;    806;    9.5;eor
  3018;20020201;20020228;   9;   2;   277.1;      7;      8;   31.0;eor
  3018;20020301;20020331;   9;   2;   116.5;      0;      0;   27.9;eor
  3018;20020401;20020430;   9;   2;    76.3;      0;      0;   17.5;eor
  3018;20020501;20020531;   9;   2;   113.2;      0;      0;   31.5;eor
  3018;20020601;20020630;   9;   2;    35.1;      0;      0;   10.6;eor
  3018;20020701;20020731;   9;   2;   163.8;      0;      0;   56.2;eor
  3018;20020801;20020831;   9;   2;    90.8;      0;      0;   26.9;eor
  3018;20020901;20020930;   9;   2;    46.5;      0;      0;   10.5;eor
  3018;20021001;20021031;   9;   2;   180.0;      0;      0;   32.7;eor
  3018;20021101;20021130;   9;   2;   178.8;      0;      0;   32.7;eor
  3018;20021201;20021231;   9;   2;   151.6;      0;      0;   43.8;eor
  3018;20030101;20030131;   9;   2;   137.4;     42;    133;   27.5;eor
  3018;20030201;20030228;   9;   2;    34.9;     23;    374;   10.7;eor
  3018;20030301;20030331;   9;   2;    40.7;      0;      0;   11.1;eor
  3018;20030401;20030430;   9;   2;    37.3;      1;      1;   13.5;eor
  3018;20030501;20030531;   9;   2;   113.2;      0;      0;   19.7;eor
  3018;20030601;20030630;   9;   2;    37.5;      0;      0;   15.0;eor
  3018;20030701;20030731;   9;   2;   110.4;      0;      0;   25.1;eor
  3018;20030801;20030831;   9;   2;    47.0;      0;      0;   13.3;eor
  3018;20030901;20030930;   9;   2;    38.2;      0;      0;   15.1;eor
  3018;20031001;20031031;   9;   2;   105.9;      0;      0;   24.0;eor
  3018;20031101;20031130;   9;   2;    63.4;      0;      0;   18.4;eor
  3018;20031201;20031231;   9;   2;    70.3;      5;      9;   35.4;eor
  3018;20040101;20040131;   9;   2;   151.4;     34;    174;   36.3;eor
  3018;20040201;20040229;   9;   2;    48.2;     27;     59;   15.3;eor
  3018;20040301;20040331;   9;   2;    62.4;     21;     55;   15.7;eor
  3018;20040401;20040430;   9;   2;    35.5;      0;      0;   11.1;eor
  3018;20040501;20040531;   9;   2;   155.6;      0;      0;   85.8;eor
  3018;20040601;20040630;   9;   2;    89.0;      0;      0;   36.8;eor
  3018;20040701;20040731;   9;   2;   103.6;      0;      0;   26.9;eor
  3018;20040801;20040831;   9;   2;   218.8;      0;      0;   51.3;eor
  3018;20040901;20040930;   9;   2;    97.7;      0;      0;   36.7;eor
  3018;20041001;20041031;   9;   2;    73.8;      0;      0;   17.6;eor
  3018;20041101;20041130;   9;   2;    81.7;     14;     30;   24.9;eor
  3018;20041201;20041231;   9;   2;    81.8;     15;     47;   14.9;eor
  3018;20050101;20050131;   9;   2;    98.9;     17;     66;   20.1;eor
  3018;20050201;20050228;   9;   2;   151.0;     52;    226;   56.5;eor
  3018;20050301;20050331;   9;   2;    63.0;     17;    264;   13.4;eor
  3018;20050401;20050430;   9;   2;    94.4;      0;      0;   15.4;eor
  3018;20050501;20050531;   9;   2;    97.8;      0;      0;   21.1;eor
  3018;20050601;20050630;   9;   2;    19.3;      0;      0;    8.0;eor
  3018;20050701;20050731;   9;   2;    70.7;      0;      0;   14.5;eor
  3018;20050801;20050831;   9;   2;    79.9;      0;      0;   20.7;eor
  3018;20050901;20050930;   9;   2;    53.7;      0;      0;   18.3;eor
  3018;20051001;20051031;   9;   2;    50.3;      0;      0;   36.0;eor
  3018;20051101;20051130;   9;   2;    81.7;     37;    114;   18.0;eor
  3018;20051201;20051231;   9;   2;   108.2;     36;    178;   18.5;eor
