STATIONS_ID; MESS_DATUM_BEGINN; MESS_DATUM_ENDE; QUALITAETS_NIVEAU; ART; NIEDERSCHLAGSHOEHE;NEUSCHNEEHOEHE;SCHNEEHOEHE; max(NIEDERSCHLAGSHOEHE);eor
  5363;19810701;19810731;  10;   2;    67.7;      0;      0;   13.8;eor
  5363;19810801;19810831;  10;   2;    56.1;      0;      0;   28.0;eor
  5363;19810901;19810930;  10;   2;    41.3;      0;      0;   15.5;eor
  5363;19811001;19811031;  10;   2;   114.9;      0;      0;   20.7;eor
  5363;19811101;19811130;  10;   2;    95.0;      1;      1;   22.6;eor
  5363;19811201;19811231;  10;   2;   147.1;     72;    487;   37.8;eor
  5363;19820101;19820131;  10;   2;   101.7;     24;    351;   18.9;eor
  5363;19820201;19820228;  10;   2;    13.3;      7;     27;    5.7;eor
  5363;19820301;19820331;  10;   2;    62.1;      2;      2;   18.0;eor
  5363;19820401;19820430;  10;   2;    65.7;      0;      0;   22.7;eor
  5363;19820501;19820531;  10;   2;    44.2;      0;      0;   11.7;eor
  5363;19820601;19820630;  10;   2;    86.8;      0;      0;   22.3;eor
  5363;19820701;19820731;  10;   2;    78.2;      0;      0;   22.9;eor
  5363;19820801;19820831;  10;   2;    42.7;      0;      0;   13.7;eor
  5363;19820901;19820930;  10;   2;    17.2;      0;      0;    4.4;eor
  5363;19821001;19821031;  10;   2;   168.0;      0;      0;   69.8;eor
  5363;19821101;19821130;  10;   2;    36.6;      3;      3;    7.1;eor
  5363;19821201;19821231;  10;   2;   108.5;     14;     25;   15.4;eor
  5363;19830101;19830131;  10;   2;   121.7;     21;     31;   21.1;eor
  5363;19830201;19830228;  10;   2;    47.1;     26;    160;   10.3;eor
  5363;19830301;19830331;  10;   2;    65.9;     10;     10;   10.1;eor
  5363;19830401;19830430;  10;   2;   117.5;      0;      0;   17.5;eor
  5363;19830501;19830531;  10;   2;   118.0;      0;      0;   27.3;eor
  5363;19830601;19830630;  10;   2;    67.6;      0;      0;   16.9;eor
  5363;19830701;19830731;  10;   2;    15.3;      0;      0;   12.6;eor
  5363;19830801;19830831;  10;   2;    46.9;      0;      0;   11.4;eor
  5363;19830901;19830930;  10;   2;    73.9;      0;      0;   15.3;eor
  5363;19831001;19831031;  10;   2;    36.4;      0;      0;    6.2;eor
  5363;19831101;19831130;  10;   2;    64.8;      2;      2;   25.9;eor
  5363;19831201;19831231;  10;   2;    45.4;      6;     46;   13.9;eor
  5363;19840101;19840131;  10;   2;   142.9;     40;    174;   25.1;eor
  5363;19840201;19840229;  10;   2;    86.9;     15;     73;   36.2;eor
  5363;19840301;19840331;  10;   2;    28.3;      1;      1;   11.3;eor
  5363;19840401;19840430;  10;   2;    31.8;      8;     11;   14.2;eor
  5363;19840501;19840531;  10;   2;   126.5;      0;      0;   21.7;eor
  5363;19840601;19840630;  10;   2;    64.0;      0;      0;   16.6;eor
  5363;19840701;19840731;  10;   2;    96.0;      0;      0;   27.1;eor
  5363;19840801;19840831;  10;   2;    50.7;      0;      0;   24.9;eor
  5363;19840901;19840930;  10;   2;   107.0;      0;      0;   18.7;eor
  5363;19841001;19841031;  10;   2;    55.3;      0;      0;   19.8;eor
  5363;19841101;19841130;  10;   2;    70.7;      0;      0;   29.6;eor
  5363;19841201;19841231;  10;   2;    34.9;      0;      0;    7.9;eor
  5363;19850101;19850131;  10;   2;    49.0;     35;    425;    7.1;eor
  5363;19850201;19850228;  10;   2;    18.7;     15;    172;    9.1;eor
  5363;19850301;19850331;  10;   2;    37.8;      8;     12;    7.5;eor
  5363;19850401;19850430;  10;   2;    56.5;      0;      0;   13.1;eor
  5363;19850501;19850531;  10;   2;    84.9;      0;      0;   39.9;eor
  5363;19850601;19850630;  10;   2;    91.3;      0;      0;   14.4;eor
  5363;19850701;19850731;  10;   2;    59.6;      0;      0;   13.2;eor
  5363;19850801;19850831;  10;   2;    70.7;      0;      0;   30.6;eor
  5363;19850901;19850930;  10;   2;    34.2;      0;      0;   11.6;eor
  5363;19851001;19851031;  10;   2;    14.4;      0;      0;    3.3;eor
  5363;19851101;19851130;  10;   2;    68.4;     21;     76;   13.1;eor
  5363;19851201;19851231;  10;   2;    50.2;     10;     79;    8.4;eor
  5363;19860101;19860131;  10;   2;   136.7;     43;    222;   23.6;eor
  5363;19860201;19860228;  10;   2;    10.1;     10;     89;    7.7;eor
  5363;19860301;19860331;  10;   2;   114.4;      0;     11;   23.7;eor
  5363;19860401;19860430;  10;   2;    50.8;      0;      0;    9.7;eor
  5363;19860501;19860531;  10;   2;    75.3;      0;      0;   18.0;eor
  5363;19860601;19860630;  10;   2;    82.2;      0;      0;   19.8;eor
  5363;19860701;19860731;  10;   2;    43.4;      0;      0;   11.1;eor
  5363;19860801;19860831;  10;   2;   115.8;      0;      0;   27.0;eor
  5363;19860901;19860930;  10;   2;    80.8;      0;      0;   23.8;eor
  5363;19861001;19861031;  10;   2;   103.5;      0;      0;   29.1;eor
  5363;19861101;19861130;  10;   2;    26.3;      0;      0;    6.7;eor
  5363;19861201;19861231;  10;   2;   109.1;     21;     62;   27.8;eor
  5363;19870101;19870131;  10;   2;    56.1;     34;    152;   22.0;eor
  5363;19870201;19870228;  10;   2;    58.0;     10;     81;   12.5;eor
  5363;19870301;19870331;  10;   2;    99.1;     11;     26;   23.6;eor
  5363;19870401;19870430;  10;   2;    28.4;      0;      0;    9.7;eor
  5363;19870501;19870531;  10;   2;    85.7;      0;      0;   14.4;eor
  5363;19870601;19870630;  10;   2;   118.8;      0;      0;   22.1;eor
  5363;19870701;19870731;  10;   2;    83.5;      0;      0;   29.9;eor
  5363;19870801;19870831;  10;   2;    46.9;      0;      0;   11.3;eor
  5363;19870901;19870930;  10;   2;    68.0;      0;      0;   20.5;eor
  5363;19871001;19871031;  10;   2;    53.3;      0;      0;   10.2;eor
  5363;19871101;19871130;  10;   2;    69.1;      0;      0;   10.7;eor
  5363;19871201;19871231;  10;   2;    70.5;      0;      0;   20.4;eor
  5363;19880101;19880131;  10;   2;    98.3;      3;      5;   22.5;eor
  5363;19880201;19880229;  10;   2;   119.2;     21;     55;   16.4;eor
  5363;19880301;19880331;  10;   2;   168.1;     30;    148;   20.7;eor
  5363;19880401;19880430;  10;   2;    36.4;      0;      0;   19.8;eor
  5363;19880501;19880531;  10;   2;    32.1;      0;      0;    8.3;eor
  5363;19880601;19880630;  10;   2;    22.2;      0;      0;    9.2;eor
  5363;19880701;19880731;  10;   2;    68.3;      0;      0;   18.5;eor
  5363;19880801;19880831;  10;   2;    39.6;      0;      0;   12.7;eor
  5363;19880901;19880930;  10;   2;    58.3;      0;      0;   19.9;eor
  5363;19881001;19881031;  10;   2;    65.7;      0;      0;   29.0;eor
  5363;19881101;19881130;  10;   2;    65.9;     16;     35;   20.7;eor
  5363;19881201;19881231;  10;   2;   129.8;      2;      2;   21.5;eor
  5363;19890101;19890131;  10;   2;    48.5;      4;      4;   15.6;eor
  5363;19890201;19890228;  10;   2;    48.7;      0;      0;    9.1;eor
  5363;19890301;19890331;  10;   2;    77.8;      0;      0;   15.9;eor
  5363;19890401;19890430;  10;   2;   115.4;      0;      0;   44.9;eor
  5363;19890501;19890531;  10;   2;    56.4;      0;      0;   22.5;eor
  5363;19890601;19890630;  10;   2;    68.4;      0;      0;   19.2;eor
  5363;19890701;19890731;  10;   2;    62.6;      0;      0;   21.4;eor
  5363;19890801;19890831;  10;   2;    49.8;      0;      0;   13.1;eor
  5363;19890901;19890930;  10;   2;    49.5;      0;      0;   15.4;eor
  5363;19891001;19891031;  10;   2;    71.1;      0;      0;   13.9;eor
  5363;19891101;19891130;  10;   2;    52.2;      0;      0;   31.5;eor
  5363;19891201;19891231;  10;   2;   153.4;      0;      0;   28.8;eor
  5363;19900101;19900131;  10;   2;    42.4;      0;      0;   16.5;eor
  5363;19900201;19900228;  10;   2;   134.7;     18;     30;   32.8;eor
  5363;19900301;19900331;  10;   2;    24.5;      4;      4;    5.1;eor
  5363;19900401;19900430;  10;   2;    39.9;      0;      0;    8.2;eor
  5363;19900501;19900531;  10;   2;     9.9;      0;      0;    6.1;eor
  5363;19900601;19900630;  10;   2;    85.9;      0;      0;   19.3;eor
  5363;19900701;19900731;  10;   2;    42.3;      0;      0;   13.1;eor
  5363;19900801;19900831;  10;   2;    66.8;      0;      0;   20.3;eor
  5363;19900901;19900930;  10;   2;    93.5;      0;      0;   38.2;eor
  5363;19901001;19901031;  10;   2;    65.0;      0;      0;   35.1;eor
  5363;19901101;19901130;  10;   2;   138.3;      0;      0;   45.3;eor
  5363;19901201;19901231;  10;   2;    95.3;     22;     70;   17.1;eor
  5363;19910101;19910131;  10;   2;    71.0;   -999;   -999;   16.1;eor
  5363;19910201;19910228;  10;   2;    24.3;   -999;   -999;    7.6;eor
  5363;19910301;19910331;  10;   2;    33.5;   -999;   -999;   14.1;eor
  5363;19910401;19910430;  10;   2;    35.9;   -999;   -999;   23.5;eor
  5363;19910501;19910531;  10;   2;    12.3;   -999;   -999;    6.7;eor
  5363;19910601;19910630;  10;   2;    88.3;   -999;   -999;   16.2;eor
  5363;19910701;19910731;  10;   2;    48.5;   -999;   -999;   16.3;eor
  5363;19910801;19910831;  10;   2;    31.5;   -999;   -999;   18.5;eor
  5363;19910901;19910930;  10;   2;    26.3;   -999;   -999;    7.9;eor
  5363;19911001;19911031;  10;   2;    29.0;   -999;   -999;    7.5;eor
  5363;19911101;19911130;  10;   2;    91.0;   -999;   -999;   16.3;eor
  5363;19911201;19911231;  10;   2;    86.7;   -999;   -999;   22.5;eor
  5363;19920101;19920131;  10;   2;    29.2;   -999;   -999;   12.9;eor
  5363;19920201;19920229;  10;   2;    30.5;   -999;   -999;    5.3;eor
  5363;19920301;19920331;  10;   2;   114.0;   -999;   -999;   23.6;eor
  5363;19920401;19920430;  10;   2;    34.8;   -999;   -999;   10.5;eor
  5363;19920501;19920531;  10;   2;    33.5;   -999;   -999;   11.6;eor
  5363;19920601;19920630;  10;   2;   164.7;   -999;   -999;   25.5;eor
  5363;19920701;19920731;  10;   2;    95.5;   -999;   -999;   28.3;eor
  5363;19920801;19920831;  10;   2;    99.7;   -999;   -999;   28.2;eor
  5363;19920901;19920930;  10;   2;    29.1;   -999;   -999;   11.8;eor
  5363;19921001;19921031;  10;   2;    78.6;   -999;   -999;   25.7;eor
  5363;19921101;19921130;  10;   2;    91.2;   -999;   -999;   16.2;eor
  5363;19921201;19921231;  10;   2;    62.9;   -999;   -999;   10.5;eor
  5363;19930101;19930131;  10;   2;   106.6;   -999;   -999;   12.8;eor
  5363;19930201;19930228;  10;   2;    14.7;   -999;   -999;    8.2;eor
  5363;19930301;19930331;  10;   2;    18.2;   -999;   -999;    7.1;eor
  5363;19930401;19930430;  10;   2;    46.8;   -999;   -999;   10.4;eor
  5363;19930501;19930531;  10;   2;    65.9;   -999;   -999;   14.1;eor
  5363;19930601;19930630;  10;   2;    61.1;   -999;   -999;   32.1;eor
  5363;19930701;19930731;  10;   2;    80.1;   -999;   -999;   11.2;eor
  5363;19930801;19930831;  10;   2;    28.1;   -999;   -999;   10.1;eor
  5363;19930901;19930930;  10;   2;    39.5;   -999;   -999;   11.8;eor
  5363;19931001;19931031;  10;   2;    60.8;   -999;   -999;   26.9;eor
  5363;19931101;19931130;  10;   2;    36.2;   -999;   -999;   12.6;eor
  5363;19931201;19931231;  10;   2;   220.1;   -999;   -999;   57.2;eor
  5363;19940101;19940131;  10;   2;   116.6;   -999;   -999;   15.0;eor
  5363;19940201;19940228;  10;   2;    42.8;   -999;   -999;    6.4;eor
  5363;19940301;19940331;  10;   2;   106.5;   -999;   -999;   15.2;eor
  5363;19940401;19940430;  10;   2;    90.5;   -999;   -999;   15.9;eor
  5363;19940501;19940531;  10;   2;    42.1;   -999;   -999;   13.4;eor
  5363;19940601;19940630;  10;   2;    44.4;   -999;   -999;   13.9;eor
  5363;19940701;19940731;  10;   2;   127.2;   -999;   -999;   67.2;eor
  5363;19940801;19940831;  10;   2;    92.1;   -999;   -999;   34.5;eor
  5363;19940901;19940930;  10;   2;    52.8;   -999;   -999;    9.8;eor
  5363;19941001;19941031;  10;   2;    69.3;   -999;   -999;   14.3;eor
  5363;19941101;19941130;  10;   2;    55.3;   -999;   -999;   17.5;eor
  5363;19941201;19941231;  10;   2;    75.3;   -999;   -999;   14.8;eor
  5363;19950101;19950131;  10;   2;   184.0;   -999;   -999;   33.5;eor
  5363;19950201;19950228;  10;   2;    97.6;   -999;   -999;   16.7;eor
  5363;19950301;19950331;  10;   2;   102.1;   -999;   -999;   13.7;eor
  5363;19950401;19950430;  10;   2;    76.3;   -999;   -999;   14.1;eor
  5363;19950501;19950531;  10;   2;    86.3;   -999;   -999;   30.4;eor
  5363;19950601;19950630;  10;   2;    45.0;   -999;   -999;    8.3;eor
  5363;19950701;19950731;  10;   2;   127.7;   -999;   -999;   34.6;eor
  5363;19950801;19950831;  10;   2;    78.3;   -999;   -999;   24.5;eor
  5363;19950901;19950930;  10;   2;    92.0;   -999;   -999;   23.0;eor
  5363;19951001;19951031;  10;   2;    20.3;   -999;   -999;    5.6;eor
  5363;19951101;19951130;  10;   2;    59.5;   -999;   -999;   18.1;eor
  5363;19951201;19951231;  10;   2;    43.5;   -999;   -999;   10.0;eor
  5363;19960101;19960131;  10;   2;     2.2;   -999;   -999;    1.0;eor
  5363;19960201;19960229;  10;   2;    48.2;   -999;   -999;   15.5;eor
  5363;19960301;19960331;  10;   2;    22.1;   -999;   -999;    5.7;eor
  5363;19960401;19960430;  10;   2;    25.6;   -999;   -999;    8.2;eor
  5363;19960501;19960531;  10;   2;   104.1;   -999;   -999;   16.7;eor
  5363;19960601;19960630;  10;   2;    38.1;   -999;   -999;   14.4;eor
  5363;19960701;19960731;  10;   2;   138.8;   -999;   -999;   30.0;eor
  5363;19960801;19960831;  10;   2;    71.5;   -999;   -999;   12.9;eor
  5363;19960901;19960930;  10;   2;    51.3;   -999;   -999;   14.2;eor
  5363;19961001;19961031;  10;   2;    84.5;   -999;   -999;   24.5;eor
  5363;19961101;19961130;  10;   2;    65.2;   -999;   -999;   15.0;eor
  5363;19961201;19961231;  10;   2;    20.8;   -999;   -999;    5.6;eor
  5363;19970101;19970131;  10;   2;    25.0;   -999;   -999;    9.1;eor
  5363;19970201;19970228;  10;   2;   119.7;   -999;   -999;   35.7;eor
  5363;19970301;19970331;  10;   2;    28.8;   -999;   -999;    6.4;eor
  5363;19970401;19970430;  10;   2;    28.1;   -999;   -999;    5.6;eor
  5363;19970501;19970531;  10;   2;    30.0;   -999;   -999;    7.6;eor
  5363;19970601;19970630;  10;   2;   120.2;   -999;   -999;   17.3;eor
  5363;19970701;19970731;  10;   2;    90.0;   -999;   -999;   26.2;eor
  5363;19970801;19970831;  10;   2;    21.0;   -999;   -999;    9.6;eor
  5363;19970901;19970930;  10;   2;    14.4;   -999;   -999;    4.8;eor
