STATIONS_ID; MESS_DATUM_BEGINN; MESS_DATUM_ENDE; QUALITAETS_NIVEAU; ART; NIEDERSCHLAGSHOEHE;NEUSCHNEEHOEHE;SCHNEEHOEHE; max(NIEDERSCHLAGSHOEHE);eor
   606;19500101;19500131;   5;   2;    23.2;   -999;     53;    7.1;eor
   606;19500201;19500228;   5;   2;    46.6;   -999;     21;   13.8;eor
   606;19500301;19500331;   5;   2;    14.6;   -999;     26;    6.0;eor
   606;19500401;19500430;   5;   2;    85.0;   -999;      2;   28.8;eor
   606;19500501;19500531;   5;   2;    48.0;   -999;      0;   13.6;eor
   606;19500601;19500630;   5;   2;    75.1;   -999;      0;   21.8;eor
   606;19500701;19500731;   5;   2;   105.4;   -999;      0;   22.6;eor
   606;19500801;19500831;   5;   2;   144.0;   -999;      0;   24.4;eor
   606;19500901;19500930;   5;   2;   123.9;   -999;      0;   25.6;eor
   606;19501001;19501031;   5;   2;    25.0;   -999;      7;   11.4;eor
   606;19501101;19501130;   5;   2;   116.5;   -999;     17;   28.1;eor
   606;19501201;19501231;   5;   2;    31.8;   -999;    277;    7.0;eor
   606;19510101;19510131;   5;   2;    60.5;   -999;    155;   17.8;eor
   606;19510201;19510228;   5;   2;    68.5;   -999;     26;   19.4;eor
   606;19510301;19510331;   5;   2;    64.3;   -999;     16;   14.7;eor
   606;19510401;19510430;   5;   2;    49.6;   -999;      0;   19.1;eor
   606;19510501;19510531;   5;   2;    61.2;   -999;      0;   20.8;eor
   606;19510601;19510630;   5;   2;   154.9;   -999;      0;   39.8;eor
   606;19510701;19510731;   5;   2;   151.1;   -999;      0;   52.8;eor
   606;19510801;19510831;   5;   2;    77.5;   -999;      0;   19.7;eor
   606;19510901;19510930;   5;   2;    43.1;   -999;      0;   14.4;eor
   606;19511001;19511031;   5;   2;    14.5;   -999;      0;    8.4;eor
   606;19511101;19511130;   5;   2;    43.8;   -999;      0;    7.8;eor
   606;19511201;19511231;   5;   2;    30.6;   -999;     12;    8.7;eor
   606;19520101;19520131;   5;   2;    39.3;   -999;    211;    9.5;eor
   606;19520201;19520229;   5;   2;    37.6;   -999;    692;   11.0;eor
   606;19520301;19520331;   5;   2;    87.6;   -999;      0;   26.0;eor
   606;19520401;19520430;   5;   2;    45.5;   -999;     26;   18.6;eor
   606;19520501;19520531;   5;   2;    80.2;   -999;      0;   29.6;eor
   606;19520601;19520630;   5;   2;    91.9;   -999;      0;   19.7;eor
   606;19520701;19520731;   5;   2;    64.2;   -999;      0;   20.9;eor
   606;19520801;19520831;   5;   2;    51.3;   -999;      0;   10.6;eor
   606;19520901;19520930;   5;   2;    88.1;   -999;      0;   21.6;eor
   606;19521001;19521031;   5;   2;   105.9;   -999;      1;   20.6;eor
   606;19521101;19521130;   5;   2;   133.8;   -999;    158;   22.6;eor
   606;19521201;19521231;   5;   2;    69.8;   -999;     61;   28.9;eor
   606;19530101;19530131;   5;   2;    19.6;   -999;    246;    4.3;eor
   606;19530201;19530228;   5;   2;    37.8;   -999;    310;   15.0;eor
   606;19530301;19530331;   5;   2;     7.3;   -999;      3;    1.9;eor
   606;19530401;19530430;   5;   2;    71.9;   -999;      0;   17.6;eor
   606;19530501;19530531;   5;   2;   100.1;   -999;      0;   35.5;eor
   606;19530601;19530630;   5;   2;   162.3;   -999;      0;   32.0;eor
   606;19530701;19530731;   5;   2;   160.6;   -999;      0;   49.1;eor
   606;19530801;19530831;   5;   2;    24.4;   -999;      0;    7.9;eor
   606;19530901;19530930;   5;   2;    45.6;   -999;      0;    9.8;eor
   606;19531001;19531031;   5;   2;    39.1;   -999;      0;   21.5;eor
   606;19531101;19531130;   5;   2;     7.0;   -999;      0;    5.5;eor
   606;19531201;19531231;   5;   2;    21.7;   -999;     13;    5.7;eor
   606;19540101;19540131;   5;   2;    66.0;   -999;    216;    9.9;eor
   606;19540201;19540228;   5;   2;    40.1;   -999;     34;   15.7;eor
   606;19540301;19540331;   5;   2;    15.2;   -999;      1;    4.1;eor
   606;19540401;19540430;   5;   2;    67.1;   -999;      0;   13.5;eor
   606;19540501;19540531;   5;   2;    81.7;   -999;      0;   15.1;eor
   606;19540601;19540630;   5;   2;   104.8;   -999;      0;   31.1;eor
   606;19540701;19540731;   5;   2;   159.6;   -999;      0;   40.8;eor
   606;19540801;19540831;   5;   2;   135.3;   -999;   -999;   29.7;eor
   606;19540901;19540930;   5;   2;   101.0;   -999;   -999;   31.2;eor
   606;19541001;19541031;   5;   2;    60.1;   -999;   -999;   16.4;eor
   606;19541101;19541130;   5;   2;    25.1;   -999;   -999;    6.3;eor
   606;19541201;19541231;   5;   2;    65.8;   -999;   -999;    9.2;eor
   606;19550101;19550131;   5;   2;   103.4;   -999;   -999;   43.3;eor
   606;19550201;19550228;   5;   2;    54.2;   -999;   -999;   10.5;eor
   606;19550301;19550331;   5;   2;    31.6;   -999;   -999;    9.8;eor
   606;19550401;19550430;   5;   2;    45.4;   -999;   -999;   11.1;eor
   606;19550501;19550531;   5;   2;   112.2;   -999;   -999;   24.5;eor
   606;19550601;19550630;   5;   2;   128.2;   -999;   -999;   47.7;eor
   606;19550701;19550731;   5;   2;   288.1;   -999;   -999;   44.2;eor
   606;19550801;19550831;   5;   2;    48.7;   -999;   -999;    7.1;eor
   606;19550901;19550930;   5;   2;   184.7;   -999;   -999;   53.2;eor
   606;19551001;19551031;   5;   2;    53.8;   -999;   -999;    9.4;eor
   606;19551101;19551130;   5;   2;    12.6;   -999;   -999;    5.9;eor
   606;19551201;19551231;   5;   2;    74.7;   -999;   -999;   10.8;eor
   606;19560101;19560131;   5;   2;    60.4;   -999;   -999;   14.1;eor
   606;19560201;19560229;   5;   2;    30.3;   -999;   -999;    6.1;eor
   606;19560301;19560331;   5;   2;    50.8;   -999;   -999;   15.4;eor
   606;19560401;19560430;   5;   2;    66.7;   -999;   -999;   12.6;eor
   606;19560501;19560531;   5;   2;   117.7;   -999;   -999;   38.8;eor
   606;19560601;19560630;   5;   2;   163.8;   -999;   -999;   31.4;eor
   606;19560701;19560731;   5;   2;   192.7;   -999;   -999;   25.7;eor
   606;19560801;19560831;   5;   2;   114.5;   -999;   -999;   19.2;eor
   606;19560901;19560930;   5;   2;    62.9;   -999;   -999;   19.2;eor
   606;19561001;19561031;   5;   2;   111.1;   -999;   -999;   25.1;eor
   606;19561101;19561130;   5;   2;    55.0;   -999;   -999;   14.6;eor
   606;19561201;19561231;   5;   2;    23.6;   -999;   -999;    5.0;eor
   606;19570101;19570131;   5;   2;    43.5;   -999;   -999;    7.1;eor
   606;19570201;19570228;   5;   2;   107.5;   -999;   -999;   39.9;eor
   606;19570301;19570331;   5;   2;    63.0;   -999;   -999;   18.2;eor
   606;19570401;19570430;   5;   2;    71.6;   -999;   -999;   18.2;eor
   606;19570501;19570531;   5;   2;    84.8;   -999;   -999;   42.8;eor
   606;19570601;19570630;   5;   2;   189.1;   -999;   -999;   34.9;eor
   606;19570701;19570731;   5;   2;   183.6;   -999;   -999;   25.9;eor
   606;19570801;19570831;   5;   2;    83.9;   -999;   -999;   33.8;eor
   606;19570901;19570930;   5;   2;    83.7;   -999;   -999;   12.9;eor
   606;19571001;19571031;   5;   2;    21.5;   -999;   -999;    6.2;eor
   606;19571101;19571130;   5;   2;    25.3;   -999;   -999;   19.9;eor
   606;19571201;19571231;   5;   2;    28.1;   -999;   -999;    7.4;eor
   606;19580101;19580131;   5;   2;    60.9;   -999;   -999;   19.1;eor
   606;19580201;19580228;   5;   2;   141.2;   -999;   -999;   26.3;eor
   606;19580301;19580331;   5;   2;    23.6;   -999;   -999;    8.7;eor
   606;19580401;19580430;   5;   2;    72.4;   -999;   -999;   16.1;eor
   606;19580501;19580531;   5;   2;    59.2;   -999;   -999;   20.9;eor
   606;19580601;19580630;   5;   2;   123.5;   -999;   -999;   25.6;eor
   606;19580701;19580731;   5;   2;   212.5;   -999;   -999;   39.2;eor
   606;19580801;19580831;   5;   2;   100.6;   -999;   -999;   32.6;eor
   606;19580901;19580930;   5;   2;    83.6;   -999;   -999;   29.4;eor
   606;19581001;19581031;   5;   2;   166.6;   -999;   -999;   20.9;eor
   606;19581101;19581130;   5;   2;    51.7;   -999;   -999;   14.1;eor
   606;19581201;19581231;   5;   2;    72.1;   -999;   -999;   29.2;eor
   606;19590101;19590131;   5;   2;    77.2;   -999;   -999;   17.7;eor
   606;19590201;19590228;   5;   2;     7.3;   -999;   -999;    5.1;eor
   606;19590301;19590331;   5;   2;    67.0;   -999;   -999;   28.9;eor
   606;19590401;19590430;   5;   2;    57.8;   -999;   -999;   17.9;eor
   606;19590501;19590531;   5;   2;   133.5;   -999;   -999;   86.2;eor
   606;19590601;19590630;   5;   2;   170.0;   -999;   -999;   42.2;eor
   606;19590701;19590731;   5;   2;   130.0;   -999;   -999;   38.2;eor
   606;19590801;19590831;   5;   2;   103.7;   -999;   -999;   27.8;eor
   606;19590901;19590930;   5;   2;    35.1;   -999;   -999;   17.6;eor
   606;19591001;19591031;   5;   2;    88.2;   -999;   -999;   38.3;eor
   606;19591101;19591130;   5;   2;    59.9;   -999;   -999;   21.2;eor
   606;19591201;19591231;   5;   2;    45.5;   -999;   -999;    7.8;eor
   606;19600101;19600131;   5;   2;    45.8;   -999;   -999;   12.4;eor
   606;19600201;19600229;   5;   2;    60.1;   -999;   -999;   17.1;eor
   606;19600301;19600331;   5;   2;    71.8;   -999;   -999;   13.2;eor
   606;19600401;19600430;   5;   2;    70.8;   -999;   -999;   17.0;eor
   606;19600501;19600531;   5;   2;   141.7;   -999;   -999;   29.4;eor
   606;19600601;19600630;   5;   2;   120.4;   -999;   -999;   56.4;eor
   606;19600701;19600731;   5;   2;   132.8;   -999;   -999;   26.3;eor
   606;19600801;19600831;   5;   2;   133.9;   -999;   -999;   41.6;eor
   606;19600901;19600930;   5;   2;    65.5;   -999;   -999;   17.3;eor
   606;19601001;19601031;   5;   2;   128.3;   -999;   -999;   30.0;eor
   606;19601101;19601130;   5;   2;    46.8;   -999;   -999;    9.4;eor
   606;19601201;19601231;   5;   2;    61.3;   -999;   -999;   13.4;eor
   606;19610101;19610131;   5;   2;    34.7;     13;    176;    8.1;eor
   606;19610201;19610228;   5;   2;    40.3;      3;      4;   12.7;eor
   606;19610301;19610331;   5;   2;    47.0;      5;      5;   12.4;eor
   606;19610401;19610430;   5;   2;    78.8;      0;      0;   28.5;eor
   606;19610501;19610531;   5;   2;   155.1;      0;      0;   25.6;eor
   606;19610601;19610630;   5;   2;   109.7;      0;      0;   20.0;eor
   606;19610701;19610731;   5;   2;   106.2;      0;      0;   18.9;eor
   606;19610801;19610831;   5;   2;   110.3;      0;      0;   19.4;eor
   606;19610901;19610930;   5;   2;    52.0;      0;      0;   18.8;eor
   606;19611001;19611031;   5;   2;    45.1;      0;      0;   31.3;eor
   606;19611101;19611130;   5;   2;    29.4;      5;      5;    5.9;eor
   606;19611201;19611231;   5;   2;    81.8;      8;     63;   21.2;eor
   606;19620101;19620131;   5;   2;   117.3;     48;    432;   64.1;eor
   606;19620201;19620228;   5;   2;    41.5;     13;     39;   11.9;eor
   606;19620301;19620331;   5;   2;    48.4;      5;     12;   11.6;eor
   606;19620401;19620430;   5;   2;    40.7;      6;      6;   13.7;eor
   606;19620501;19620531;   5;   2;   166.6;      0;      0;   38.1;eor
   606;19620601;19620630;   5;   2;    75.2;      0;      0;   34.2;eor
   606;19620701;19620731;   5;   2;    79.8;      0;      0;   22.8;eor
   606;19620801;19620831;   5;   2;    91.1;      0;      0;   20.4;eor
   606;19620901;19620930;   5;   2;    68.3;      0;      0;   29.5;eor
   606;19621001;19621031;   5;   2;    19.6;      0;      0;    8.1;eor
   606;19621101;19621130;   5;   2;    23.6;      8;     46;    8.6;eor
   606;19621201;19621231;   5;   2;    83.1;     18;    195;   13.6;eor
   606;19630101;19630131;   5;   2;    28.5;     17;    364;    5.3;eor
   606;19630201;19630228;   5;   2;    25.3;     16;    749;   11.3;eor
   606;19630301;19630331;   5;   2;   106.7;      5;    231;   32.3;eor
   606;19630401;19630430;   5;   2;    96.7;      8;     26;   29.6;eor
   606;19630501;19630531;   5;   2;   163.9;      0;      0;   39.3;eor
   606;19630601;19630630;   5;   2;   173.3;      0;      0;   40.2;eor
   606;19630701;19630731;   5;   2;   156.6;      0;      0;   70.8;eor
   606;19630801;19630831;   5;   2;   171.4;      0;      0;   35.0;eor
   606;19630901;19630930;   5;   2;   112.1;      0;      0;   31.6;eor
   606;19631001;19631031;   5;   2;    34.6;      0;      0;   11.4;eor
   606;19631101;19631130;   5;   2;   108.8;      0;      0;   30.7;eor
   606;19631201;19631231;   5;   2;    13.7;      7;     67;    6.3;eor
   606;19640101;19640131;   5;   2;    32.1;     19;    129;   11.5;eor
   606;19640201;19640229;   5;   2;    31.6;      7;     38;    5.7;eor
   606;19640301;19640331;   5;   2;   132.4;     22;     51;   37.4;eor
   606;19640401;19640430;   5;   2;    69.0;      0;      0;   16.8;eor
   606;19640501;19640531;   5;   2;    90.2;      0;      0;   25.4;eor
   606;19640601;19640630;   5;   2;    74.4;      0;      0;   24.3;eor
   606;19640701;19640731;   5;   2;    24.0;      0;      0;   15.7;eor
   606;19640801;19640831;   5;   2;   105.6;      0;      0;   27.2;eor
   606;19640901;19640930;   5;   2;    59.8;      0;      0;   17.9;eor
   606;19641001;19641031;   5;   2;    79.5;      0;      0;   12.6;eor
   606;19641101;19641130;   5;   2;    69.3;     10;     13;   16.1;eor
   606;19641201;19641231;   5;   2;    33.5;     21;    187;    8.4;eor
   606;19650101;19650131;   5;   2;    52.3;     16;     69;    8.7;eor
   606;19650201;19650228;   5;   2;    50.1;     43;    676;    7.2;eor
   606;19650301;19650331;   5;   2;    58.4;     17;    572;   11.2;eor
   606;19650401;19650430;   5;   2;   182.7;     15;     29;   30.5;eor
   606;19650501;19650531;   5;   2;   198.1;      0;      0;   34.0;eor
   606;19650601;19650630;   5;   2;   220.3;      0;      0;   39.2;eor
   606;19650701;19650731;   5;   2;   148.2;      0;      0;   20.8;eor
   606;19650801;19650831;   5;   2;    74.6;      0;      0;   24.3;eor
   606;19650901;19650930;   5;   2;   133.4;      0;      0;   26.3;eor
   606;19651001;19651031;   5;   2;     8.8;      0;      0;    3.8;eor
   606;19651101;19651130;   5;   2;   115.6;      9;     24;   36.5;eor
   606;19651201;19651231;   5;   2;   113.5;     15;     25;   18.2;eor
   606;19660101;19660131;   5;   2;    51.1;     18;    172;   11.0;eor
   606;19660201;19660228;   5;   2;   109.4;      0;      0;   37.4;eor
   606;19660301;19660331;   5;   2;    52.1;     12;     14;    9.3;eor
   606;19660401;19660430;   5;   2;   102.9;      0;      0;   30.4;eor
   606;19660501;19660531;   5;   2;   121.8;      0;      0;   25.2;eor
   606;19660601;19660630;   5;   2;   156.3;      0;      0;   23.1;eor
   606;19660701;19660731;   5;   2;   171.3;      0;      0;   35.3;eor
   606;19660801;19660831;   5;   2;   153.5;      0;      0;   26.8;eor
   606;19660901;19660930;   5;   2;    19.9;      0;      0;    6.5;eor
   606;19661001;19661031;   5;   2;   142.7;      0;      0;   29.5;eor
   606;19661101;19661130;   5;   2;    52.4;     30;     50;   18.0;eor
   606;19661201;19661231;   5;   2;    65.3;     20;     62;   19.9;eor
   606;19670101;19670131;   5;   2;    58.3;     12;     45;   17.5;eor
   606;19670201;19670228;   5;   2;    26.0;      4;      5;   10.6;eor
   606;19670301;19670331;   5;   2;    69.1;      2;      2;    7.5;eor
   606;19670401;19670430;   5;   2;    51.9;      1;      1;   10.3;eor
   606;19670501;19670531;   5;   2;   137.5;      0;      0;   24.2;eor
   606;19670601;19670630;   5;   2;   135.9;      0;      0;   31.6;eor
   606;19670701;19670731;   5;   2;   134.0;      0;      0;   48.3;eor
   606;19670801;19670831;   5;   2;    81.8;      0;      0;   14.3;eor
   606;19670901;19670930;   5;   2;   145.7;      0;      0;   36.5;eor
   606;19671001;19671031;   5;   2;    25.9;      0;      0;    7.1;eor
   606;19671101;19671130;   5;   2;    34.7;      1;      1;   18.8;eor
   606;19671201;19671231;   5;   2;    59.0;     23;     97;   21.2;eor
   606;19680101;19680131;   5;   2;    85.3;     47;    257;   15.9;eor
   606;19680201;19680229;   5;   2;    40.4;      4;      6;   10.7;eor
   606;19680301;19680331;   5;   2;    35.8;     13;     13;    6.9;eor
   606;19680401;19680430;   5;   2;    62.0;      0;      0;   26.0;eor
   606;19680501;19680531;   5;   2;    63.1;      0;      0;   15.8;eor
   606;19680601;19680630;   5;   2;   143.1;      0;      0;   17.9;eor
   606;19680701;19680731;   5;   2;    86.3;      0;      0;   20.5;eor
   606;19680801;19680831;   5;   2;   254.1;      0;      0;   59.2;eor
   606;19680901;19680930;   5;   2;   161.2;      0;      0;   69.3;eor
   606;19681001;19681031;   5;   2;    58.6;      0;      0;   25.1;eor
   606;19681101;19681130;   5;   2;    22.6;   -999;   -999;    7.8;eor
   606;19681201;19681231;   5;   2;    28.9;   -999;   -999;    6.0;eor
   606;19690101;19690131;   5;   2;    32.9;   -999;   -999;    8.6;eor
   606;19690201;19690228;   5;   2;    36.6;     22;    174;    9.5;eor
   606;19690301;19690331;   5;   2;    50.9;     15;     28;   17.1;eor
   606;19690401;19690430;   5;   2;    39.4;      3;      3;    6.6;eor
   606;19690501;19690531;   5;   2;    60.0;      0;      0;   25.8;eor
   606;19690601;19690630;   5;   2;   214.3;      0;      0;   42.7;eor
   606;19690701;19690731;   5;   2;   163.6;      0;      0;   74.6;eor
   606;19690801;19690831;   5;   2;   180.6;      0;      0;   32.8;eor
   606;19690901;19690930;   5;   2;    30.6;      0;      0;   22.4;eor
   606;19691001;19691031;   5;   2;     6.1;      0;      0;    5.0;eor
   606;19691101;19691130;   5;   2;    81.9;     22;     82;   15.6;eor
   606;19691201;19691231;   5;   2;    57.6;     30;    732;   16.1;eor
   606;19700101;19700131;   5;   2;    44.1;      9;    686;   20.6;eor
   606;19700201;19700228;   5;   2;   117.1;     48;    162;   14.2;eor
   606;19700301;19700331;   5;   2;    53.5;     14;    114;   12.8;eor
   606;19700401;19700430;   5;   2;   123.2;     25;     32;   16.0;eor
   606;19700501;19700531;   5;   2;   144.8;      0;      0;   20.3;eor
   606;19700601;19700630;   5;   2;   121.3;      0;      0;   31.8;eor
   606;19700701;19700731;   5;   2;    88.2;      0;      0;   15.9;eor
   606;19700801;19700831;   5;   2;   312.7;      0;      0;   52.6;eor
   606;19700901;19700930;   5;   2;    60.6;      0;      0;   21.0;eor
   606;19701001;19701031;   5;   2;    63.1;      0;      0;   19.6;eor
   606;19701101;19701130;   5;   2;    54.3;      0;      0;   12.7;eor
   606;19701201;19701231;   5;   2;    26.1;   -999;   -999;    5.7;eor
   606;19710101;19710131;   5;   2;    12.0;      0;    100;    5.2;eor
   606;19710201;19710228;   5;   2;    44.9;     30;     70;    8.1;eor
   606;19710301;19710331;   5;   2;    33.7;     26;    123;    7.5;eor
   606;19710401;19710430;   5;   2;    53.9;      0;      0;   19.7;eor
   606;19710501;19710531;   5;   2;   120.2;      0;      0;   39.4;eor
   606;19710601;19710630;   5;   2;   167.3;      0;      0;   57.1;eor
   606;19710701;19710731;   5;   2;   130.6;      0;      0;   41.6;eor
   606;19710801;19710831;   5;   2;   103.2;      0;      0;   14.1;eor
   606;19710901;19710930;   5;   2;    66.5;      0;      0;   21.8;eor
   606;19711001;19711031;   5;   2;    20.7;      0;      0;   14.7;eor
   606;19711101;19711130;   5;   2;    80.1;      6;      9;   17.3;eor
   606;19711201;19711231;   5;   2;    23.9;      1;      1;   10.2;eor
   606;19720101;19720131;   5;   2;    28.7;     20;    110;   13.2;eor
   606;19720201;19720229;   5;   2;     4.3;      0;     40;    2.5;eor
   606;19720301;19720331;   5;   2;    23.0;      0;      0;   10.8;eor
   606;19720401;19720430;   5;   2;   107.9;      0;      0;   20.1;eor
   606;19720501;19720531;   5;   2;    34.7;      0;      0;    6.1;eor
   606;19720601;19720630;   5;   2;   102.7;      0;      0;   15.3;eor
   606;19720701;19720731;   5;   2;   111.4;      0;      0;   36.7;eor
   606;19720801;19720831;   5;   2;    50.3;      0;      0;   12.7;eor
   606;19720901;19720930;   5;   2;    14.5;      0;      0;    5.4;eor
   606;19721001;19721031;   5;   2;    42.0;      0;      0;   15.3;eor
   606;19721101;19721130;   5;   2;   140.1;     10;     10;   34.0;eor
   606;19721201;19721231;   5;   2;    13.7;      3;      3;    6.0;eor
   606;19730101;19730131;   5;   2;    24.1;      7;     47;    7.3;eor
   606;19730201;19730228;   5;   2;    31.0;     30;    116;    4.4;eor
   606;19730301;19730331;   5;   2;    40.0;     13;     89;    8.8;eor
   606;19730401;19730430;   5;   2;    70.9;     28;     70;   14.9;eor
   606;19730501;19730531;   5;   2;    42.7;      0;      0;   10.6;eor
   606;19730601;19730630;   5;   2;   155.1;      0;      0;   44.8;eor
   606;19730701;19730731;   5;   2;   133.8;      0;      0;   27.6;eor
   606;19730801;19730831;   5;   2;    80.0;      0;      0;   25.1;eor
   606;19730901;19730930;   5;   2;    60.8;      0;      0;   19.1;eor
   606;19731001;19731031;   5;   2;   145.0;      0;      0;   66.8;eor
   606;19731101;19731130;   5;   2;    58.3;     12;     28;   18.4;eor
   606;19731201;19731231;   5;   2;    32.4;     17;    115;    6.8;eor
   606;19740101;19740131;   5;   2;    30.7;      0;     18;   13.2;eor
   606;19740201;19740228;   5;   2;    44.8;     13;     41;   12.7;eor
   606;19740301;19740331;   5;   2;    22.5;      4;      5;    5.8;eor
   606;19740401;19740430;   5;   2;    40.9;      0;      0;   10.2;eor
   606;19740501;19740531;   5;   2;    97.1;      0;      0;   19.7;eor
   606;19740601;19740630;   5;   2;   103.0;      0;      0;   27.5;eor
   606;19740701;19740731;   5;   2;   116.6;      0;      0;   23.6;eor
   606;19740801;19740831;   5;   2;   116.6;      0;      0;   31.0;eor
   606;19740901;19740930;   5;   2;    65.8;      0;      0;   20.2;eor
   606;19741001;19741031;   5;   2;   101.2;      0;      0;   15.5;eor
   606;19741101;19741130;   5;   2;    67.1;      2;      2;   14.5;eor
   606;19741201;19741231;   5;   2;    66.4;     11;     18;   12.8;eor
   606;19750101;19750131;   5;   2;    37.6;      0;      0;    7.4;eor
   606;19750201;19750228;   5;   2;    19.3;      6;     12;   10.9;eor
   606;19750301;19750331;   5;   2;    52.9;     32;     49;   10.8;eor
   606;19750401;19750430;   5;   2;    76.4;     27;     40;   31.4;eor
   606;19750501;19750531;   5;   2;    87.8;      0;      0;   21.3;eor
   606;19750601;19750630;   5;   2;   123.8;      0;      0;   28.7;eor
   606;19750701;19750731;   5;   2;   120.0;      0;      0;   32.6;eor
   606;19750801;19750831;   5;   2;   322.6;      0;      0;   73.4;eor
   606;19750901;19750930;   5;   2;    61.8;      0;      0;   22.0;eor
   606;19751001;19751031;   5;   2;    76.9;      0;      0;   32.1;eor
   606;19751101;19751130;   5;   2;    71.7;     20;     53;   24.4;eor
   606;19751201;19751231;   5;   2;    15.9;     18;    120;    9.2;eor
   606;19760101;19760131;   5;   2;    37.0;     22;     69;    5.8;eor
   606;19760201;19760229;   5;   2;    26.2;      5;     73;    9.2;eor
   606;19760301;19760331;   5;   2;    14.8;      4;      4;    6.6;eor
   606;19760401;19760430;   5;   2;    75.5;      5;      8;   20.8;eor
   606;19760501;19760531;   5;   2;   104.0;      0;      0;   27.9;eor
   606;19760601;19760630;   5;   2;    84.3;      0;      0;   64.3;eor
   606;19760701;19760731;   5;   2;   168.4;      0;      0;   44.9;eor
   606;19760801;19760831;   5;   2;    80.1;      0;      0;   30.7;eor
   606;19760901;19760930;   5;   2;    97.0;      0;      0;   30.1;eor
   606;19761001;19761031;   5;   2;    33.1;      0;      0;   11.5;eor
   606;19761101;19761130;   5;   2;    41.8;      3;      3;   10.0;eor
   606;19761201;19761231;   5;   2;    41.7;     33;    257;    9.2;eor
   606;19770101;19770131;   5;   2;    34.3;     21;    305;    5.1;eor
   606;19770201;19770228;   5;   2;    78.3;      1;      1;   12.9;eor
   606;19770301;19770331;   5;   2;    40.5;      4;      4;   12.5;eor
   606;19770401;19770430;   5;   2;    99.8;     11;     15;   17.7;eor
   606;19770501;19770531;   5;   2;    23.1;      0;      0;    9.1;eor
   606;19770601;19770630;   5;   2;    91.5;      0;      0;   31.7;eor
   606;19770701;19770731;   5;   2;   150.9;      0;      0;   55.9;eor
   606;19770801;19770831;   5;   2;   103.7;      0;      0;   28.6;eor
   606;19770901;19770930;   5;   2;    62.5;      0;      0;   23.3;eor
   606;19771001;19771031;   5;   2;    36.5;      0;      0;   12.5;eor
   606;19771101;19771130;   5;   2;    56.0;      9;     18;    9.9;eor
   606;19771201;19771231;   5;   2;    32.6;      4;     22;   11.4;eor
   606;19780101;19780131;   5;   2;    29.7;     16;     70;    5.6;eor
   606;19780201;19780228;   5;   2;    84.8;     85;    543;   24.0;eor
   606;19780301;19780331;   5;   2;    73.8;      4;     18;   24.2;eor
   606;19780401;19780430;   5;   2;    37.8;      0;      0;   14.9;eor
   606;19780501;19780531;   5;   2;   114.3;      0;      0;   26.0;eor
   606;19780601;19780630;   5;   2;   135.8;      0;      0;   33.2;eor
   606;19780701;19780731;   5;   2;    85.6;      0;      0;   12.9;eor
   606;19780801;19780831;   5;   2;   160.4;      0;      0;   50.8;eor
   606;19780901;19780930;   5;   2;    51.3;      0;      0;   10.2;eor
   606;19781001;19781031;   5;   2;    72.5;      0;      0;   22.2;eor
   606;19781101;19781130;   5;   2;    19.0;     14;     29;    4.4;eor
   606;19781201;19781231;   5;   2;    40.0;      5;     72;   15.6;eor
   606;19790101;19790131;   5;   2;    56.3;     51;    203;   18.1;eor
   606;19790201;19790228;   5;   2;    72.2;     11;     71;   16.3;eor
   606;19790301;19790331;   5;   2;    50.3;      0;      0;    6.9;eor
   606;19790401;19790430;   5;   2;   110.8;     23;     25;   16.9;eor
   606;19790501;19790531;   5;   2;    61.0;      9;     12;   18.0;eor
   606;19790601;19790630;   5;   2;   183.5;      0;      0;   53.4;eor
   606;19790701;19790731;   5;   2;    73.3;      0;      0;   17.6;eor
   606;19790801;19790831;   5;   2;    96.1;      0;      0;   16.8;eor
   606;19790901;19790930;   5;   2;   174.2;      0;      0;   62.2;eor
   606;19791001;19791031;   5;   2;    13.0;      0;      0;    7.1;eor
   606;19791101;19791130;   5;   2;   123.3;      9;     21;   46.6;eor
   606;19791201;19791231;   5;   2;    42.4;     10;     46;    9.2;eor
   606;19800101;19800131;   5;   2;    46.9;     22;    140;   12.8;eor
   606;19800201;19800229;   5;   2;    30.9;      0;      0;   14.7;eor
   606;19800301;19800331;   5;   2;    41.5;      7;      7;   10.5;eor
   606;19800401;19800430;   5;   2;    89.1;     27;     36;   11.2;eor
   606;19800501;19800531;   5;   2;    70.2;      0;      0;   15.1;eor
   606;19800601;19800630;   5;   2;   128.7;      0;      0;   27.4;eor
   606;19800701;19800731;   5;   2;   111.0;      0;      0;   13.9;eor
   606;19800801;19800831;   5;   2;    66.2;      0;      0;   29.3;eor
   606;19800901;19800930;   5;   2;    78.3;      0;      0;   58.1;eor
   606;19801001;19801031;   5;   2;    88.8;      0;      0;   23.0;eor
   606;19801101;19801130;   5;   2;    36.6;     11;     13;    9.1;eor
   606;19801201;19801231;   5;   2;    35.0;     46;    303;    6.0;eor
   606;19810101;19810131;  10;   2;    44.4;     58;    423;    7.8;eor
   606;19810201;19810228;  10;   2;    18.6;     13;    112;    5.6;eor
   606;19810301;19810331;  10;   2;    53.0;      3;      4;   10.8;eor
   606;19810401;19810430;  10;   2;    25.4;      0;      0;   14.4;eor
   606;19810501;19810531;  10;   2;   102.6;      0;      0;   46.2;eor
   606;19810601;19810630;  10;   2;    50.9;      0;      0;   15.5;eor
   606;19810701;19810731;  10;   2;   168.4;      0;      0;   36.4;eor
   606;19810801;19810831;  10;   2;    84.3;      0;      0;   25.2;eor
   606;19810901;19810930;  10;   2;   189.3;      0;      0;   53.5;eor
   606;19811001;19811031;  10;   2;   169.1;     11;     11;   25.0;eor
   606;19811101;19811130;  10;   2;    46.3;      8;     12;    8.0;eor
   606;19811201;19811231;  10;   2;    90.7;     54;    316;   30.2;eor
   606;19820101;19820131;  10;   2;    99.9;     48;    546;   39.7;eor
   606;19820201;19820228;  10;   2;     9.9;      7;     45;    3.9;eor
   606;19820301;19820331;  10;   2;    33.4;      8;      8;    6.1;eor
   606;19820401;19820430;  10;   2;    24.9;      1;      1;    8.0;eor
   606;19820501;19820531;  10;   2;    59.8;      0;      0;   16.4;eor
   606;19820601;19820630;  10;   2;   130.7;      0;      0;   17.9;eor
   606;19820701;19820731;  10;   2;   180.5;      0;      0;   47.6;eor
   606;19820801;19820831;  10;   2;   171.7;      0;      0;   40.3;eor
   606;19820901;19820930;  10;   2;    67.7;      0;      0;   30.5;eor
   606;19821001;19821031;  10;   2;    68.3;      0;      0;   29.9;eor
   606;19821101;19821130;  10;   2;    37.4;      2;      2;   12.1;eor
   606;19821201;19821231;  10;   2;    88.5;      9;     20;   18.3;eor
   606;19830101;19830131;  10;   2;    41.7;      4;      8;    6.6;eor
   606;19830201;19830228;  10;   2;    36.8;     22;    285;    8.4;eor
   606;19830301;19830331;  10;   2;    41.8;      8;     10;    8.7;eor
   606;19830401;19830430;  10;   2;    63.2;      0;      0;   10.4;eor
   606;19830501;19830531;  10;   2;   106.3;      0;      0;   22.2;eor
   606;19830601;19830630;  10;   2;    71.6;      0;      0;   18.1;eor
   606;19830701;19830731;  10;   2;    39.4;      0;      0;   25.8;eor
   606;19830801;19830831;  10;   2;    87.0;      0;      0;   18.7;eor
   606;19830901;19830930;  10;   2;    82.8;      0;      0;   33.7;eor
   606;19831001;19831031;  10;   2;    22.9;      0;      0;    5.1;eor
   606;19831101;19831130;  10;   2;    33.2;      0;      0;   18.8;eor
   606;19831201;19831231;  10;   2;    27.2;     12;     39;    6.5;eor
   606;19840101;19840131;  10;   2;    35.7;     29;    148;    5.8;eor
   606;19840201;19840229;  10;   2;    40.9;     29;    259;    7.4;eor
   606;19840301;19840331;  10;   2;    20.2;     11;    358;    4.5;eor
   606;19840401;19840430;  10;   2;    38.1;      3;      3;   10.7;eor
   606;19840501;19840531;  10;   2;    80.7;      0;      0;   13.0;eor
   606;19840601;19840630;  10;   2;    69.6;      0;      0;   24.4;eor
   606;19840701;19840731;  10;   2;   105.3;      0;      0;   33.9;eor
   606;19840801;19840831;  10;   2;   118.4;      0;      0;   58.0;eor
   606;19840901;19840930;  10;   2;   206.3;      0;      0;   46.4;eor
   606;19841001;19841031;  10;   2;    24.8;      0;      0;    9.2;eor
   606;19841101;19841130;  10;   2;    33.9;      0;      0;   17.0;eor
   606;19841201;19841231;  10;   2;    40.5;      6;     11;   19.0;eor
   606;19850101;19850131;  10;   2;    62.1;     46;    466;   14.3;eor
   606;19850201;19850228;  10;   2;    40.9;     14;     96;   13.7;eor
   606;19850301;19850331;  10;   2;    45.3;     26;     89;   20.6;eor
   606;19850401;19850430;  10;   2;    74.3;     14;     16;   22.5;eor
   606;19850501;19850531;  10;   2;   137.0;      2;      2;   46.5;eor
   606;19850601;19850630;  10;   2;   111.6;      0;      0;   26.0;eor
   606;19850701;19850731;  10;   2;    47.5;      0;      0;    9.1;eor
   606;19850801;19850831;  10;   2;   153.9;      0;      0;   40.7;eor
   606;19850901;19850930;  10;   2;    37.9;      0;      0;   20.9;eor
   606;19851001;19851031;  10;   2;    14.2;      0;      0;    7.0;eor
   606;19851101;19851130;  10;   2;   102.8;     60;    274;   15.2;eor
   606;19851201;19851231;  10;   2;    32.6;      2;     20;    6.3;eor
   606;19860101;19860131;  10;   2;    68.6;     28;     88;   16.5;eor
   606;19860201;19860228;  10;   2;    29.4;     36;    332;   17.1;eor
   606;19860301;19860331;  10;   2;    21.0;      4;    177;    4.3;eor
   606;19860401;19860430;  10;   2;   142.3;      6;      9;   36.2;eor
   606;19860501;19860531;  10;   2;    86.7;      0;      0;   16.5;eor
   606;19860601;19860630;  10;   2;   131.0;      0;      0;   29.4;eor
   606;19860701;19860731;  10;   2;   167.0;      0;      0;   55.3;eor
   606;19860801;19860831;  10;   2;    95.6;      0;      0;   18.8;eor
   606;19860901;19860930;  10;   2;    28.0;      0;      0;    7.4;eor
   606;19861001;19861031;  10;   2;    69.4;      0;      0;   29.4;eor
   606;19861101;19861130;  10;   2;    42.4;      0;      0;   15.0;eor
   606;19861201;19861231;  10;   2;    40.5;     18;     64;   11.6;eor
   606;19870101;19870131;  10;   2;    35.7;     23;    268;    8.0;eor
   606;19870201;19870228;  10;   2;    74.2;     35;    248;   15.5;eor
   606;19870301;19870331;  10;   2;    56.1;     18;     82;   16.7;eor
   606;19870401;19870430;  10;   2;    65.5;      1;      1;   27.1;eor
   606;19870501;19870531;  10;   2;   169.0;      0;      0;   26.1;eor
   606;19870601;19870630;  10;   2;   138.9;      0;      0;   27.1;eor
   606;19870701;19870731;  10;   2;   131.7;      0;      0;   39.4;eor
   606;19870801;19870831;  10;   2;    87.8;      0;      0;   20.6;eor
   606;19870901;19870930;  10;   2;   122.9;      0;      0;   40.2;eor
   606;19871001;19871031;  10;   2;    23.2;      0;      0;    6.2;eor
   606;19871101;19871130;  10;   2;    60.5;      0;      0;    9.0;eor
   606;19871201;19871231;  10;   2;    61.4;      1;      8;   17.2;eor
   606;19880101;19880131;  10;   2;    26.2;      2;      3;    4.7;eor
   606;19880201;19880229;  10;   2;    65.9;     42;    106;   17.3;eor
   606;19880301;19880331;  10;   2;   105.9;     42;    273;   17.3;eor
   606;19880401;19880430;  10;   2;    66.9;      0;      0;   21.0;eor
   606;19880501;19880531;  10;   2;    41.8;      0;      0;    9.1;eor
   606;19880601;19880630;  10;   2;   184.5;      0;      0;   58.5;eor
   606;19880701;19880731;  10;   2;    86.0;      0;      0;   12.1;eor
   606;19880801;19880831;  10;   2;   121.1;      0;      0;   29.0;eor
   606;19880901;19880930;  10;   2;    70.5;      0;      0;   20.2;eor
   606;19881001;19881031;  10;   2;    68.5;      0;      0;   16.5;eor
   606;19881101;19881130;  10;   2;    48.5;     22;    108;   12.2;eor
   606;19881201;19881231;  10;   2;   106.6;     19;     46;   43.3;eor
   606;19890101;19890131;  10;   2;     9.4;      1;      1;    3.3;eor
   606;19890201;19890228;  10;   2;    42.9;      2;      2;   16.2;eor
   606;19890301;19890331;  10;   2;    23.5;      0;      0;    7.1;eor
   606;19890401;19890430;  10;   2;   159.6;      0;      0;   40.8;eor
   606;19890501;19890531;  10;   2;    44.0;      0;      0;   11.6;eor
   606;19890601;19890630;  10;   2;    97.5;      0;      0;   15.9;eor
   606;19890701;19890731;  10;   2;   260.8;      0;      0;   60.3;eor
   606;19890801;19890831;  10;   2;   107.7;      0;      0;   26.4;eor
   606;19890901;19890930;  10;   2;    80.3;      0;      0;   21.0;eor
   606;19891001;19891031;  10;   2;    53.4;      0;      0;   11.4;eor
   606;19891101;19891130;  10;   2;    51.5;      3;     13;   19.0;eor
   606;19891201;19891231;  10;   2;    53.8;      0;     24;   15.9;eor
   606;19900101;19900131;  10;   2;    32.3;     21;    147;   14.3;eor
   606;19900201;19900228;  10;   2;    70.9;     10;     10;   30.4;eor
   606;19900301;19900331;  10;   2;    53.9;      0;      0;   15.6;eor
   606;19900401;19900430;  10;   2;    77.8;      0;      0;    7.4;eor
   606;19900501;19900531;  10;   2;    51.0;      0;      0;   11.2;eor
   606;19900601;19900630;  10;   2;   149.9;      0;      0;   23.2;eor
   606;19900701;19900731;  10;   2;    70.2;      0;      0;   13.3;eor
   606;19900801;19900831;  10;   2;    67.2;      0;      0;   20.5;eor
   606;19900901;19900930;  10;   2;    98.2;      0;      0;   25.0;eor
   606;19901001;19901031;  10;   2;    70.6;      0;      0;   15.5;eor
   606;19901101;19901130;  10;   2;    76.0;      0;      0;    8.7;eor
   606;19901201;19901231;  10;   2;    58.8;     26;    253;   14.2;eor
   606;19910101;19910131;   9;   2;    46.2;      6;     49;    8.4;eor
   606;19910201;19910228;   9;   2;    13.1;     15;    154;    3.6;eor
   606;19910301;19910331;   9;   2;    41.2;      0;      0;   12.4;eor
   606;19910401;19910430;   9;   2;    69.7;      7;      8;   16.5;eor
   606;19910501;19910531;   9;   2;   125.4;      0;      0;   77.7;eor
   606;19910601;19910630;   9;   2;   227.6;      0;      0;   79.2;eor
   606;19910701;19910731;   9;   2;   131.7;      0;      0;   23.3;eor
   606;19910801;19910831;   9;   2;    54.9;      0;      0;   24.5;eor
   606;19910901;19910930;   9;   2;    98.1;      0;      0;   22.1;eor
   606;19911001;19911031;   9;   2;    21.2;      0;      0;    6.0;eor
   606;19911101;19911130;   9;   2;    92.1;      9;     14;   21.8;eor
   606;19911201;19911231;   9;   2;    33.3;      6;     19;    6.1;eor
   606;19920101;19920131;   9;   2;    10.8;      9;     79;    6.9;eor
   606;19920201;19920229;   9;   2;    43.8;     20;    117;    8.2;eor
   606;19920301;19920331;   9;   2;    75.0;      4;      4;   16.9;eor
   606;19920401;19920430;   9;   2;    83.4;      0;      0;   24.9;eor
   606;19920501;19920531;   9;   2;     7.6;      0;      0;    2.0;eor
   606;19920601;19920630;   9;   2;   178.5;      0;      0;   52.5;eor
   606;19920701;19920731;   9;   2;    86.7;      0;      0;   13.5;eor
   606;19920801;19920831;   9;   2;    66.7;      0;      0;   24.9;eor
   606;19920901;19920930;   9;   2;    64.6;      0;      0;   22.9;eor
   606;19921001;19921031;   9;   2;   140.4;      5;      5;   30.8;eor
   606;19921101;19921130;   9;   2;   142.5;      0;      0;   19.0;eor
   606;19921201;19921231;   9;   2;    57.4;      0;      0;   11.0;eor
   606;19930101;19930131;   9;   2;    41.6;     11;     15;    5.5;eor
   606;19930201;19930228;   9;   2;    18.5;     13;     61;    4.8;eor
   606;19930301;19930331;   9;   2;    31.2;      9;     55;    9.2;eor
   606;19930401;19930430;   9;   2;    39.1;      0;      0;    6.0;eor
   606;19930501;19930531;   9;   2;    79.1;      0;      0;   16.0;eor
   606;19930601;19930630;   9;   2;   139.6;      0;      0;   24.3;eor
   606;19930701;19930731;   9;   2;   246.5;      0;      0;   58.0;eor
   606;19930801;19930831;   9;   2;   104.3;      0;      0;   23.2;eor
   606;19930901;19930930;   9;   2;    66.0;      0;      0;   16.8;eor
   606;19931001;19931031;   9;   2;   104.5;      0;      0;   28.6;eor
   606;19931101;19931130;   9;   2;    31.9;      7;     64;   10.5;eor
   606;19931201;19931231;   9;   2;    52.2;      7;     26;   11.6;eor
   606;19940101;19940131;   9;   2;    50.5;     14;     32;    7.6;eor
   606;19940201;19940228;   9;   2;    40.2;     13;     59;   11.7;eor
   606;19940301;19940331;   9;   2;    62.4;      0;      0;   11.9;eor
   606;19940401;19940430;   9;   2;   125.2;      0;      0;   34.3;eor
   606;19940501;19940531;   9;   2;   141.6;      0;      0;   33.8;eor
   606;19940601;19940630;   9;   2;    60.4;      0;      0;   12.1;eor
   606;19940701;19940731;   9;   2;   111.4;      0;      0;   25.6;eor
   606;19940801;19940831;   9;   2;   124.7;      0;      0;   27.0;eor
   606;19940901;19940930;   9;   2;   117.1;      0;      0;   20.7;eor
   606;19941001;19941031;   9;   2;    44.5;      0;      0;   11.2;eor
   606;19941101;19941130;   9;   2;    68.0;      0;      0;   31.8;eor
   606;19941201;19941231;   9;   2;    86.1;     10;     40;   15.8;eor
   606;19950101;19950131;   9;   2;    49.1;     40;    242;    9.9;eor
   606;19950201;19950228;   9;   2;    49.5;      0;      0;   11.3;eor
   606;19950301;19950331;   9;   2;    64.4;     13;     13;   22.7;eor
   606;19950401;19950430;   9;   2;    96.9;      0;      0;   19.3;eor
   606;19950501;19950531;   9;   2;   151.1;      0;      0;   58.1;eor
   606;19950601;19950630;   9;   2;   217.4;      0;      0;   39.8;eor
   606;19950701;19950731;   9;   2;    91.8;      0;      0;   42.0;eor
   606;19950801;19950831;   9;   2;   139.2;      0;      0;   33.5;eor
   606;19950901;19950930;   9;   2;    53.5;      0;      0;   12.9;eor
   606;19951001;19951031;   9;   2;    18.7;      0;      0;    5.9;eor
   606;19951101;19951130;   9;   2;    75.2;      7;     12;   29.1;eor
   606;19951201;19951231;   9;   2;    78.0;     18;     67;   22.5;eor
   606;19960101;19960131;   9;   2;     5.6;      0;     23;    4.1;eor
   606;19960201;19960229;   9;   2;    26.5;     19;     50;    4.5;eor
   606;19960301;19960331;   9;   2;    49.0;      9;     14;   14.3;eor
   606;19960401;19960430;   9;   2;    63.0;      1;      1;   19.1;eor
   606;19960501;19960531;   9;   2;    82.6;      0;      0;   20.4;eor
   606;19960601;19960630;   9;   2;    57.8;      0;      0;   17.7;eor
   606;19960701;19960731;   9;   2;   124.9;      0;      0;   37.4;eor
   606;19960801;19960831;   9;   2;   286.1;      0;      0;  105.5;eor
   606;19960901;19960930;   9;   2;    60.0;      0;      0;   17.5;eor
   606;19961001;19961031;   9;   2;    96.0;      0;      0;   15.0;eor
   606;19961101;19961130;   9;   2;    68.8;      7;     14;   20.7;eor
   606;19961201;19961231;   9;   2;    62.7;     16;     83;   19.2;eor
   606;19970101;19970131;   9;   2;     0.9;      0;    191;    0.4;eor
   606;19970201;19970228;   9;   2;    51.5;      0;      0;   14.5;eor
   606;19970301;19970331;   9;   2;    39.5;      0;      0;   13.5;eor
   606;19970401;19970430;   9;   2;    36.7;      0;      0;    4.7;eor
   606;19970501;19970531;   9;   2;    21.0;      0;      0;    9.5;eor
   606;19970601;19970630;   9;   2;   184.5;      0;      0;   22.0;eor
   606;19970701;19970731;   9;   2;   147.4;      0;      0;   32.6;eor
   606;19970801;19970831;   9;   2;    31.9;      0;      0;   17.5;eor
   606;19970901;19970930;   9;   2;    33.0;      0;      0;   14.1;eor
   606;19971001;19971031;   9;   2;    56.6;      0;      0;   15.1;eor
   606;19971101;19971130;   9;   2;    17.3;      0;      0;    5.3;eor
   606;19971201;19971231;   9;   2;    97.4;     31;    134;   19.6;eor
   606;19980101;19980131;   9;   2;    33.9;      9;     59;    5.2;eor
   606;19980201;19980228;   9;   2;    32.6;      0;     26;   13.7;eor
   606;19980301;19980331;   9;   2;    82.3;     29;     49;   24.5;eor
   606;19980401;19980430;   9;   2;    41.6;      1;      0;   13.1;eor
   606;19980501;19980531;   9;   2;    58.3;      0;      0;   26.9;eor
   606;19980601;19980630;   9;   2;   115.3;      0;      0;   33.4;eor
   606;19980701;19980731;   9;   2;    79.5;      0;      0;   17.2;eor
   606;19980801;19980831;   9;   2;    56.0;      0;      0;   19.4;eor
   606;19980901;19980930;   9;   2;   171.7;      0;      0;   41.1;eor
   606;19981001;19981031;   9;   2;   129.2;      0;      0;   24.6;eor
   606;19981101;19981130;   9;   2;   112.8;     12;     23;   26.3;eor
   606;19981201;19981231;   9;   2;    36.7;     22;    107;    9.4;eor
   606;19990101;19990131;   9;   2;    36.0;     12;     26;   10.2;eor
   606;19990201;19990228;   9;   2;    89.8;     61;    316;   16.4;eor
   606;19990301;19990331;   9;   2;    54.8;      0;      0;   18.6;eor
   606;19990401;19990430;   9;   2;    76.9;      2;      0;   12.3;eor
   606;19990501;19990531;   9;   2;   158.8;      0;      0;   56.5;eor
   606;19990601;19990630;   9;   2;   136.6;      0;      0;   21.9;eor
   606;19990701;19990731;   9;   2;   104.2;      0;      0;   16.4;eor
   606;19990801;19990831;   9;   2;    98.1;      0;      0;   35.5;eor
   606;19990901;19990930;   9;   2;    60.6;      0;      0;   14.3;eor
   606;19991001;19991031;   9;   2;    51.3;      0;      0;   22.2;eor
   606;19991101;19991130;   9;   2;   106.2;     26;    105;   38.1;eor
   606;19991201;19991231;   9;   2;    97.6;     33;    104;   15.5;eor
   606;20000101;20000131;   9;   2;    29.2;     16;    100;    6.9;eor
   606;20000201;20000229;   9;   2;    94.0;      7;      7;    9.6;eor
   606;20000301;20000331;   9;   2;   122.0;      0;      0;   21.3;eor
   606;20000401;20000430;   9;   2;    46.8;      0;      0;   11.3;eor
   606;20000501;20000531;   9;   2;   173.4;      0;      0;   42.1;eor
   606;20000601;20000630;   9;   2;    88.6;      0;      0;   22.8;eor
   606;20000701;20000731;   9;   2;   198.5;      0;      0;   24.5;eor
   606;20000801;20000831;   9;   2;   173.5;      0;      0;   48.4;eor
   606;20000901;20000930;   9;   2;   127.8;      0;      0;   33.8;eor
   606;20001001;20001031;   9;   2;    97.8;      0;      0;   29.6;eor
   606;20001101;20001130;   9;   2;    66.5;      0;      0;   14.6;eor
   606;20001201;20001231;   9;   2;    21.7;      5;      5;    5.7;eor
   606;20010101;20010131;   9;   2;    75.1;      6;     23;   25.1;eor
   606;20010201;20010228;   9;   2;    42.2;     28;     51;   12.2;eor
   606;20010301;20010331;   9;   2;   161.5;      3;     14;   27.9;eor
   606;20010401;20010430;   9;   2;    97.3;     12;     20;   16.7;eor
   606;20010501;20010531;   9;   2;    49.0;      0;      0;   18.8;eor
   606;20010601;20010630;   9;   2;   183.7;      0;      0;   33.4;eor
   606;20010701;20010731;   9;   2;    52.4;      0;      0;   21.3;eor
   606;20010801;20010831;   9;   2;   146.5;      0;      0;   48.5;eor
   606;20010901;20010930;   9;   2;   139.1;      0;      0;   27.2;eor
   606;20011001;20011031;   9;   2;    52.6;      0;      0;    9.9;eor
   606;20011101;20011130;   9;   2;    78.5;      6;      7;   14.9;eor
   606;20011201;20011231;   9;   2;    48.4;     20;     84;   18.0;eor
   606;20020101;20020131;   9;   2;    12.9;      0;     50;    4.1;eor
   606;20020201;20020228;   9;   2;    64.2;      0;      0;   19.6;eor
   606;20020301;20020331;   9;   2;    63.7;      0;      0;   27.8;eor
   606;20020401;20020430;   9;   2;    62.1;      0;      0;   19.4;eor
   606;20020501;20020531;   9;   2;   130.9;      0;      0;   42.1;eor
   606;20020601;20020630;   9;   2;   182.6;      0;      0;   44.1;eor
   606;20020701;20020731;   9;   2;   130.9;      0;      0;   20.2;eor
   606;20020801;20020831;   9;   2;   258.7;      0;      0;   47.7;eor
   606;20020901;20020930;   9;   2;   175.8;      3;      3;   47.5;eor
   606;20021001;20021031;   9;   2;   120.3;      0;      0;   25.0;eor
   606;20021101;20021130;   9;   2;   135.7;      0;      0;   18.6;eor
   606;20021201;20021231;   9;   2;    68.1;      0;      0;   17.7;eor
   606;20030101;20030131;   9;   2;    62.0;     23;     56;   10.4;eor
   606;20030201;20030228;   9;   2;    24.6;     30;    428;    9.3;eor
   606;20030301;20030331;   9;   2;    11.8;      0;      0;    5.2;eor
   606;20030401;20030430;   9;   2;    20.9;      0;      0;    5.8;eor
   606;20030501;20030531;   9;   2;   105.7;      0;      0;   15.0;eor
   606;20030601;20030630;   9;   2;   111.6;      0;      0;   27.0;eor
   606;20030701;20030731;   9;   2;   154.1;      0;      0;   82.9;eor
   606;20030801;20030831;   9;   2;    49.7;      0;      0;   20.9;eor
   606;20030901;20030930;   9;   2;    37.2;      0;      0;    8.5;eor
   606;20031001;20031031;   9;   2;   128.0;      2;      2;   38.8;eor
   606;20031101;20031130;   9;   2;    58.0;      8;     13;   29.3;eor
   606;20031201;20031231;   9;   2;    34.6;      9;     22;    9.0;eor
   606;20040101;20040131;   9;   2;   110.2;     42;    353;   24.0;eor
   606;20040201;20040229;   9;   2;    28.1;     19;     77;   10.8;eor
   606;20040301;20040331;   9;   2;    53.1;     16;     59;   21.9;eor
   606;20040401;20040430;   9;   2;    43.4;      0;      0;    9.9;eor
   606;20040501;20040531;   9;   2;   115.8;      0;      0;   26.0;eor
   606;20040601;20040630;   9;   2;    87.3;      0;      0;   11.7;eor
   606;20040701;20040731;   9;   2;   167.2;      0;      0;   45.1;eor
   606;20040801;20040831;   9;   2;    58.0;      0;      0;    8.5;eor
   606;20040901;20040930;   9;   2;    92.8;      0;      0;   19.3;eor
   606;20041001;20041031;   9;   2;    86.2;      0;      0;   21.2;eor
   606;20041101;20041130;   9;   2;    28.4;      0;      0;    4.1;eor
   606;20041201;20041231;   9;   2;    50.5;     34;    120;   14.2;eor
   606;20050101;20050131;   9;   2;    45.9;     34;    158;    7.8;eor
   606;20050201;20050228;   9;   2;    68.4;     72;    452;   15.3;eor
   606;20050301;20050331;   9;   2;    69.1;     20;    365;   27.6;eor
   606;20050401;20050430;   9;   2;   113.3;      0;      0;   24.6;eor
   606;20050501;20050531;   9;   2;    79.1;      0;      0;   15.1;eor
   606;20050601;20050630;   9;   2;   121.8;      0;      0;   45.5;eor
   606;20050701;20050731;   9;   2;   163.7;      0;      0;   41.5;eor
   606;20050801;20050831;   9;   2;   146.9;      0;      0;   44.2;eor
   606;20050901;20050930;   9;   2;    72.4;      0;      0;   33.8;eor
   606;20051001;20051031;   9;   2;    63.8;      0;      0;   25.7;eor
   606;20051101;20051130;   9;   2;    41.7;     21;    114;   10.2;eor
   606;20051201;20051231;   9;   2;    56.7;     40;    175;    6.8;eor
   606;20060101;20060131;   9;   2;    15.5;      3;     84;    7.3;eor
   606;20060201;20060228;   9;   2;    24.2;     13;     41;   10.2;eor
   606;20060301;20060331;   9;   2;   112.4;     70;    307;   38.7;eor
   606;20060401;20060430;   9;   2;   111.1;     35;     48;   28.6;eor
   606;20060501;20060531;   9;   2;   138.7;      0;      0;   23.5;eor
   606;20060601;20060630;   9;   2;    25.0;      0;      0;    6.7;eor
   606;20060701;20060731;   9;   2;   107.2;      0;      0;   45.4;eor
   606;20060801;20060831;   9;   2;   127.8;      0;      0;   20.5;eor
   606;20060901;20060930;   9;   2;    52.0;      0;      0;   12.5;eor
   606;20061001;20061031;   9;   2;    37.2;      0;      0;    9.7;eor
   606;20061101;20061130;   9;   2;    39.0;      0;      0;   10.2;eor
   606;20061201;20061231;   9;   2;    50.9;      0;      0;   17.4;eor
   606;20070101;20070131;   9;   2;    49.3;     26;    108;    8.7;eor
   606;20070201;20070228;   9;   2;    58.5;      3;      3;   12.7;eor
   606;20070301;20070331;   9;   2;    53.8;     19;     21;   14.1;eor
   606;20070401;20070430;   9;   2;    14.6;      0;      0;   10.7;eor
   606;20070501;20070531;   9;   2;   211.3;      0;      0;   43.8;eor
   606;20070601;20070630;   9;   2;   114.4;      0;      0;   45.6;eor
   606;20070701;20070731;   9;   2;   213.0;      0;      0;   84.7;eor
   606;20070801;20070831;   9;   2;   159.3;      0;      0;   35.9;eor
   606;20070901;20070930;   9;   2;    66.6;      0;      0;   15.9;eor
   606;20071001;20071031;   9;   2;    16.7;      0;      0;    3.4;eor
   606;20071101;20071130;   9;   2;    59.7;     12;     61;   14.0;eor
   606;20071201;20071231;   9;   2;    51.8;      0;      0;    9.8;eor
   606;20080101;20080131;   9;   2;    42.9;      4;     14;   13.5;eor
   606;20080201;20080229;   9;   2;    29.8;      3;      7;   15.5;eor
   606;20080301;20080331;   9;   2;    52.1;     11;     11;   14.0;eor
   606;20080401;20080430;   9;   2;   139.9;      0;      0;   54.1;eor
   606;20080501;20080531;   9;   2;    36.1;      0;      0;   13.8;eor
   606;20080601;20080630;   9;   2;   110.1;      0;      0;   36.9;eor
   606;20080701;20080731;   9;   2;   184.2;      0;      0;   43.1;eor
   606;20080801;20080831;   9;   2;    97.8;      0;      0;   24.8;eor
   606;20080901;20080930;   9;   2;    59.2;      0;      0;   14.5;eor
   606;20081001;20081031;   9;   2;    51.7;      0;      0;   20.6;eor
   606;20081101;20081130;   9;   2;    36.2;     17;     64;   15.8;eor
   606;20081201;20081231;   9;   2;    51.1;     25;    162;   11.2;eor
   606;20090101;20090131;   9;   2;    19.6;      1;     14;    5.7;eor
   606;20090201;20090228;   9;   2;    58.9;     46;    222;    9.9;eor
   606;20090301;20090331;   9;   2;    75.1;     14;     30;   11.7;eor
   606;20090401;20090430;   9;   2;    17.8;      0;      0;    7.1;eor
   606;20090501;20090531;   9;   2;   120.6;      0;      0;   28.3;eor
   606;20090601;20090630;   9;   2;   147.1;      0;      0;   33.8;eor
   606;20090701;20090731;   9;   2;   165.0;      0;      0;   37.9;eor
   606;20090801;20090831;   9;   2;    61.2;      0;      0;   32.5;eor
   606;20090901;20090930;   9;   2;    35.3;      0;      0;   17.5;eor
   606;20091001;20091031;   9;   2;    89.0;      0;      0;   24.5;eor
   606;20091101;20091130;   9;   2;    72.0;   -999;   -999;   19.7;eor
   606;20091201;20091231;   9;   2;    90.6;     15;     43;   17.2;eor
   606;20100101;20100131;   9;   2;    43.5;     45;    216;    6.8;eor
   606;20100201;20100228;   9;   2;    45.2;     25;    206;   10.0;eor
   606;20100301;20100331;   9;   2;    32.0;     15;     53;    7.0;eor
   606;20100401;20100430;   9;   2;    34.5;      0;      0;   14.6;eor
   606;20100501;20100531;   9;   2;   127.1;      0;      0;   20.3;eor
   606;20100601;20100630;   9;   2;   124.3;      0;      0;   27.3;eor
   606;20100701;20100731;   9;   2;   158.1;      0;      0;   24.0;eor
   606;20100801;20100831;   9;   2;   178.2;      0;      0;   66.9;eor
   606;20100901;20100930;   9;   2;    82.0;      0;      0;   28.1;eor
   606;20101001;20101031;  10;   2;    34.4;   -999;   -999;    7.7;eor
   606;20101101;20101130;   7;   2;    53.0;     11;     21;    9.7;eor
   606;20101201;20101231;   7;   2;   145.2;     82;    349;   35.9;eor
   606;20110101;20110131;   3;   2;    39.9;     24;    148;    7.0;eor
   606;20110201;20110228;   3;   2;    22.5;      8;     46;    6.4;eor
   606;20110301;20110331;   3;   2;    32.9;      0;      0;   12.9;eor
   606;20110401;20110430;   3;   2;    31.2;      0;      0;   13.6;eor
   606;20110501;20110531;   3;   2;    83.8;      0;      0;   27.1;eor
   606;20110601;20110630;   3;   2;    88.5;      0;      0;   26.5;eor
   606;20110701;20110731;   3;   2;   199.4;      0;      0;   36.5;eor
   606;20110801;20110831;   3;   2;    91.3;      0;      0;   14.8;eor
   606;20110901;20110930;   3;   2;    85.1;      0;      0;   35.5;eor
   606;20111001;20111031;   3;   2;    46.6;      0;      0;   15.0;eor
   606;20111101;20111130;   3;   2;     1.7;      0;      0;    0.8;eor
   606;20111201;20111231;   3;   2;   127.9;     12;     23;   25.7;eor
   606;20120101;20120131;   3;   2;    84.5;     20;     53;   20.8;eor
   606;20120201;20120229;   3;   2;    27.4;     23;    230;    7.9;eor
   606;20120301;20120331;   3;   2;    15.5;      0;      0;    9.5;eor
   606;20120401;20120430;   3;   2;    65.3;      0;      0;   14.9;eor
   606;20120501;20120531;   3;   2;    51.1;      0;      0;   19.7;eor
   606;20120601;20120630;   3;   2;   151.1;      0;      0;   31.5;eor
   606;20120701;20120731;   3;   2;   112.2;      0;      0;   20.6;eor
   606;20120801;20120831;   3;   2;   196.6;      0;      0;   61.5;eor
   606;20120901;20120930;   3;   2;    89.2;      0;      0;   16.2;eor
   606;20121001;20121031;   3;   2;    62.7;     10;     20;   15.2;eor
   606;20140101;20140131;   3;   2;    55.4;      1;      1;   15.5;eor
   606;20140201;20140228;   3;   2;    22.5;   -999;   -999;    3.5;eor
   606;20140301;20140331;   3;   2;    19.8;   -999;   -999;    9.0;eor
   606;20140401;20140430;   3;   2;    38.2;   -999;   -999;   11.2;eor
   606;20140501;20140531;   3;   2;    87.0;   -999;   -999;   21.3;eor
   606;20140601;20140630;   3;   2;    73.3;   -999;   -999;   21.3;eor
   606;20140701;20140731;   3;   2;   153.7;   -999;   -999;   36.5;eor
   606;20140801;20140831;   3;   2;   119.4;   -999;   -999;   22.5;eor
   606;20140901;20140930;   3;   2;    78.3;   -999;   -999;   25.9;eor
   606;20141001;20141031;   3;   2;    66.1;   -999;   -999;   21.0;eor
   606;20141101;20141130;   3;   2;    37.8;   -999;   -999;   11.7;eor
   606;20141201;20141231;   3;   2;    69.0;     47;     98;   15.1;eor
