STATIONS_ID; MESS_DATUM_BEGINN; MESS_DATUM_ENDE; QUALITAETS_NIVEAU; ART; NIEDERSCHLAGSHOEHE;NEUSCHNEEHOEHE;SCHNEEHOEHE; max(NIEDERSCHLAGSHOEHE);eor
  1588;19780101;19780131;   5;   2;    31.3;   -999;   -999;   12.1;eor
  1588;19780201;19780228;   5;   2;    28.5;   -999;   -999;    6.5;eor
  1588;19780301;19780331;   5;   2;    58.1;   -999;   -999;   17.8;eor
  1588;19780401;19780430;   5;   2;    13.4;   -999;   -999;    4.5;eor
  1588;19780501;19780531;   5;   2;    99.2;   -999;   -999;   21.9;eor
  1588;19780601;19780630;   5;   2;    40.9;   -999;   -999;    8.2;eor
  1588;19780701;19780731;   5;   2;    81.0;   -999;   -999;   18.2;eor
  1588;19780801;19780831;   5;   2;    78.3;   -999;   -999;   26.3;eor
  1588;19780901;19780930;   5;   2;    57.4;   -999;   -999;   22.5;eor
  1588;19781001;19781031;   5;   2;    56.2;   -999;   -999;   18.0;eor
  1588;19781101;19781130;   5;   2;     9.9;   -999;   -999;    4.9;eor
  1588;19781201;19781231;   5;   2;    79.2;   -999;   -999;   27.3;eor
  1588;19790101;19790131;   5;   2;    26.9;     38;    333;    9.8;eor
  1588;19790201;19790228;   5;   2;    34.6;      6;     38;    6.5;eor
  1588;19790301;19790331;   5;   2;    71.8;      3;      3;   20.1;eor
  1588;19790401;19790430;   5;   2;    46.3;      0;      0;    8.9;eor
  1588;19790501;19790531;   5;   2;    27.0;      0;      0;    7.5;eor
  1588;19790601;19790630;   5;   2;    23.8;      0;      0;    8.0;eor
  1588;19790701;19790731;   5;   2;    45.4;      0;      0;   11.0;eor
  1588;19790801;19790831;   5;   2;    32.8;      0;      0;   13.7;eor
  1588;19790901;19790930;   5;   2;    33.0;      0;      0;   16.2;eor
  1588;19791001;19791031;   5;   2;    24.1;      0;      0;    9.5;eor
  1588;19791101;19791130;   5;   2;    61.0;      0;      0;    8.7;eor
  1588;19791201;19791231;   5;   2;   101.4;      5;      8;   29.8;eor
  1588;19800101;19800131;   5;   2;    31.7;      9;     26;    7.5;eor
  1588;19800201;19800229;   5;   2;    27.9;      0;      0;    8.4;eor
  1588;19800301;19800331;   5;   2;    26.4;      0;      0;   10.2;eor
  1588;19800401;19800430;   5;   2;    57.9;      0;      0;   14.2;eor
  1588;19800501;19800531;   5;   2;    33.2;      0;      0;   19.9;eor
  1588;19800601;19800630;   5;   2;    54.6;      0;      0;   10.9;eor
  1588;19800701;19800731;   5;   2;    99.3;      0;      0;   13.7;eor
  1588;19800801;19800831;   5;   2;    63.9;      0;      0;   27.2;eor
  1588;19800901;19800930;   5;   2;    46.1;      0;      0;   16.2;eor
  1588;19801001;19801031;   5;   2;    55.3;      0;      0;   18.8;eor
  1588;19801101;19801130;   5;   2;    28.2;     11;     17;    6.3;eor
  1588;19801201;19801231;   5;   2;    47.6;     21;    150;    8.6;eor
  1588;19810101;19810131;  10;   2;    68.2;     46;    429;   13.0;eor
  1588;19810201;19810228;  10;   2;    33.8;      8;     58;   24.2;eor
  1588;19810301;19810331;  10;   2;    45.5;      0;      0;    7.9;eor
  1588;19810401;19810430;  10;   2;    29.3;      0;      0;   20.7;eor
  1588;19810501;19810531;  10;   2;    81.6;      0;      0;   23.4;eor
  1588;19810601;19810630;  10;   2;    53.2;      0;      0;   13.9;eor
  1588;19810701;19810731;  10;   2;    39.4;      0;      0;    7.1;eor
  1588;19810801;19810831;  10;   2;    32.5;      0;      0;   13.6;eor
  1588;19810901;19810930;  10;   2;    51.5;      0;      0;   21.7;eor
  1588;19811001;19811031;  10;   2;   133.6;      0;      0;   32.4;eor
  1588;19811101;19811130;  10;   2;    56.6;      0;      0;   20.0;eor
  1588;19811201;19811231;  10;   2;    91.4;     40;    269;   15.6;eor
  1588;19820101;19820131;  10;   2;    68.1;     23;    379;   18.6;eor
  1588;19820201;19820228;  10;   2;     8.2;      4;     11;    3.4;eor
  1588;19820301;19820331;  10;   2;    40.2;      0;      0;   12.8;eor
  1588;19820401;19820430;  10;   2;    31.9;      0;      0;   11.9;eor
  1588;19820501;19820531;  10;   2;    38.5;      0;      0;    8.3;eor
  1588;19820601;19820630;  10;   2;    50.2;      0;      0;   11.8;eor
  1588;19820701;19820731;  10;   2;    27.1;      0;      0;    7.6;eor
  1588;19820801;19820831;  10;   2;    52.6;      0;      0;   12.6;eor
  1588;19820901;19820930;  10;   2;    32.2;      0;      0;   10.6;eor
  1588;19821001;19821031;  10;   2;    73.2;      0;      0;   23.5;eor
  1588;19821101;19821130;  10;   2;    30.5;      0;      0;    7.7;eor
  1588;19821201;19821231;  10;   2;    98.0;      1;      1;   29.1;eor
  1588;19830101;19830131;  10;   2;    38.1;      2;      2;    5.3;eor
  1588;19830201;19830228;  10;   2;    31.4;     16;    119;    6.6;eor
  1588;19830301;19830331;  10;   2;    33.2;      5;      7;    6.8;eor
  1588;19830401;19830430;  10;   2;   103.4;      0;      0;   15.9;eor
  1588;19830501;19830531;  10;   2;   127.1;      0;      0;   26.5;eor
  1588;19830601;19830630;  10;   2;    30.9;      0;      0;    9.8;eor
  1588;19830701;19830731;  10;   2;    17.4;      0;      0;   10.3;eor
  1588;19830801;19830831;  10;   2;    30.6;      0;      0;    8.1;eor
  1588;19830901;19830930;  10;   2;    53.7;      0;      0;   10.8;eor
  1588;19831001;19831031;  10;   2;    13.0;      0;      0;    2.7;eor
  1588;19831101;19831130;  10;   2;    37.5;      0;      0;   11.9;eor
  1588;19831201;19831231;  10;   2;    22.4;      5;     18;    5.7;eor
  1588;19840101;19840131;  10;   2;    76.8;     32;    114;   11.0;eor
  1588;19840201;19840229;  10;   2;    75.8;     17;     30;   16.3;eor
  1588;19840301;19840331;  10;   2;    12.8;      0;     10;    4.3;eor
  1588;19840401;19840430;  10;   2;    29.5;      5;      5;   11.6;eor
  1588;19840501;19840531;  10;   2;   158.4;      0;      0;   22.1;eor
  1588;19840601;19840630;  10;   2;    93.8;      0;      0;   31.5;eor
  1588;19840701;19840731;  10;   2;    53.7;      0;      0;   14.7;eor
  1588;19840801;19840831;  10;   2;    49.0;      0;      0;   16.0;eor
  1588;19840901;19840930;  10;   2;    71.2;      0;      0;   23.1;eor
  1588;19841001;19841031;  10;   2;    31.7;      0;      0;    8.9;eor
  1588;19841101;19841130;  10;   2;    32.6;      0;      0;   11.6;eor
  1588;19841201;19841231;  10;   2;    27.0;      2;      6;    6.5;eor
  1588;19850101;19850131;  10;   2;    35.2;     37;    461;    6.3;eor
  1588;19850201;19850228;  10;   2;    26.4;     17;    224;   14.1;eor
  1588;19850301;19850331;  10;   2;    33.2;     21;     51;   10.6;eor
  1588;19850401;19850430;  10;   2;    30.9;      0;      0;    6.3;eor
  1588;19850501;19850531;  10;   2;    81.7;      0;      0;   11.8;eor
  1588;19850601;19850630;  10;   2;    69.6;      0;      0;   17.9;eor
  1588;19850701;19850731;  10;   2;    75.0;      0;      0;   22.5;eor
  1588;19850801;19850831;  10;   2;    47.4;      0;      0;   17.8;eor
  1588;19850901;19850930;  10;   2;    35.2;      0;      0;   15.9;eor
  1588;19851001;19851031;  10;   2;     9.6;      0;      0;    6.3;eor
  1588;19851101;19851130;  10;   2;    51.7;     19;     98;    7.6;eor
  1588;19851201;19851231;  10;   2;    43.5;     16;     56;   17.4;eor
  1588;19860101;19860131;  10;   2;    78.7;     12;     84;   22.8;eor
  1588;19860201;19860228;  10;   2;    10.9;     18;    218;    7.2;eor
  1588;19860301;19860331;  10;   2;    56.7;      0;     26;   12.7;eor
  1588;19860401;19860430;  10;   2;    58.6;      0;      0;   13.7;eor
  1588;19860501;19860531;  10;   2;    76.5;      0;      0;   17.1;eor
  1588;19860601;19860630;  10;   2;    42.7;      0;      0;   10.9;eor
  1588;19860701;19860731;  10;   2;    71.3;      0;      0;   15.9;eor
  1588;19860801;19860831;  10;   2;    91.7;      0;      0;   25.2;eor
  1588;19860901;19860930;  10;   2;    48.3;      0;      0;   19.5;eor
  1588;19861001;19861031;  10;   2;   112.2;      0;      0;   48.6;eor
  1588;19861101;19861130;  10;   2;    28.3;      0;      0;   14.5;eor
  1588;19861201;19861231;  10;   2;    71.5;     18;     75;   16.1;eor
  1588;19870101;19870131;  10;   2;    28.6;     12;     67;   12.6;eor
  1588;19870201;19870228;  10;   2;    47.3;     15;     84;    8.3;eor
  1588;19870301;19870331;  10;   2;    49.5;     14;     20;   15.6;eor
  1588;19870401;19870430;  10;   2;    17.9;      0;      0;    5.9;eor
  1588;19870501;19870531;  10;   2;    98.1;      0;      0;   23.9;eor
  1588;19870601;19870630;  10;   2;   158.0;      0;      0;   29.5;eor
  1588;19870701;19870731;  10;   2;    53.7;      0;      0;   11.0;eor
  1588;19870801;19870831;  10;   2;    58.2;      0;      0;   21.3;eor
  1588;19870901;19870930;  10;   2;    57.6;      0;      0;   15.4;eor
  1588;19871001;19871031;  10;   2;    44.9;      0;      0;   14.0;eor
  1588;19871101;19871130;  10;   2;    47.2;      0;      0;    7.1;eor
  1588;19871201;19871231;  10;   2;    36.2;      0;      0;   11.2;eor
  1588;19880101;19880131;  10;   2;    47.2;      1;      1;    6.9;eor
  1588;19880201;19880229;  10;   2;    62.8;     26;     66;    7.5;eor
  1588;19880301;19880331;  10;   2;   147.7;     19;    137;   26.2;eor
  1588;19880401;19880430;  10;   2;    28.3;      0;      0;   10.3;eor
  1588;19880501;19880531;  10;   2;    46.9;      0;      0;   19.4;eor
  1588;19880601;19880630;  10;   2;    77.7;      0;      0;   23.5;eor
  1588;19880701;19880731;  10;   2;    61.7;      0;      0;   11.6;eor
  1588;19880801;19880831;  10;   2;    26.4;      0;      0;    6.2;eor
  1588;19880901;19880930;  10;   2;    50.5;      0;      0;   11.4;eor
  1588;19881001;19881031;  10;   2;    53.3;      0;      0;   11.9;eor
  1588;19881101;19881130;  10;   2;    42.4;     22;     87;   14.4;eor
  1588;19881201;19881231;  10;   2;    59.6;      2;      2;   20.2;eor
  1588;19890101;19890131;  10;   2;    16.3;      0;      0;    5.8;eor
  1588;19890201;19890228;  10;   2;    38.0;      0;      0;    6.3;eor
  1588;19890301;19890331;  10;   2;    18.7;      0;      0;    4.6;eor
  1588;19890401;19890430;  10;   2;   104.1;      0;      0;   35.6;eor
  1588;19890501;19890531;  10;   2;    30.7;      0;      0;   10.5;eor
  1588;19890601;19890630;  10;   2;    24.0;      0;      0;    4.9;eor
  1588;19890701;19890731;  10;   2;    72.9;      0;      0;   23.6;eor
  1588;19890801;19890831;  10;   2;    23.8;      0;      0;    4.6;eor
  1588;19890901;19890930;  10;   2;    20.4;      0;      0;    5.4;eor
  1588;19891001;19891031;  10;   2;    42.2;      0;      0;   11.4;eor
  1588;19891101;19891130;  10;   2;    38.2;      2;      3;   16.6;eor
  1588;19891201;19891231;  10;   2;    76.3;      0;      0;   12.0;eor
  1588;19900101;19900131;  10;   2;    17.6;      0;      0;    5.8;eor
  1588;19900201;19900228;  10;   2;    79.6;      4;      4;   16.5;eor
  1588;19900301;19900331;  10;   2;    22.7;      0;      0;    6.5;eor
  1588;19900401;19900430;  10;   2;    29.3;      0;      0;    6.8;eor
  1588;19900501;19900531;  10;   2;    13.8;      0;      0;   13.2;eor
  1588;19900601;19900630;  10;   2;   103.3;      0;      0;   15.5;eor
  1588;19900701;19900731;  10;   2;    27.3;      0;      0;    7.8;eor
  1588;19900801;19900831;  10;   2;    16.6;      0;      0;    5.6;eor
  1588;19900901;19900930;  10;   2;    78.6;      0;      0;   33.5;eor
  1588;19901001;19901031;  10;   2;    49.0;      0;      0;   14.8;eor
  1588;19901101;19901130;  10;   2;    61.9;      0;      0;   19.1;eor
  1588;19901201;19901231;  10;   2;    43.2;     20;    114;    7.1;eor
  1588;19910101;19910131;   9;   2;    28.4;      2;      2;    6.7;eor
  1588;19910201;19910228;   9;   2;    14.0;     23;    125;    5.1;eor
  1588;19910301;19910331;   9;   2;    25.2;      0;      0;    9.6;eor
  1588;19910401;19910430;   9;   2;    16.5;      0;      0;    5.1;eor
  1588;19910501;19910531;   9;   2;    38.2;      0;      0;   26.2;eor
  1588;19910601;19910630;   9;   2;    88.9;      0;      0;   19.5;eor
  1588;19910701;19910731;   9;   2;    42.0;      0;      0;   14.9;eor
  1588;19910801;19910831;   9;   2;    15.9;      0;      0;   11.1;eor
  1588;19910901;19910930;   9;   2;    45.3;      0;      0;   24.4;eor
  1588;19911001;19911031;   9;   2;    18.3;      0;      0;    7.1;eor
  1588;19911101;19911130;   9;   2;    79.0;      0;      0;   17.1;eor
  1588;19911201;19911231;   9;   2;    58.0;      5;      5;   15.7;eor
  1588;19920101;19920131;   9;   2;    19.8;      1;      1;    7.4;eor
  1588;19920201;19920229;   9;   2;    20.3;      4;      5;    6.4;eor
  1588;19920301;19920331;   9;   2;    88.3;      3;      3;   23.3;eor
  1588;19920401;19920430;   9;   2;    21.0;      0;      0;    4.7;eor
  1588;19920501;19920531;   9;   2;    22.3;      0;      0;    7.0;eor
  1588;19920601;19920630;   9;   2;   135.8;      0;      0;   36.6;eor
  1588;19920701;19920731;   9;   2;    91.4;      0;      0;   44.6;eor
  1588;19920801;19920831;   9;   2;    35.9;      0;      0;   15.6;eor
  1588;19920901;19920930;   9;   2;    36.0;      0;      0;   13.6;eor
  1588;19921001;19921031;   9;   2;    50.2;      0;      0;   23.6;eor
  1588;19921101;19921130;   9;   2;    67.4;      0;      0;    9.8;eor
  1588;19921201;19921231;   9;   2;    25.7;      0;      0;    6.6;eor
  1588;19930101;19930131;   9;   2;    34.9;      1;      1;    7.8;eor
  1588;19930201;19930228;   9;   2;    16.6;     11;     14;    6.1;eor
  1588;19930301;19930331;   9;   2;    13.2;      2;      2;    4.6;eor
  1588;19930401;19930430;   9;   2;    24.4;      0;      0;    6.8;eor
  1588;19930501;19930531;   9;   2;    50.1;      0;      0;   13.1;eor
  1588;19930601;19930630;   9;   2;    54.0;      0;      0;   16.3;eor
  1588;19930701;19930731;   9;   2;    58.8;      0;      0;    8.9;eor
  1588;19930801;19930831;   9;   2;    39.9;      0;      0;   17.8;eor
  1588;19930901;19930930;   9;   2;    39.1;      0;      0;    8.7;eor
  1588;19931001;19931031;   9;   2;    70.0;      0;      0;   14.9;eor
  1588;19931101;19931130;   9;   2;    24.0;      3;      5;    8.3;eor
  1588;19931201;19931231;   9;   2;   126.1;      7;     12;   46.5;eor
  1588;19940101;19940131;   9;   2;    47.5;      5;     13;    8.6;eor
  1588;19940201;19940228;   9;   2;    35.1;      8;     10;    9.8;eor
  1588;19940301;19940331;   9;   2;    51.4;      0;      0;    9.1;eor
  1588;19940401;19940430;   9;   2;    89.9;      0;      0;   25.2;eor
  1588;19940501;19940531;   9;   2;    52.2;      0;      0;   10.4;eor
  1588;19940601;19940630;   9;   2;    29.0;      0;      0;    8.9;eor
  1588;19940701;19940731;   9;   2;    39.2;      0;      0;   13.8;eor
  1588;19940801;19940831;   9;   2;    55.7;      0;      0;   10.8;eor
  1588;19940901;19940930;   9;   2;    49.3;      0;      0;   12.4;eor
  1588;19941001;19941031;   9;   2;    39.5;      0;      0;   12.8;eor
  1588;19941101;19941130;   9;   2;    30.8;      0;      0;    7.1;eor
  1588;19941201;19941231;   9;   2;    53.6;      2;      4;   13.8;eor
  1588;19950101;19950131;   9;   2;   114.9;     16;     76;   56.1;eor
  1588;19950201;19950228;   9;   2;    34.9;      0;      0;    7.8;eor
  1588;19950301;19950331;   9;   2;    83.8;      4;      6;   28.2;eor
  1588;19950401;19950430;   9;   2;    45.6;      0;      0;   14.9;eor
  1588;19950501;19950531;   9;   2;    57.8;      0;      0;   15.0;eor
  1588;19950601;19950630;   9;   2;    49.7;      0;      0;   11.8;eor
  1588;19950701;19950731;   9;   2;    69.2;      0;      0;   40.8;eor
  1588;19950801;19950831;   9;   2;    51.4;      0;      0;   11.7;eor
  1588;19950901;19950930;   9;   2;    97.0;      0;      0;   26.6;eor
  1588;19951001;19951031;   9;   2;    33.3;      0;      0;    7.1;eor
  1588;19951101;19951130;   9;   2;    43.7;      0;      0;   12.1;eor
  1588;19951201;19951231;   9;   2;    48.0;      2;      2;   11.4;eor
  1588;19960101;19960131;   9;   2;     9.5;      8;     43;    7.2;eor
  1588;19960201;19960229;   9;   2;    34.0;     17;     91;    9.6;eor
  1588;19960301;19960331;   9;   2;    13.3;      4;     11;    4.1;eor
  1588;19960401;19960430;   9;   2;    28.1;      2;      2;    8.0;eor
  1588;19960501;19960531;   9;   2;    65.7;      0;      0;    8.1;eor
  1588;19960601;19960630;   9;   2;    38.7;      0;      0;   13.5;eor
  1588;19960701;19960731;   9;   2;   130.8;      0;      0;   37.4;eor
  1588;19960801;19960831;   9;   2;    54.6;      0;      0;   16.7;eor
  1588;19960901;19960930;   9;   2;    25.7;      0;      0;    7.0;eor
  1588;19961001;19961031;   9;   2;    69.7;      0;      0;   15.9;eor
  1588;19961101;19961130;   9;   2;    51.9;      1;      1;   13.3;eor
  1588;19961201;19961231;   9;   2;    34.7;      9;     35;    5.2;eor
  1588;19970101;19970131;   9;   2;    13.0;      7;    271;    5.3;eor
  1588;19970201;19970228;   9;   2;    88.4;      0;      0;   34.8;eor
  1588;19970301;19970331;   9;   2;    28.3;      0;      0;    4.8;eor
  1588;19970401;19970430;   9;   2;    13.8;      0;      0;    3.0;eor
  1588;19970501;19970531;   9;   2;    14.6;      0;      0;    3.8;eor
  1588;19970601;19970630;   9;   2;    86.9;      0;      0;   23.6;eor
  1588;19970701;19970731;   9;   2;   156.5;      0;      0;   25.3;eor
  1588;19970801;19970831;   9;   2;    12.9;      0;      0;    6.7;eor
  1588;19970901;19970930;   9;   2;    14.4;      0;      0;    6.3;eor
  1588;19971001;19971031;   9;   2;    60.2;      0;      0;   12.6;eor
  1588;19971101;19971130;   9;   2;    24.0;      0;      0;    6.1;eor
  1588;19971201;19971231;   9;   2;    74.5;     10;     38;   30.6;eor
  1588;19980101;19980131;   9;   2;    37.1;      3;      7;    8.4;eor
  1588;19980201;19980228;   9;   2;    13.9;      0;      7;    5.1;eor
  1588;19980301;19980331;   9;   2;    43.5;      4;      4;   12.1;eor
  1588;19980401;19980430;   9;   2;    60.7;      0;      0;   11.4;eor
  1588;19980501;19980531;   9;   2;    37.7;      0;      0;   15.1;eor
  1588;19980601;19980630;   9;   2;    47.8;      0;      0;   12.3;eor
  1588;19980701;19980731;   9;   2;    26.7;      0;      0;    4.8;eor
  1588;19980801;19980831;   9;   2;    21.1;      0;      0;    8.0;eor
  1588;19980901;19980930;   9;   2;   103.7;      0;      0;   23.1;eor
  1588;19981001;19981031;   9;   2;   164.1;      0;      0;   40.6;eor
  1588;19981101;19981130;   9;   2;    51.4;      2;      6;    8.2;eor
  1588;19981201;19981231;   9;   2;    22.3;     18;     73;    3.7;eor
  1588;19990101;19990131;   9;   2;    52.5;     14;     34;    8.6;eor
  1588;19990201;19990228;   9;   2;    58.6;     13;     64;    7.8;eor
  1588;19990301;19990331;   9;   2;    47.1;      0;      0;   13.1;eor
  1588;19990401;19990430;   9;   2;    37.5;      0;      0;    6.7;eor
  1588;19990501;19990531;   9;   2;    81.4;      0;      0;   18.8;eor
  1588;19990601;19990630;   9;   2;    52.7;      0;      0;   10.2;eor
  1588;19990701;19990731;   9;   2;    91.3;      0;      0;   30.9;eor
  1588;19990801;19990831;   9;   2;    43.9;      0;      0;   12.1;eor
  1588;19990901;19990930;   9;   2;    36.6;      0;      0;    7.1;eor
  1588;19991001;19991031;   9;   2;    20.9;      0;      0;    3.7;eor
  1588;19991101;19991130;   9;   2;    58.9;     18;     36;   18.7;eor
  1588;19991201;19991231;   9;   2;    85.3;     13;     52;   14.3;eor
  1588;20000101;20000131;   9;   2;    41.2;      0;      0;   13.0;eor
  1588;20000201;20000229;   9;   2;    51.8;      0;      0;   13.7;eor
  1588;20000301;20000331;   9;   2;    65.1;      0;      0;   10.6;eor
  1588;20000401;20000430;   9;   2;    20.4;      0;      0;    9.6;eor
  1588;20000501;20000531;   9;   2;    32.9;      0;      0;    5.7;eor
  1588;20000601;20000630;   9;   2;    34.4;      0;      0;   25.5;eor
  1588;20000701;20000731;   9;   2;   116.0;      0;      0;   18.3;eor
  1588;20000801;20000831;   9;   2;    30.4;      0;      0;   11.0;eor
  1588;20000901;20000930;   9;   2;    55.4;      0;      0;   16.3;eor
  1588;20001001;20001031;   9;   2;    32.9;      0;      0;    5.1;eor
  1588;20001101;20001130;   9;   2;    44.1;      0;      0;    8.9;eor
  1588;20001201;20001231;   9;   2;    23.7;      1;      2;    7.6;eor
  1588;20010101;20010131;   9;   2;    40.6;      4;      5;   12.7;eor
  1588;20010201;20010228;   9;   2;    59.4;     11;     11;   11.6;eor
  1588;20010301;20010331;   9;   2;   129.1;      0;      0;   22.7;eor
  1588;20010401;20010430;   9;   2;    49.6;      0;      0;   18.6;eor
  1588;20010501;20010531;   9;   2;    19.5;      0;      0;   11.4;eor
  1588;20010601;20010630;   9;   2;    68.9;      0;      0;   19.6;eor
  1588;20010701;20010731;   9;   2;    46.6;      0;      0;   21.8;eor
  1588;20010801;20010831;   9;   2;    28.8;      0;      0;    7.8;eor
  1588;20010901;20010930;   9;   2;    90.0;      0;      0;   15.3;eor
  1588;20011001;20011031;   9;   2;    44.6;      0;      0;    9.4;eor
  1588;20011101;20011130;   9;   2;    91.9;      0;      0;   12.6;eor
  1588;20011201;20011231;   9;   2;    47.4;     46;     97;   17.7;eor
  1588;20020101;20020131;   9;   2;    19.8;   -999;    453;    4.7;eor
  1588;20020201;20020228;   9;   2;   127.1;   -999;      0;   22.1;eor
  1588;20020301;20020331;   9;   2;    63.8;   -999;      0;   22.8;eor
  1588;20020401;20020430;   9;   2;    45.7;   -999;      0;    9.5;eor
  1588;20020501;20020531;   9;   2;    68.9;   -999;      0;   13.1;eor
  1588;20020601;20020630;   9;   2;    47.4;   -999;      0;   19.6;eor
  1588;20020701;20020731;   9;   2;   117.1;   -999;      0;   62.1;eor
  1588;20020801;20020831;   9;   2;   100.7;   -999;      0;   32.6;eor
  1588;20020901;20020930;   9;   2;    51.7;   -999;      0;    9.6;eor
  1588;20021001;20021031;   9;   2;    83.1;   -999;      0;   12.1;eor
  1588;20021101;20021130;   9;   2;    87.8;   -999;      0;   17.7;eor
  1588;20021201;20021231;   9;   2;    42.6;   -999;      0;   11.3;eor
  1588;20030101;20030131;   9;   2;    59.4;     13;     21;   22.4;eor
  1588;20030201;20030228;   9;   2;    19.4;      8;     24;    7.9;eor
  1588;20030301;20030331;   9;   2;    23.8;      0;      0;    5.3;eor
  1588;20030401;20030430;   9;   2;    24.7;      0;      0;   10.2;eor
  1588;20030501;20030531;   9;   2;    50.6;      0;      0;   16.5;eor
  1588;20030601;20030630;   9;   2;    17.5;      0;      0;    6.8;eor
  1588;20030701;20030731;   9;   2;    42.3;      0;      0;   15.2;eor
  1588;20030801;20030831;   9;   2;     9.0;      0;      0;    2.6;eor
  1588;20030901;20030930;   9;   2;    26.8;      0;      0;    6.8;eor
  1588;20031001;20031031;   9;   2;    77.4;      0;      0;   18.6;eor
  1588;20031101;20031130;   9;   2;    34.6;      0;      0;   13.6;eor
  1588;20031201;20031231;   9;   2;    27.8;      0;      0;   15.2;eor
  1588;20040101;20040131;   9;   2;    73.2;     11;     47;   14.4;eor
  1588;20040201;20040229;   9;   2;    19.4;     15;     28;    8.1;eor
  1588;20040301;20040331;   9;   2;    21.5;      9;      9;    3.6;eor
  1588;20040401;20040430;   9;   2;    19.5;      0;      0;    6.1;eor
  1588;20040501;20040531;   9;   2;    56.1;      0;      0;   19.7;eor
  1588;20040601;20040630;   9;   2;    40.6;      0;      0;    8.9;eor
  1588;20040701;20040731;   9;   2;    60.4;      0;      0;   16.2;eor
  1588;20040801;20040831;   9;   2;    64.5;      0;      0;   13.6;eor
  1588;20040901;20040930;   9;   2;    45.8;      0;      0;   17.4;eor
  1588;20041001;20041031;   9;   2;    43.3;      0;      0;   10.4;eor
  1588;20041101;20041130;   9;   2;    38.4;      6;      6;   14.4;eor
  1588;20041201;20041231;   9;   2;    31.4;      0;      0;    7.8;eor
  1588;20050101;20050131;   9;   2;    37.8;     10;     17;   14.8;eor
  1588;20050201;20050228;   9;   2;    61.2;     38;    251;   12.0;eor
  1588;20050301;20050331;   9;   2;    33.5;     15;    179;    9.8;eor
  1588;20050401;20050430;   9;   2;    69.1;      0;      0;   19.5;eor
  1588;20050501;20050531;   9;   2;    40.2;      0;      0;    9.2;eor
  1588;20050601;20050630;   9;   2;    39.2;      0;      0;   17.2;eor
  1588;20050701;20050731;   9;   2;    81.6;      0;      0;   18.0;eor
  1588;20050801;20050831;   9;   2;    30.6;      0;      0;    9.6;eor
  1588;20050901;20050930;   9;   2;    66.4;      0;      0;   28.9;eor
  1588;20051001;20051031;   9;   2;    26.8;      0;      0;   21.7;eor
  1588;20051101;20051130;   9;   2;    39.3;     11;     18;    6.2;eor
  1588;20051201;20051231;   9;   2;    43.6;     17;     29;    8.8;eor
  1588;20060101;20060131;   9;   2;    16.0;     13;     45;    4.7;eor
  1588;20060201;20060228;   9;   2;    18.8;      6;     15;    6.6;eor
  1588;20060301;20060331;   9;   2;    63.9;     21;     68;   19.4;eor
  1588;20060401;20060430;   9;   2;    55.2;      0;      0;    9.7;eor
  1588;20060501;20060531;   9;   2;    98.1;      0;      0;   19.9;eor
  1588;20060601;20060630;   9;   2;    47.1;      0;      0;   14.2;eor
  1588;20060701;20060731;   9;   2;    51.4;      0;      0;   17.6;eor
  1588;20060801;20060831;   9;   2;   108.7;      0;      0;   18.4;eor
  1588;20060901;20060930;   9;   2;    32.9;      0;      0;   29.4;eor
  1588;20061001;20061031;   9;   2;    86.6;      0;      0;   35.2;eor
  1588;20061101;20061130;   9;   2;    17.5;      0;      0;    5.6;eor
  1588;20061201;20061231;   9;   2;    25.9;      0;      0;    6.2;eor
  1588;20070101;20070131;   9;   2;    75.2;     22;     70;   13.2;eor
  1588;20070201;20070228;   9;   2;    63.0;      0;      0;   10.3;eor
  1588;20070301;20070331;   9;   2;    51.6;      3;      3;   12.2;eor
  1588;20070401;20070430;   9;   2;     0.0;      0;      0;    0.0;eor
  1588;20070501;20070531;   9;   2;   161.0;      0;      0;   40.4;eor
  1588;20070601;20070630;   9;   2;   111.7;      0;      0;   41.1;eor
  1588;20070701;20070731;   9;   2;    90.9;      0;      0;   13.1;eor
  1588;20070801;20070831;   9;   2;    78.1;      0;      0;   36.7;eor
  1588;20070901;20070930;   9;   2;    71.1;      0;      0;   21.1;eor
  1588;20071001;20071031;   9;   2;     7.8;      0;      0;    2.5;eor
  1588;20071101;20071130;   9;   2;    58.2;      0;      0;   12.6;eor
  1588;20071201;20071231;   9;   2;    42.9;      2;      2;    9.6;eor
  1588;20080101;20080131;   9;   2;    32.6;      0;      0;   11.8;eor
  1588;20080201;20080229;   9;   2;    66.2;      0;      0;   23.8;eor
  1588;20080301;20080331;   9;   2;    75.8;      4;      5;   18.6;eor
  1588;20080401;20080430;   9;   2;   111.8;      0;      0;   34.1;eor
  1588;20080501;20080531;   9;   2;    14.4;      0;      0;    8.1;eor
  1588;20080601;20080630;   9;   2;    66.7;      0;      0;   29.4;eor
  1588;20080701;20080731;   9;   2;    31.7;      0;      0;    6.6;eor
  1588;20080801;20080831;   9;   2;    49.8;      0;      0;   23.2;eor
  1588;20080901;20080930;   9;   2;    48.1;      0;      0;   14.2;eor
  1588;20081001;20081031;   9;   2;    68.6;      0;      0;   15.0;eor
  1588;20081101;20081130;   9;   2;    26.5;      2;      2;   10.9;eor
  1588;20081201;20081231;   9;   2;    42.8;      4;      6;    8.1;eor
  1588;20090101;20090131;   9;   2;    25.9;      7;     89;   12.4;eor
  1588;20090201;20090228;   9;   2;    27.8;     20;     26;    5.9;eor
  1588;20090301;20090331;   9;   2;    54.1;      0;      0;    7.3;eor
  1588;20090401;20090430;   9;   2;    44.0;      0;      0;   16.6;eor
  1588;20090501;20090531;   9;   2;    56.8;      0;      0;   27.1;eor
  1588;20090601;20090630;   9;   2;    67.8;      0;      0;   18.1;eor
  1588;20090701;20090731;   9;   2;   117.3;      0;      0;   24.3;eor
  1588;20090801;20090831;   9;   2;    32.2;      0;      0;   17.8;eor
  1588;20090901;20090930;   9;   2;    24.7;      0;      0;   12.2;eor
  1588;20091001;20091031;   9;   2;    55.1;      0;      0;   18.5;eor
  1588;20091101;20091130;   9;   2;    65.8;      0;      0;   18.8;eor
  1588;20091201;20091231;   9;   2;    77.2;     14;     28;   12.7;eor
  1588;20100101;20100131;   9;   2;    45.0;     41;    227;   10.5;eor
  1588;20100201;20100228;   9;   2;    29.6;     12;    114;    4.9;eor
  1588;20100301;20100331;   9;   2;    34.7;      8;     23;    5.5;eor
  1588;20100401;20100430;   9;   2;    33.0;      0;      0;   18.1;eor
  1588;20100501;20100531;   9;   2;    82.3;      0;      0;   14.0;eor
  1588;20100601;20100630;   9;   2;    41.3;      0;      0;   13.1;eor
  1588;20100701;20100731;   9;   2;    56.0;      0;      0;   15.6;eor
  1588;20100801;20100831;   9;   2;   141.6;      0;      0;   22.7;eor
  1588;20100901;20100930;   9;   2;    63.9;      0;      0;   27.6;eor
  1588;20101001;20101031;  10;   2;    29.8;   -999;   -999;    7.3;eor
  1588;20101101;20101130;   7;   2;    89.6;      7;      8;   22.1;eor
  1588;20101201;20101231;   7;   2;    99.2;     73;    418;   24.2;eor
  1588;20110101;20110131;   3;   2;    34.5;      1;    223;   10.6;eor
  1588;20110201;20110228;   3;   2;    28.4;      0;      0;    9.2;eor
  1588;20110301;20110331;   3;   2;     6.4;      0;      0;    2.8;eor
  1588;20110401;20110430;   3;   2;    14.1;      0;      0;    4.6;eor
  1588;20110501;20110531;   3;   2;    30.3;      0;      0;   13.0;eor
  1588;20110601;20110630;   3;   2;    76.6;      0;      0;   14.9;eor
  1588;20110701;20110731;   3;   2;    89.9;      0;      0;   21.2;eor
  1588;20110801;20110831;   3;   2;   103.1;      0;      0;   33.4;eor
  1588;20110901;20110930;   3;   2;    35.1;      0;      0;    9.7;eor
  1588;20111001;20111031;   3;   2;    41.1;      0;      0;   10.6;eor
  1588;20111101;20111130;   3;   2;     1.7;      0;      0;    0.5;eor
  1588;20111201;20111231;   3;   2;   129.3;      0;      0;   55.1;eor
  1588;20120101;20120131;   3;   2;    72.9;      0;      0;   17.8;eor
  1588;20120201;20120229;   3;   2;    16.0;      9;     19;    3.0;eor
  1588;20120301;20120331;   3;   2;     7.5;      0;      0;    2.7;eor
  1588;20120401;20120430;   3;   2;    15.7;      0;      0;    3.7;eor
  1588;20120501;20120531;   3;   2;    35.0;      0;      0;   11.8;eor
  1588;20120601;20120630;   3;   2;    75.6;      0;      0;   26.1;eor
  1588;20120701;20120731;   3;   2;    65.5;      0;      0;   16.9;eor
  1588;20120801;20120831;   3;   2;    42.1;      0;      0;   18.2;eor
  1588;20120901;20120930;   3;   2;    46.2;      0;      0;   12.6;eor
  1588;20121001;20121031;   3;   2;    51.9;      0;      0;   11.3;eor
  1588;20121101;20121130;   3;   2;    84.9;      0;      0;   24.2;eor
  1588;20121201;20121231;   3;   2;    79.9;     13;     29;   13.6;eor
  1588;20130101;20130131;   3;   2;    33.2;     14;    122;    8.8;eor
  1588;20130201;20130228;   3;   2;    50.1;     25;     67;    9.6;eor
  1588;20130301;20130331;   3;   2;    28.6;     11;     23;    9.2;eor
  1588;20130401;20130430;   3;   2;    54.8;      0;      0;   12.9;eor
  1588;20130501;20130531;   3;   2;   125.5;      0;      0;   39.4;eor
  1588;20130601;20130630;   3;   2;    31.9;      0;      0;   10.5;eor
  1588;20130701;20130731;   3;   2;    57.7;      0;      0;   31.3;eor
  1588;20130801;20130831;   3;   2;    78.2;      0;      0;   37.3;eor
  1588;20130901;20130930;   3;   2;    87.7;      0;      0;   25.4;eor
  1588;20131001;20131031;   3;   2;    66.4;      0;      0;   18.7;eor
  1588;20131101;20131130;   3;   2;    58.1;      0;      0;   15.8;eor
  1588;20131201;20131231;   3;   2;    29.5;      2;      2;    8.8;eor
  1588;20140101;20140131;   3;   2;    30.5;   -999;   -999;    6.8;eor
  1588;20140201;20140228;   3;   2;    37.5;   -999;   -999;   11.3;eor
  1588;20140301;20140331;   3;   2;     5.2;   -999;   -999;    1.7;eor
  1588;20140401;20140430;   3;   2;    33.9;   -999;   -999;    9.9;eor
  1588;20140501;20140531;   3;   2;    65.7;   -999;   -999;   17.9;eor
  1588;20140601;20140630;   3;   2;    32.5;   -999;   -999;   17.9;eor
  1588;20140701;20140731;   3;   2;   127.1;   -999;   -999;   27.6;eor
  1588;20140801;20140831;   3;   2;    92.1;   -999;   -999;   23.7;eor
  1588;20140901;20140930;   3;   2;    54.3;   -999;   -999;   23.6;eor
  1588;20141001;20141031;   3;   2;    37.2;   -999;   -999;   12.1;eor
  1588;20141101;20141130;   3;   2;    39.7;   -999;   -999;   16.6;eor
  1588;20141201;20141231;   3;   2;    43.7;     13;     40;    8.2;eor
