STATIONS_ID; MESS_DATUM_BEGINN; MESS_DATUM_ENDE; QUALITAETS_NIVEAU; ART; NIEDERSCHLAGSHOEHE;NEUSCHNEEHOEHE;SCHNEEHOEHE; max(NIEDERSCHLAGSHOEHE);eor
  4514;19140101;19140131;   5;   2;    48.0;   -999;   -999;-999;eor
  4514;19140201;19140228;   5;   2;    36.0;   -999;   -999;-999;eor
  4514;19140301;19140331;   5;   2;   144.0;   -999;   -999;-999;eor
  4514;19140401;19140430;   5;   2;    47.0;   -999;   -999;-999;eor
  4514;19140501;19140531;   5;   2;    62.0;   -999;   -999;-999;eor
  4514;19140601;19140630;   5;   2;    39.0;   -999;   -999;-999;eor
  4514;19140701;19140731;   5;   2;   103.0;   -999;   -999;-999;eor
  4514;19140801;19140831;   5;   2;    43.0;   -999;   -999;-999;eor
  4514;19140901;19140930;   5;   2;   108.0;   -999;   -999;-999;eor
  4514;19141001;19141031;   5;   2;    53.0;   -999;   -999;-999;eor
  4514;19141101;19141130;   5;   2;    56.0;   -999;   -999;-999;eor
  4514;19141201;19141231;   5;   2;    63.0;   -999;   -999;-999;eor
  4514;19150101;19150131;   5;   2;    84.0;   -999;   -999;-999;eor
  4514;19150201;19150228;   5;   2;    33.0;   -999;   -999;-999;eor
  4514;19150301;19150331;   5;   2;   100.0;   -999;   -999;-999;eor
  4514;19150401;19150430;   5;   2;    40.0;   -999;   -999;-999;eor
  4514;19150501;19150531;   5;   2;    30.0;   -999;   -999;-999;eor
  4514;19150601;19150630;   5;   2;    13.0;   -999;   -999;-999;eor
  4514;19150701;19150731;   5;   2;    90.0;   -999;   -999;-999;eor
  4514;19150801;19150831;   5;   2;    56.0;   -999;   -999;-999;eor
  4514;19150901;19150930;   5;   2;    29.0;   -999;   -999;-999;eor
  4514;19151001;19151031;   5;   2;    13.0;   -999;   -999;-999;eor
  4514;19151101;19151130;   5;   2;    34.0;   -999;   -999;-999;eor
  4514;19151201;19151231;   5;   2;   127.0;   -999;   -999;-999;eor
  4514;19160101;19160131;   5;   2;   124.0;   -999;   -999;-999;eor
  4514;19160201;19160229;   5;   2;    64.0;   -999;   -999;-999;eor
  4514;19160301;19160331;   5;   2;    30.0;   -999;   -999;-999;eor
  4514;19160401;19160430;   5;   2;    44.0;   -999;   -999;-999;eor
  4514;19160501;19160531;   5;   2;    95.0;   -999;   -999;-999;eor
  4514;19160601;19160630;   5;   2;    81.0;   -999;   -999;-999;eor
  4514;19160701;19160731;   5;   2;    66.0;   -999;   -999;-999;eor
  4514;19160801;19160831;   5;   2;    80.0;   -999;   -999;-999;eor
  4514;19160901;19160930;   5;   2;    47.0;   -999;   -999;-999;eor
  4514;19161001;19161031;   5;   2;    78.0;   -999;   -999;-999;eor
  4514;19161101;19161130;   5;   2;    60.0;   -999;   -999;-999;eor
  4514;19161201;19161231;   5;   2;    82.0;   -999;   -999;-999;eor
  4514;19170101;19170131;   5;   2;    43.0;   -999;   -999;-999;eor
  4514;19170201;19170228;   5;   2;    10.0;   -999;   -999;-999;eor
  4514;19170301;19170331;   5;   2;    40.0;   -999;   -999;-999;eor
  4514;19170401;19170430;   5;   2;    56.0;   -999;   -999;-999;eor
  4514;19170501;19170531;   5;   2;    15.0;   -999;   -999;-999;eor
  4514;19170601;19170630;   5;   2;    21.0;   -999;   -999;-999;eor
  4514;19170701;19170731;   5;   2;    54.0;   -999;   -999;-999;eor
  4514;19170801;19170831;   5;   2;   192.0;   -999;   -999;-999;eor
  4514;19170901;19170930;   5;   2;    35.0;   -999;   -999;-999;eor
  4514;19171001;19171031;   5;   2;   104.0;   -999;   -999;-999;eor
  4514;19171101;19171130;   5;   2;    51.0;   -999;   -999;-999;eor
  4514;19171201;19171231;   5;   2;    64.0;   -999;   -999;-999;eor
  4514;19180101;19180131;   5;   2;   102.0;   -999;   -999;-999;eor
  4514;19180201;19180228;   5;   2;    89.0;   -999;   -999;-999;eor
  4514;19180301;19180331;   5;   2;    17.0;   -999;   -999;-999;eor
  4514;19180401;19180430;   5;   2;   103.0;   -999;   -999;-999;eor
  4514;19180501;19180531;   5;   2;    23.0;   -999;   -999;-999;eor
  4514;19180601;19180630;   5;   2;    71.0;   -999;   -999;-999;eor
  4514;19180701;19180731;   5;   2;    79.0;   -999;   -999;-999;eor
  4514;19180801;19180831;   5;   2;    76.0;   -999;   -999;-999;eor
  4514;19180901;19180930;   5;   2;   101.0;   -999;   -999;-999;eor
  4514;19181001;19181031;   5;   2;    29.0;   -999;   -999;-999;eor
  4514;19181101;19181130;   5;   2;    20.0;   -999;   -999;-999;eor
  4514;19181201;19181231;   5;   2;   105.0;   -999;   -999;-999;eor
  4514;19200101;19200131;   5;   2;    91.0;   -999;   -999;-999;eor
  4514;19200201;19200229;   5;   2;    52.0;   -999;   -999;-999;eor
  4514;19200301;19200331;   5;   2;    16.0;   -999;   -999;-999;eor
  4514;19200401;19200430;   5;   2;    56.0;   -999;   -999;-999;eor
  4514;19200501;19200531;   5;   2;    80.0;   -999;   -999;-999;eor
  4514;19200601;19200630;   5;   2;    32.0;   -999;   -999;-999;eor
  4514;19200701;19200731;   5;   2;    95.0;   -999;   -999;-999;eor
  4514;19200801;19200831;   5;   2;    80.0;   -999;   -999;-999;eor
  4514;19200901;19200930;   5;   2;    48.0;   -999;   -999;-999;eor
  4514;19201001;19201031;   5;   2;     9.0;   -999;   -999;-999;eor
  4514;19201101;19201130;   5;   2;    12.0;   -999;   -999;-999;eor
  4514;19201201;19201231;   5;   2;    48.0;   -999;   -999;-999;eor
  4514;19210101;19210131;   5;   2;   188.0;   -999;   -999;-999;eor
  4514;19210201;19210228;   5;   2;    26.0;   -999;   -999;-999;eor
  4514;19210301;19210331;   5;   2;    25.0;   -999;   -999;-999;eor
  4514;19210401;19210430;   5;   2;    46.0;   -999;   -999;-999;eor
  4514;19210501;19210531;   5;   2;    50.0;   -999;   -999;-999;eor
  4514;19210601;19210630;   5;   2;    99.0;   -999;   -999;-999;eor
  4514;19210701;19210731;   5;   2;    20.0;   -999;   -999;-999;eor
  4514;19210801;19210831;   5;   2;    50.0;   -999;   -999;-999;eor
  4514;19210901;19210930;   5;   2;    39.0;   -999;   -999;-999;eor
  4514;19211001;19211031;   5;   2;    40.0;   -999;   -999;-999;eor
  4514;19211101;19211130;   5;   2;    45.0;   -999;   -999;-999;eor
  4514;19211201;19211231;   5;   2;    90.0;   -999;   -999;-999;eor
  4514;19230101;19230131;   5;   2;    68.0;   -999;   -999;-999;eor
  4514;19230201;19230228;   5;   2;    44.0;   -999;   -999;-999;eor
  4514;19230301;19230331;   5;   2;    26.0;   -999;   -999;-999;eor
  4514;19230401;19230430;   5;   2;    29.0;   -999;   -999;-999;eor
  4514;19230501;19230531;   5;   2;    85.0;   -999;   -999;-999;eor
  4514;19230601;19230630;   5;   2;    52.0;   -999;   -999;-999;eor
  4514;19230701;19230731;   5;   2;   130.0;   -999;   -999;-999;eor
  4514;19230801;19230831;   5;   2;    59.0;   -999;   -999;-999;eor
  4514;19230901;19230930;   5;   2;    53.0;   -999;   -999;-999;eor
  4514;19231001;19231031;   5;   2;    70.0;   -999;   -999;-999;eor
  4514;19231101;19231130;   5;   2;    65.0;   -999;   -999;-999;eor
  4514;19231201;19231231;   5;   2;    50.0;   -999;   -999;-999;eor
  4514;19240101;19240131;   5;   2;    23.0;   -999;   -999;-999;eor
  4514;19240201;19240229;   5;   2;    45.0;   -999;   -999;-999;eor
  4514;19240301;19240331;   5;   2;    27.0;   -999;   -999;-999;eor
  4514;19240401;19240430;   5;   2;    93.0;   -999;   -999;-999;eor
  4514;19240501;19240531;   5;   2;    68.0;   -999;   -999;-999;eor
  4514;19240601;19240630;   5;   2;   105.0;   -999;   -999;-999;eor
  4514;19240701;19240731;   5;   2;    94.0;   -999;   -999;-999;eor
  4514;19240801;19240831;   5;   2;   134.0;   -999;   -999;-999;eor
  4514;19240901;19240930;   5;   2;   114.0;   -999;   -999;-999;eor
  4514;19241001;19241031;   5;   2;    35.0;   -999;   -999;-999;eor
  4514;19241101;19241130;   5;   2;    30.0;   -999;   -999;-999;eor
  4514;19241201;19241231;   5;   2;    20.0;   -999;   -999;-999;eor
  4514;19260101;19260131;   5;   2;    77.0;   -999;   -999;-999;eor
  4514;19260201;19260228;   5;   2;    70.0;   -999;   -999;-999;eor
  4514;19260301;19260331;   5;   2;    67.0;   -999;   -999;-999;eor
  4514;19260401;19260430;   5;   2;    61.0;   -999;   -999;-999;eor
  4514;19260501;19260531;   5;   2;    83.0;   -999;   -999;-999;eor
  4514;19260601;19260630;   5;   2;   115.0;   -999;   -999;-999;eor
  4514;19260701;19260731;   5;   2;   157.0;   -999;   -999;-999;eor
  4514;19260801;19260831;   5;   2;    53.0;   -999;   -999;-999;eor
  4514;19260901;19260930;   5;   2;    59.0;   -999;   -999;-999;eor
  4514;19261001;19261031;   5;   2;   111.0;   -999;   -999;-999;eor
  4514;19261101;19261130;   5;   2;   100.0;   -999;   -999;-999;eor
  4514;19261201;19261231;   5;   2;    83.0;   -999;   -999;-999;eor
  4514;19270101;19270131;   5;   2;    74.0;   -999;   -999;-999;eor
  4514;19270201;19270228;   5;   2;    24.0;   -999;   -999;-999;eor
  4514;19270301;19270331;   5;   2;    53.0;   -999;   -999;-999;eor
  4514;19270401;19270430;   5;   2;   111.0;   -999;   -999;-999;eor
  4514;19270501;19270531;   5;   2;    56.0;   -999;   -999;-999;eor
  4514;19270601;19270630;   5;   2;   112.0;   -999;   -999;-999;eor
  4514;19270701;19270731;   5;   2;   132.0;   -999;   -999;-999;eor
  4514;19270801;19270831;   5;   2;   110.0;   -999;   -999;-999;eor
  4514;19270901;19270930;   5;   2;    70.0;   -999;   -999;-999;eor
  4514;19271001;19271031;   5;   2;    40.0;   -999;   -999;-999;eor
  4514;19271101;19271130;   5;   2;    53.0;   -999;   -999;-999;eor
  4514;19271201;19271231;   5;   2;    48.0;   -999;   -999;-999;eor
  4514;19280101;19280131;   5;   2;   115.0;   -999;   -999;-999;eor
  4514;19280201;19280229;   5;   2;   112.0;   -999;   -999;-999;eor
  4514;19280301;19280331;   5;   2;    19.0;   -999;   -999;-999;eor
  4514;19280401;19280430;   5;   2;    63.0;   -999;   -999;-999;eor
  4514;19280501;19280531;   5;   2;    99.0;   -999;   -999;-999;eor
  4514;19280601;19280630;   5;   2;    49.0;   -999;   -999;-999;eor
  4514;19280701;19280731;   5;   2;    52.0;   -999;   -999;-999;eor
  4514;19280801;19280831;   5;   2;   151.0;   -999;   -999;-999;eor
  4514;19280901;19280930;   5;   2;    11.0;   -999;   -999;-999;eor
  4514;19281001;19281031;   5;   2;    92.0;   -999;   -999;-999;eor
  4514;19281101;19281130;   5;   2;   245.0;   -999;   -999;-999;eor
  4514;19281201;19281231;   5;   2;    63.0;   -999;   -999;-999;eor
  4514;19290101;19290131;   5;   2;    20.0;   -999;   -999;-999;eor
  4514;19290201;19290228;   5;   2;    29.0;   -999;   -999;-999;eor
  4514;19290301;19290331;   5;   2;    11.0;   -999;   -999;-999;eor
  4514;19290401;19290430;   5;   2;    47.0;   -999;   -999;-999;eor
  4514;19290501;19290531;   5;   2;    16.0;   -999;   -999;-999;eor
  4514;19290601;19290630;   5;   2;    77.0;   -999;   -999;-999;eor
  4514;19290701;19290731;   5;   2;    54.0;   -999;   -999;-999;eor
  4514;19290801;19290831;   5;   2;    35.0;   -999;   -999;-999;eor
  4514;19290901;19290930;   5;   2;    50.0;   -999;   -999;-999;eor
  4514;19291001;19291031;   5;   2;   159.0;   -999;   -999;-999;eor
  4514;19291101;19291130;   5;   2;    40.0;   -999;   -999;-999;eor
  4514;19291201;19291231;   5;   2;   133.0;   -999;   -999;-999;eor
  4514;19300101;19300131;   5;   2;    60.0;   -999;   -999;-999;eor
  4514;19300201;19300228;   5;   2;    12.0;   -999;   -999;-999;eor
  4514;19300301;19300331;   5;   2;    28.0;   -999;   -999;-999;eor
  4514;19300401;19300430;   5;   2;    45.0;   -999;   -999;-999;eor
  4514;19300501;19300531;   5;   2;    61.0;   -999;   -999;-999;eor
  4514;19300601;19300630;   5;   2;    26.0;   -999;   -999;-999;eor
  4514;19300701;19300731;   5;   2;    65.0;   -999;   -999;-999;eor
  4514;19300801;19300831;   5;   2;   190.0;   -999;   -999;-999;eor
  4514;19300901;19300930;   5;   2;   110.0;   -999;   -999;-999;eor
  4514;19301001;19301031;   5;   2;    97.0;   -999;   -999;-999;eor
  4514;19301101;19301130;   5;   2;   170.0;   -999;   -999;-999;eor
  4514;19301201;19301231;   5;   2;    16.0;   -999;   -999;-999;eor
  4514;19310101;19310131;   5;   2;   112.8;   -999;   -999;   23.7;eor
  4514;19310201;19310228;   5;   2;    62.2;   -999;   -999;   17.0;eor
  4514;19310301;19310331;   5;   2;    29.1;   -999;   -999;   10.8;eor
  4514;19310401;19310430;   5;   2;    72.1;   -999;   -999;   10.5;eor
  4514;19310501;19310531;   5;   2;    68.4;   -999;   -999;   23.5;eor
  4514;19310601;19310630;   5;   2;    66.2;   -999;   -999;   16.2;eor
  4514;19310701;19310731;   5;   2;   283.6;   -999;   -999;   78.6;eor
  4514;19310801;19310831;   5;   2;   103.0;   -999;   -999;   38.6;eor
  4514;19310901;19310930;   5;   2;   104.8;   -999;   -999;   36.7;eor
  4514;19311001;19311031;   5;   2;    53.2;   -999;   -999;    9.5;eor
  4514;19311101;19311130;   5;   2;    17.8;   -999;   -999;    3.7;eor
  4514;19311201;19311231;   5;   2;    67.6;   -999;   -999;   13.6;eor
  4514;19320101;19320131;   5;   2;    90.0;   -999;   -999;   25.0;eor
  4514;19320201;19320229;   5;   2;    12.6;   -999;   -999;    6.7;eor
  4514;19320301;19320331;   5;   2;    22.5;   -999;   -999;    6.2;eor
  4514;19320401;19320430;   5;   2;    81.4;   -999;   -999;   22.9;eor
  4514;19320501;19320531;   5;   2;   107.1;   -999;   -999;   25.8;eor
  4514;19320601;19320630;   5;   2;    15.0;   -999;   -999;    5.4;eor
  4514;19320701;19320731;   5;   2;   151.3;   -999;   -999;   28.6;eor
  4514;19320801;19320831;   5;   2;    38.4;   -999;   -999;   14.3;eor
  4514;19320901;19320930;   5;   2;   101.7;   -999;   -999;   31.9;eor
  4514;19321001;19321031;   5;   2;   132.4;   -999;   -999;   15.6;eor
  4514;19321101;19321130;   5;   2;    43.7;   -999;   -999;    8.7;eor
  4514;19321201;19321231;   5;   2;    13.9;   -999;   -999;    7.5;eor
  4514;19330101;19330131;   5;   2;    31.8;   -999;   -999;    7.3;eor
  4514;19330201;19330228;   5;   2;    60.3;   -999;   -999;   17.4;eor
  4514;19330301;19330331;   5;   2;    42.6;   -999;   -999;   19.9;eor
  4514;19330401;19330430;   5;   2;    37.3;   -999;   -999;    9.2;eor
  4514;19330501;19330531;   5;   2;    49.5;   -999;   -999;   12.4;eor
  4514;19330601;19330630;   5;   2;   189.8;   -999;   -999;   98.5;eor
  4514;19330701;19330731;   5;   2;    97.2;   -999;   -999;   20.9;eor
  4514;19330801;19330831;   5;   2;    57.2;   -999;   -999;   14.3;eor
  4514;19330901;19330930;   5;   2;    31.1;   -999;   -999;   15.1;eor
  4514;19331001;19331031;   5;   2;    53.9;   -999;   -999;   14.1;eor
  4514;19331101;19331130;   5;   2;    36.6;   -999;   -999;    8.3;eor
  4514;19331201;19331231;   5;   2;    16.5;   -999;   -999;    2.6;eor
  4514;19340101;19340131;   5;   2;    63.2;   -999;   -999;   16.8;eor
  4514;19340201;19340228;   5;   2;    40.0;   -999;   -999;   13.1;eor
  4514;19340301;19340331;   5;   2;    37.4;   -999;   -999;   12.6;eor
  4514;19340401;19340430;   5;   2;    20.4;   -999;   -999;    4.2;eor
  4514;19340501;19340531;   5;   2;    51.7;   -999;   -999;   15.8;eor
  4514;19340601;19340630;   5;   2;    21.8;   -999;   -999;    5.7;eor
  4514;19340701;19340731;   5;   2;    42.6;   -999;   -999;   12.7;eor
  4514;19340801;19340831;   5;   2;    36.9;   -999;   -999;    7.6;eor
  4514;19340901;19340930;   5;   2;    34.4;   -999;   -999;   13.5;eor
  4514;19341001;19341031;   5;   2;    80.5;   -999;   -999;   14.2;eor
  4514;19341101;19341130;   5;   2;    70.6;   -999;   -999;   51.7;eor
  4514;19341201;19341231;   5;   2;    51.3;   -999;   -999;   13.2;eor
  4514;19350101;19350131;   5;   2;    51.7;   -999;   -999;    9.6;eor
  4514;19350201;19350228;   5;   2;    92.9;   -999;   -999;   20.8;eor
  4514;19350301;19350331;   5;   2;    33.3;   -999;   -999;    9.6;eor
  4514;19350401;19350430;   5;   2;    73.0;   -999;   -999;   13.3;eor
  4514;19350501;19350531;   5;   2;    45.0;   -999;   -999;   25.4;eor
  4514;19350601;19350630;   5;   2;    90.7;   -999;   -999;   18.4;eor
  4514;19350701;19350731;   5;   2;    78.9;   -999;   -999;   19.5;eor
  4514;19350801;19350831;   5;   2;    27.9;   -999;   -999;   11.7;eor
  4514;19350901;19350930;   5;   2;    88.2;   -999;   -999;   12.8;eor
  4514;19351001;19351031;   5;   2;    64.5;   -999;   -999;   10.3;eor
  4514;19351101;19351130;   5;   2;    33.0;   -999;   -999;   13.8;eor
  4514;19351201;19351231;   5;   2;    25.7;   -999;   -999;    3.5;eor
  4514;19360101;19360131;   5;   2;    49.1;   -999;   -999;    6.9;eor
  4514;19360201;19360229;   5;   2;    76.0;   -999;   -999;   12.1;eor
  4514;19360301;19360331;   5;   2;    16.2;   -999;   -999;    3.5;eor
  4514;19360401;19360430;   5;   2;    87.9;   -999;   -999;   26.8;eor
  4514;19360501;19360531;   5;   2;    39.7;   -999;   -999;   13.0;eor
  4514;19360601;19360630;   5;   2;    35.6;   -999;   -999;   26.3;eor
  4514;19360701;19360731;   5;   2;   126.8;   -999;   -999;   23.9;eor
  4514;19360801;19360831;   5;   2;    58.0;   -999;   -999;   20.1;eor
  4514;19360901;19360930;   5;   2;    58.4;   -999;   -999;   16.5;eor
  4514;19361001;19361031;   5;   2;    78.1;   -999;   -999;   13.1;eor
  4514;19361101;19361130;   5;   2;    62.7;   -999;   -999;   10.6;eor
  4514;19361201;19361231;   5;   2;    40.9;   -999;   -999;   10.5;eor
  4514;19370101;19370131;   5;   2;    48.2;   -999;   -999;    9.9;eor
  4514;19370201;19370228;   5;   2;   107.2;   -999;   -999;   11.4;eor
  4514;19370301;19370331;   5;   2;    63.4;   -999;   -999;    9.1;eor
  4514;19370401;19370430;   5;   2;    60.2;   -999;   -999;    9.6;eor
  4514;19370501;19370531;   5;   2;    68.6;   -999;   -999;   19.2;eor
  4514;19370601;19370630;   5;   2;   141.0;   -999;   -999;   47.1;eor
  4514;19370701;19370731;   5;   2;    68.7;   -999;   -999;   15.9;eor
  4514;19370801;19370831;   5;   2;    45.4;   -999;   -999;   24.2;eor
  4514;19370901;19370930;   5;   2;    64.7;   -999;   -999;   12.2;eor
  4514;19371001;19371031;   5;   2;    21.2;   -999;   -999;    8.0;eor
  4514;19371101;19371130;   5;   2;    41.3;   -999;   -999;    6.7;eor
  4514;19371201;19371231;   5;   2;    37.4;   -999;   -999;   13.7;eor
  4514;19380101;19380131;   5;   2;   105.8;   -999;   -999;   19.7;eor
  4514;19380201;19380228;   5;   2;    29.5;   -999;   -999;    9.8;eor
  4514;19380301;19380331;   5;   2;    24.3;   -999;   -999;    7.6;eor
  4514;19380401;19380430;   5;   2;    35.7;   -999;   -999;    8.8;eor
  4514;19380501;19380531;   5;   2;    44.3;   -999;   -999;   13.6;eor
  4514;19380601;19380630;   5;   2;    40.3;   -999;   -999;   16.4;eor
  4514;19380701;19380731;   5;   2;    65.3;   -999;   -999;   10.5;eor
  4514;19380801;19380831;   5;   2;    42.8;   -999;   -999;   11.0;eor
  4514;19380901;19380930;   5;   2;    48.8;   -999;   -999;   17.8;eor
  4514;19381001;19381031;   5;   2;    92.2;   -999;   -999;   16.5;eor
  4514;19381101;19381130;   5;   2;    65.6;   -999;   -999;   13.2;eor
  4514;19381201;19381231;   5;   2;    52.4;   -999;   -999;   11.1;eor
  4514;19390101;19390131;   5;   2;    78.2;   -999;   -999;   12.4;eor
  4514;19390201;19390228;   5;   2;    25.9;   -999;   -999;    5.6;eor
  4514;19390301;19390331;   5;   2;    55.0;   -999;   -999;   18.7;eor
  4514;19390401;19390430;   5;   2;    87.1;   -999;   -999;   13.3;eor
  4514;19390501;19390531;   5;   2;    45.5;   -999;   -999;   39.2;eor
  4514;19390601;19390630;   5;   2;    26.5;   -999;   -999;   19.8;eor
  4514;19390701;19390731;   5;   2;    74.0;   -999;   -999;   23.4;eor
  4514;19390801;19390831;   5;   2;    70.7;   -999;   -999;   12.8;eor
  4514;19390901;19390930;   5;   2;    22.2;   -999;   -999;    9.5;eor
  4514;19391001;19391031;   5;   2;    79.0;   -999;   -999;   21.9;eor
  4514;19391101;19391130;   5;   2;   100.4;   -999;   -999;   22.1;eor
  4514;19391201;19391231;   5;   2;    44.0;   -999;   -999;   17.4;eor
  4514;19400101;19400131;   5;   2;    16.2;   -999;   -999;    7.2;eor
  4514;19400201;19400229;   5;   2;    33.7;   -999;   -999;    8.7;eor
  4514;19400301;19400331;   5;   2;    85.1;   -999;   -999;   18.1;eor
  4514;19400401;19400430;   5;   2;    93.0;   -999;   -999;   15.3;eor
  4514;19400501;19400531;   5;   2;    38.0;   -999;   -999;   23.3;eor
  4514;19400601;19400630;   5;   2;    46.2;   -999;   -999;   17.0;eor
  4514;19400701;19400731;   5;   2;    99.9;   -999;   -999;   19.5;eor
  4514;19400801;19400831;   5;   2;   119.5;   -999;   -999;   32.5;eor
  4514;19400901;19400930;   5;   2;    94.8;   -999;   -999;   12.8;eor
  4514;19401001;19401031;   5;   2;    46.6;   -999;   -999;   24.7;eor
  4514;19401101;19401130;   5;   2;   100.8;   -999;   -999;   22.1;eor
  4514;19401201;19401231;   5;   2;    80.6;   -999;   -999;   14.9;eor
  4514;19410101;19410131;   5;   2;    36.7;   -999;   -999;    7.8;eor
  4514;19410201;19410228;   5;   2;    58.5;   -999;   -999;   13.3;eor
  4514;19410301;19410331;   5;   2;    26.8;   -999;   -999;    6.7;eor
  4514;19410401;19410430;   5;   2;    30.4;   -999;   -999;    6.1;eor
  4514;19410501;19410531;   5;   2;    64.1;   -999;   -999;   22.7;eor
  4514;19410601;19410630;   5;   2;    38.8;   -999;   -999;   15.7;eor
  4514;19410701;19410731;   5;   2;    71.1;   -999;   -999;   39.5;eor
  4514;19410801;19410831;   5;   2;   139.9;   -999;   -999;   35.0;eor
  4514;19410901;19410930;   5;   2;    37.9;   -999;   -999;   13.6;eor
  4514;19411001;19411031;   5;   2;   143.4;   -999;   -999;   26.2;eor
  4514;19411101;19411130;   5;   2;    47.3;   -999;   -999;   13.8;eor
  4514;19411201;19411231;   5;   2;    80.5;   -999;   -999;    9.6;eor
  4514;19420101;19420131;   5;   2;    24.1;   -999;   -999;    6.7;eor
  4514;19420201;19420228;   5;   2;    24.6;   -999;   -999;    9.7;eor
  4514;19420301;19420331;   5;   2;    38.3;   -999;   -999;   12.3;eor
  4514;19420401;19420430;   5;   2;    24.0;   -999;   -999;    6.3;eor
  4514;19420501;19420531;   5;   2;    52.7;   -999;   -999;    8.9;eor
  4514;19420601;19420630;   5;   2;    37.7;   -999;   -999;   15.4;eor
  4514;19420701;19420731;   5;   2;   182.5;   -999;   -999;   41.9;eor
  4514;19420801;19420831;   5;   2;    19.3;   -999;   -999;    7.0;eor
  4514;19420901;19420930;   5;   2;    37.0;   -999;   -999;    6.2;eor
  4514;19421001;19421031;   5;   2;    89.4;   -999;   -999;   21.4;eor
  4514;19421101;19421130;   5;   2;    57.1;   -999;   -999;    7.9;eor
  4514;19421201;19421231;   5;   2;    35.0;   -999;   -999;    7.5;eor
  4514;19430101;19430131;   5;   2;    46.3;   -999;   -999;    6.7;eor
  4514;19430201;19430228;   5;   2;    67.1;   -999;   -999;   12.3;eor
  4514;19430301;19430331;   5;   2;    23.6;   -999;   -999;   11.7;eor
  4514;19430401;19430430;   5;   2;    68.4;   -999;   -999;   11.9;eor
  4514;19430501;19430531;   5;   2;    28.1;   -999;   -999;   12.3;eor
  4514;19430601;19430630;   5;   2;    70.3;   -999;   -999;   17.8;eor
  4514;19430701;19430731;   5;   2;    25.6;   -999;   -999;    6.1;eor
  4514;19430801;19430831;   5;   2;   127.0;   -999;   -999;   18.3;eor
  4514;19430901;19430930;   5;   2;    26.2;   -999;   -999;    7.8;eor
  4514;19431001;19431031;   5;   2;    12.2;   -999;   -999;    3.4;eor
  4514;19431101;19431130;   5;   2;    60.4;   -999;   -999;   11.1;eor
  4514;19431201;19431231;   5;   2;    17.2;   -999;   -999;    8.5;eor
  4514;19440101;19440131;   5;   2;    83.5;   -999;   -999;   15.5;eor
  4514;19440201;19440229;   5;   2;    38.9;   -999;   -999;    9.6;eor
  4514;19440301;19440331;   5;   2;    44.2;   -999;   -999;   13.9;eor
  4514;19440401;19440430;   5;   2;    39.0;   -999;   -999;    8.2;eor
  4514;19440501;19440531;   5;   2;    46.1;   -999;   -999;   10.2;eor
  4514;19440601;19440630;   5;   2;    76.6;   -999;   -999;    9.5;eor
  4514;19440701;19440731;   5;   2;    51.5;   -999;   -999;   20.2;eor
  4514;19440801;19440831;   5;   2;    34.2;   -999;   -999;    8.8;eor
  4514;19440901;19440930;   5;   2;    54.8;   -999;   -999;   12.2;eor
  4514;19441001;19441031;   5;   2;    55.3;   -999;   -999;    9.3;eor
  4514;19441101;19441130;   5;   2;   130.2;   -999;   -999;   13.8;eor
  4514;19441201;19441231;   5;   2;    52.2;   -999;   -999;   12.6;eor
  4514;19470101;19470131;   5;   2;    28.7;   -999;   -999;    6.3;eor
  4514;19470201;19470228;   5;   2;    14.9;   -999;   -999;    5.9;eor
  4514;19470301;19470331;   5;   2;    80.0;   -999;   -999;   16.7;eor
  4514;19470401;19470430;   5;   2;    79.1;   -999;   -999;   13.8;eor
  4514;19470501;19470531;   5;   2;    30.8;   -999;   -999;    8.0;eor
  4514;19470601;19470630;   5;   2;    40.6;   -999;   -999;    7.9;eor
  4514;19470701;19470731;   5;   2;    62.3;   -999;   -999;   14.9;eor
  4514;19470801;19470831;   5;   2;    37.3;   -999;   -999;   16.2;eor
  4514;19470901;19470930;   5;   2;    38.9;   -999;   -999;   14.1;eor
  4514;19471001;19471031;   5;   2;    20.8;   -999;   -999;   13.9;eor
  4514;19471101;19471130;   5;   2;   133.3;   -999;   -999;   25.1;eor
  4514;19471201;19471231;   5;   2;   111.4;   -999;   -999;   19.8;eor
  4514;19480101;19480131;   5;   2;   126.6;   -999;   -999;   29.7;eor
  4514;19480201;19480229;   5;   2;    61.8;   -999;   -999;   15.2;eor
  4514;19480301;19480331;   5;   2;    31.8;   -999;   -999;   11.1;eor
  4514;19480401;19480430;   5;   2;    37.5;   -999;   -999;   13.2;eor
  4514;19480501;19480531;   5;   2;    69.5;   -999;   -999;   21.9;eor
  4514;19480601;19480630;   5;   2;    66.9;   -999;   -999;   11.3;eor
  4514;19480701;19480731;   5;   2;   134.7;   -999;   -999;   36.3;eor
  4514;19480801;19480831;   5;   2;   133.9;   -999;   -999;   36.3;eor
  4514;19480901;19480930;   5;   2;    56.7;   -999;   -999;   14.0;eor
  4514;19481001;19481031;   5;   2;    30.2;   -999;   -999;    7.6;eor
  4514;19481101;19481130;   5;   2;    23.3;   -999;   -999;    9.8;eor
  4514;19481201;19481231;   5;   2;    27.1;   -999;   -999;    8.6;eor
  4514;19490101;19490131;   5;   2;    34.4;   -999;   -999;    7.9;eor
  4514;19490201;19490228;   5;   2;    58.4;   -999;   -999;   11.7;eor
  4514;19490301;19490331;   5;   2;    39.1;   -999;   -999;   16.8;eor
  4514;19490401;19490430;   5;   2;    96.6;   -999;   -999;   18.0;eor
  4514;19490501;19490531;   5;   2;    73.1;   -999;   -999;   14.0;eor
  4514;19490601;19490630;   5;   2;    68.8;   -999;   -999;   23.5;eor
  4514;19490701;19490731;   5;   2;    48.6;   -999;   -999;    7.6;eor
  4514;19490801;19490831;   5;   2;    59.3;   -999;   -999;   18.3;eor
  4514;19490901;19490930;   5;   2;    45.8;   -999;   -999;   17.4;eor
  4514;19491001;19491031;   5;   2;    16.1;   -999;   -999;    3.9;eor
  4514;19491101;19491130;   5;   2;    67.4;   -999;   -999;   18.7;eor
  4514;19491201;19491231;   5;   2;   144.1;   -999;   -999;   31.0;eor
  4514;19500101;19500131;   5;   2;    49.3;   -999;   -999;   19.4;eor
  4514;19500201;19500228;   5;   2;    82.5;   -999;   -999;   13.1;eor
  4514;19500301;19500331;   5;   2;    26.1;   -999;   -999;    6.4;eor
  4514;19500401;19500430;   5;   2;    86.8;   -999;   -999;   11.6;eor
  4514;19500501;19500531;   5;   2;    82.5;   -999;   -999;   15.6;eor
  4514;19500601;19500630;   5;   2;    59.2;   -999;   -999;   14.0;eor
  4514;19500701;19500731;   5;   2;   102.1;   -999;   -999;   20.2;eor
  4514;19500801;19500831;   5;   2;    48.0;   -999;   -999;   12.7;eor
  4514;19500901;19500930;   5;   2;    93.8;   -999;   -999;   17.1;eor
  4514;19501001;19501031;   5;   2;    39.3;   -999;   -999;    6.4;eor
  4514;19501101;19501130;   5;   2;    62.2;   -999;   -999;    9.2;eor
  4514;19501201;19501231;   5;   2;    36.1;   -999;   -999;   15.3;eor
  4514;19510101;19510131;   5;   2;    95.5;   -999;   -999;   11.1;eor
  4514;19510201;19510228;   5;   2;    51.9;   -999;   -999;    7.7;eor
  4514;19510301;19510331;   5;   2;   104.0;   -999;   -999;   29.4;eor
  4514;19510401;19510430;   5;   2;    45.4;   -999;   -999;    9.9;eor
  4514;19510501;19510531;   5;   2;    87.3;   -999;   -999;   16.3;eor
  4514;19510601;19510630;   5;   2;    56.6;   -999;   -999;   13.1;eor
  4514;19510701;19510731;   5;   2;    90.7;   -999;   -999;   25.8;eor
  4514;19510801;19510831;   5;   2;    73.6;   -999;   -999;   17.3;eor
  4514;19510901;19510930;   5;   2;    65.2;   -999;   -999;   18.0;eor
  4514;19511001;19511031;   5;   2;     6.2;   -999;   -999;    4.9;eor
  4514;19511101;19511130;   5;   2;   118.3;   -999;   -999;   23.0;eor
  4514;19511201;19511231;   5;   2;    53.3;   -999;   -999;   14.6;eor
  4514;19520101;19520131;   5;   2;    73.2;   -999;   -999;   16.6;eor
  4514;19520201;19520229;   5;   2;    28.2;   -999;   -999;    8.2;eor
  4514;19520301;19520331;   5;   2;    51.0;   -999;   -999;   14.0;eor
  4514;19520401;19520430;   5;   2;    28.5;   -999;   -999;    7.4;eor
  4514;19520501;19520531;   5;   2;    73.9;   -999;   -999;   23.5;eor
  4514;19520601;19520630;   5;   2;    76.5;   -999;   -999;   12.0;eor
  4514;19520701;19520731;   5;   2;    70.7;   -999;   -999;   18.5;eor
  4514;19520801;19520831;   5;   2;    99.7;   -999;   -999;   28.5;eor
  4514;19520901;19520930;   5;   2;    55.9;   -999;   -999;   14.5;eor
  4514;19521001;19521031;   5;   2;    69.8;   -999;   -999;    9.9;eor
  4514;19521101;19521130;   5;   2;   125.9;   -999;   -999;   26.2;eor
  4514;19521201;19521231;   5;   2;    57.9;   -999;   -999;   10.5;eor
  4514;19530101;19530131;   5;   2;    45.1;   -999;   -999;   14.7;eor
  4514;19530201;19530228;   5;   2;    34.8;   -999;   -999;    7.9;eor
  4514;19530301;19530331;   5;   2;    34.6;   -999;   -999;    8.8;eor
  4514;19530401;19530430;   5;   2;    32.0;   -999;   -999;    8.0;eor
  4514;19530501;19530531;   5;   2;    98.3;   -999;   -999;   16.8;eor
  4514;19530601;19530630;   5;   2;    59.3;   -999;   -999;   14.5;eor
  4514;19530701;19530731;   5;   2;    74.7;   -999;   -999;   16.0;eor
  4514;19530801;19530831;   5;   2;    98.7;   -999;   -999;   19.1;eor
  4514;19530901;19530930;   5;   2;    62.8;   -999;   -999;   21.1;eor
  4514;19531001;19531031;   5;   2;    15.1;   -999;   -999;    4.9;eor
  4514;19531101;19531130;   5;   2;    43.9;   -999;   -999;   20.1;eor
  4514;19531201;19531231;   5;   2;    47.1;   -999;   -999;   11.2;eor
  4514;19540101;19540131;   5;   2;    46.6;   -999;   -999;    6.4;eor
  4514;19540201;19540228;   5;   2;    22.4;   -999;   -999;    5.5;eor
  4514;19540301;19540331;   5;   2;    43.8;   -999;   -999;   10.3;eor
  4514;19540401;19540430;   5;   2;    41.5;   -999;   -999;    9.5;eor
  4514;19540501;19540531;   5;   2;    74.6;   -999;   -999;   27.8;eor
  4514;19540601;19540630;   5;   2;    40.9;   -999;   -999;    7.1;eor
  4514;19540701;19540731;   5;   2;   194.4;   -999;   -999;   44.8;eor
  4514;19540801;19540831;   5;   2;   151.0;   -999;   -999;   27.3;eor
  4514;19540901;19540930;   5;   2;    84.1;   -999;   -999;   17.4;eor
  4514;19541001;19541031;   5;   2;    96.9;   -999;   -999;   28.1;eor
  4514;19541101;19541130;   5;   2;    65.0;   -999;   -999;   22.8;eor
  4514;19541201;19541231;   5;   2;    99.9;   -999;   -999;   12.8;eor
  4514;19550101;19550131;   5;   2;    63.2;   -999;   -999;   28.4;eor
  4514;19550201;19550228;   5;   2;    29.8;   -999;   -999;   12.2;eor
  4514;19550301;19550331;   5;   2;    60.3;   -999;   -999;   17.5;eor
  4514;19550401;19550430;   5;   2;    54.8;   -999;   -999;   10.9;eor
  4514;19550501;19550531;   5;   2;    42.5;   -999;   -999;    6.8;eor
  4514;19550601;19550630;   5;   2;    75.0;   -999;   -999;   25.7;eor
  4514;19550701;19550731;   5;   2;   124.3;   -999;   -999;   36.1;eor
  4514;19550801;19550831;   5;   2;    76.9;   -999;   -999;   28.2;eor
  4514;19550901;19550930;   5;   2;    42.9;   -999;   -999;    7.8;eor
  4514;19551001;19551031;   5;   2;   103.6;   -999;   -999;   30.4;eor
  4514;19551101;19551130;   5;   2;    33.9;   -999;   -999;    5.9;eor
  4514;19551201;19551231;   5;   2;    98.5;   -999;   -999;   17.3;eor
  4514;19560101;19560131;   5;   2;    91.9;   -999;   -999;   19.5;eor
  4514;19560201;19560229;   5;   2;    35.9;   -999;   -999;    8.8;eor
  4514;19560301;19560331;   5;   2;    42.8;   -999;   -999;   16.0;eor
  4514;19560401;19560430;   5;   2;    37.7;   -999;   -999;    7.0;eor
  4514;19560501;19560531;   5;   2;    27.7;   -999;   -999;    6.0;eor
  4514;19560601;19560630;   5;   2;    82.7;   -999;   -999;    8.6;eor
  4514;19560701;19560731;   5;   2;   114.5;   -999;   -999;   26.1;eor
  4514;19560801;19560831;   5;   2;    90.0;   -999;   -999;   12.9;eor
  4514;19560901;19560930;   5;   2;    48.5;   -999;   -999;   15.5;eor
  4514;19561001;19561031;   5;   2;    68.3;   -999;   -999;   11.7;eor
  4514;19561101;19561130;   5;   2;    66.3;   -999;   -999;   12.6;eor
  4514;19561201;19561231;   5;   2;    49.8;   -999;   -999;   10.7;eor
  4514;19570101;19570131;   5;   2;    71.1;   -999;   -999;   15.0;eor
  4514;19570201;19570228;   5;   2;    58.5;   -999;   -999;   10.3;eor
  4514;19570301;19570331;   5;   2;    76.7;   -999;   -999;   20.6;eor
  4514;19570401;19570430;   5;   2;    13.3;   -999;   -999;    7.4;eor
  4514;19570501;19570531;   5;   2;    47.2;   -999;   -999;   13.0;eor
  4514;19570601;19570630;   5;   2;    69.6;   -999;   -999;   27.4;eor
  4514;19570701;19570731;   5;   2;    78.7;   -999;   -999;   24.5;eor
  4514;19570801;19570831;   5;   2;    63.4;   -999;   -999;   10.8;eor
  4514;19570901;19570930;   5;   2;   143.3;   -999;   -999;   20.6;eor
  4514;19571001;19571031;   5;   2;    43.2;   -999;   -999;    8.4;eor
  4514;19571101;19571130;   5;   2;    21.1;   -999;   -999;    9.9;eor
  4514;19571201;19571231;   5;   2;    69.6;   -999;   -999;   16.6;eor
  4514;19580101;19580131;   5;   2;    79.3;   -999;   -999;   15.2;eor
  4514;19580201;19580228;   5;   2;   104.6;   -999;   -999;   17.1;eor
  4514;19580301;19580331;   5;   2;    16.5;   -999;   -999;    4.4;eor
  4514;19580401;19580430;   5;   2;    66.5;   -999;   -999;   14.2;eor
  4514;19580501;19580531;   5;   2;    89.4;   -999;   -999;   19.7;eor
  4514;19580601;19580630;   5;   2;    51.3;   -999;   -999;   15.6;eor
  4514;19580701;19580731;   5;   2;   102.6;   -999;   -999;   27.6;eor
  4514;19580801;19580831;   5;   2;   107.6;   -999;   -999;   27.3;eor
  4514;19580901;19580930;   5;   2;    58.1;   -999;   -999;   13.0;eor
  4514;19581001;19581031;   5;   2;    89.8;   -999;   -999;   19.6;eor
  4514;19581101;19581130;   5;   2;    16.5;   -999;   -999;    3.7;eor
  4514;19581201;19581231;   5;   2;    46.3;   -999;   -999;    8.8;eor
  4514;19590101;19590131;   5;   2;    60.9;   -999;   -999;    8.6;eor
  4514;19590201;19590228;   5;   2;     7.5;   -999;   -999;    2.4;eor
  4514;19590301;19590331;   5;   2;    13.4;   -999;   -999;    4.1;eor
  4514;19590401;19590430;   5;   2;    45.2;   -999;   -999;    9.6;eor
  4514;19590501;19590531;   5;   2;    13.3;   -999;   -999;    3.9;eor
  4514;19590601;19590630;   5;   2;    43.1;   -999;   -999;   11.3;eor
  4514;19590701;19590731;   5;   2;    51.5;   -999;   -999;   16.1;eor
  4514;19590801;19590831;   5;   2;    44.5;   -999;   -999;   13.8;eor
  4514;19590901;19590930;   5;   2;     5.0;   -999;   -999;    3.4;eor
  4514;19591001;19591031;   5;   2;    28.4;   -999;   -999;    9.1;eor
  4514;19591101;19591130;   5;   2;    40.9;   -999;   -999;   10.5;eor
  4514;19591201;19591231;   5;   2;    42.7;   -999;   -999;   12.0;eor
  4514;19600101;19600131;   5;   2;    73.1;   -999;   -999;   10.0;eor
  4514;19600201;19600229;   5;   2;    35.1;   -999;   -999;    5.6;eor
  4514;19600301;19600331;   5;   2;    11.9;   -999;   -999;    4.7;eor
  4514;19600401;19600430;   5;   2;    56.6;   -999;   -999;    9.7;eor
  4514;19600501;19600531;   5;   2;   106.9;   -999;   -999;   43.1;eor
  4514;19600601;19600630;   5;   2;    39.9;   -999;   -999;   12.2;eor
  4514;19600701;19600731;   5;   2;    55.0;   -999;   -999;   12.0;eor
  4514;19600801;19600831;   5;   2;   171.5;   -999;   -999;   37.1;eor
  4514;19600901;19600930;   5;   2;    55.9;   -999;   -999;   28.6;eor
  4514;19601001;19601031;   5;   2;    89.0;   -999;   -999;   21.0;eor
  4514;19601101;19601130;   5;   2;    97.6;   -999;   -999;   20.6;eor
  4514;19601201;19601231;   5;   2;   107.8;   -999;   -999;   39.8;eor
  4514;19610101;19610131;   5;   2;    90.3;   -999;   -999;   15.1;eor
  4514;19610201;19610228;   5;   2;    83.5;   -999;   -999;   21.1;eor
  4514;19610301;19610331;   5;   2;    69.2;   -999;   -999;   15.0;eor
  4514;19610401;19610430;   5;   2;    56.3;   -999;   -999;   14.5;eor
  4514;19610501;19610531;   5;   2;   106.9;   -999;   -999;   32.2;eor
  4514;19610601;19610630;   5;   2;    67.2;   -999;   -999;   19.8;eor
  4514;19610701;19610731;   5;   2;   100.3;   -999;   -999;   18.1;eor
  4514;19610801;19610831;   5;   2;   127.1;   -999;   -999;   31.1;eor
  4514;19610901;19610930;   5;   2;    27.0;   -999;   -999;    8.7;eor
  4514;19611001;19611031;   5;   2;    55.8;   -999;   -999;   11.2;eor
  4514;19611101;19611130;   5;   2;   105.3;   -999;   -999;   30.4;eor
  4514;19611201;19611231;   5;   2;    93.8;   -999;   -999;   26.4;eor
  4514;19620101;19620131;   5;   2;    97.1;   -999;   -999;   22.5;eor
  4514;19620201;19620228;   5;   2;    68.2;   -999;   -999;   20.0;eor
  4514;19620301;19620331;   5;   2;    42.9;   -999;   -999;    8.8;eor
  4514;19620401;19620430;   5;   2;    72.9;   -999;   -999;   17.7;eor
  4514;19620501;19620531;   5;   2;    99.2;   -999;   -999;   19.8;eor
  4514;19620601;19620630;   5;   2;    46.7;   -999;   -999;   14.1;eor
  4514;19620701;19620731;   5;   2;   155.4;   -999;   -999;   41.6;eor
  4514;19620801;19620831;   5;   2;    78.1;   -999;   -999;   14.0;eor
  4514;19620901;19620930;   5;   2;    56.7;   -999;   -999;   14.5;eor
  4514;19621001;19621031;   5;   2;    18.4;   -999;   -999;    7.8;eor
  4514;19621101;19621130;   5;   2;    24.6;   -999;   -999;    5.5;eor
  4514;19621201;19621231;   5;   2;    75.7;   -999;   -999;   21.3;eor
  4514;19630101;19630131;   5;   2;    18.9;   -999;   -999;    6.0;eor
  4514;19630201;19630228;   5;   2;    15.6;   -999;   -999;    4.6;eor
  4514;19630301;19630331;   5;   2;    49.0;   -999;   -999;   10.0;eor
  4514;19630401;19630430;   5;   2;    42.3;   -999;   -999;   10.1;eor
  4514;19630501;19630531;   5;   2;    41.5;   -999;   -999;    9.6;eor
  4514;19630601;19630630;   5;   2;    78.7;   -999;   -999;   22.2;eor
  4514;19630701;19630731;   5;   2;    51.0;   -999;   -999;   17.3;eor
  4514;19630801;19630831;   5;   2;   143.2;   -999;   -999;   26.4;eor
  4514;19630901;19630930;   5;   2;    91.2;   -999;   -999;   26.1;eor
  4514;19631001;19631031;   5;   2;    33.9;   -999;   -999;    7.1;eor
  4514;19631101;19631130;   5;   2;   117.7;   -999;   -999;   28.2;eor
  4514;19631201;19631231;   5;   2;    15.2;   -999;   -999;    4.9;eor
  4514;19640101;19640131;   5;   2;    27.0;   -999;   -999;    7.9;eor
  4514;19640201;19640229;   5;   2;    34.9;   -999;   -999;    6.9;eor
  4514;19640301;19640331;   5;   2;    28.1;   -999;   -999;    9.8;eor
  4514;19640401;19640430;   5;   2;    47.3;   -999;   -999;   10.1;eor
  4514;19640501;19640531;   5;   2;    74.4;   -999;   -999;   15.3;eor
  4514;19640601;19640630;   5;   2;    38.6;   -999;   -999;   12.8;eor
  4514;19640701;19640731;   5;   2;    43.6;   -999;   -999;    9.2;eor
  4514;19640801;19640831;   5;   2;   129.6;   -999;   -999;   41.2;eor
  4514;19640901;19640930;   5;   2;    89.4;   -999;   -999;   20.9;eor
  4514;19641001;19641031;   5;   2;    64.7;   -999;   -999;   15.6;eor
  4514;19641101;19641130;   5;   2;    58.3;   -999;   -999;   12.0;eor
  4514;19641201;19641231;   5;   2;    62.5;   -999;   -999;    8.1;eor
  4514;19650101;19650131;   5;   2;    71.2;   -999;   -999;   12.0;eor
  4514;19650201;19650228;   5;   2;    33.9;   -999;   -999;    6.0;eor
  4514;19650301;19650331;   5;   2;    24.6;   -999;   -999;    4.8;eor
  4514;19650401;19650430;   5;   2;    80.7;   -999;   -999;   21.8;eor
  4514;19650501;19650531;   5;   2;   101.2;   -999;   -999;   14.4;eor
  4514;19650601;19650630;   5;   2;    72.1;   -999;   -999;   27.9;eor
  4514;19650701;19650731;   5;   2;   146.5;   -999;   -999;   24.4;eor
  4514;19650801;19650831;   5;   2;    64.5;   -999;   -999;   17.5;eor
  4514;19650901;19650930;   5;   2;    67.1;   -999;   -999;   33.3;eor
  4514;19651001;19651031;   5;   2;    28.8;   -999;   -999;   14.3;eor
  4514;19651101;19651130;   5;   2;    62.8;   -999;   -999;    9.6;eor
  4514;19651201;19651231;   5;   2;   144.2;   -999;   -999;   21.9;eor
  4514;19660101;19660131;   5;   2;    50.4;   -999;   -999;   10.5;eor
  4514;19660201;19660228;   5;   2;    91.2;   -999;   -999;   21.6;eor
  4514;19660301;19660331;   5;   2;    63.9;   -999;   -999;   13.1;eor
  4514;19660401;19660430;   5;   2;    56.7;   -999;   -999;   10.4;eor
  4514;19660501;19660531;   5;   2;    93.3;   -999;   -999;   30.0;eor
  4514;19660601;19660630;   5;   2;   160.0;   -999;   -999;   61.5;eor
  4514;19660701;19660731;   5;   2;   121.7;   -999;   -999;   24.4;eor
  4514;19660801;19660831;   5;   2;   100.9;   -999;   -999;   29.8;eor
  4514;19660901;19660930;   5;   2;    50.4;   -999;   -999;   13.1;eor
  4514;19661001;19661031;   5;   2;    60.8;   -999;   -999;   13.7;eor
  4514;19661101;19661130;   5;   2;    81.6;   -999;   -999;   15.8;eor
  4514;19661201;19661231;   5;   2;   111.9;   -999;   -999;   18.2;eor
  4514;19670101;19670131;   5;   2;    65.9;   -999;   -999;   13.5;eor
  4514;19670201;19670228;   5;   2;    64.3;   -999;   -999;   13.1;eor
  4514;19670301;19670331;   5;   2;    74.8;   -999;   -999;   10.6;eor
  4514;19670401;19670430;   5;   2;    30.1;   -999;   -999;    6.0;eor
  4514;19670501;19670531;   5;   2;    80.2;   -999;   -999;   24.5;eor
  4514;19670601;19670630;   5;   2;    66.2;   -999;   -999;   33.0;eor
  4514;19670701;19670731;   5;   2;    95.9;   -999;   -999;   17.2;eor
  4514;19670801;19670831;   5;   2;    62.6;   -999;   -999;   12.2;eor
  4514;19670901;19670930;   5;   2;    80.3;   -999;   -999;   17.5;eor
  4514;19671001;19671031;   5;   2;    74.2;   -999;   -999;   11.4;eor
  4514;19671101;19671130;   5;   2;    54.4;   -999;   -999;   10.4;eor
  4514;19671201;19671231;   5;   2;   117.8;   -999;   -999;   11.2;eor
  4514;19680101;19680131;   5;   2;    75.6;   -999;   -999;   22.2;eor
  4514;19680201;19680229;   5;   2;    26.4;   -999;   -999;   11.4;eor
  4514;19680301;19680331;   5;   2;    61.7;   -999;   -999;    9.6;eor
  4514;19680401;19680430;   5;   2;    36.7;   -999;   -999;   15.7;eor
  4514;19680501;19680531;   5;   2;    60.6;   -999;   -999;   10.5;eor
  4514;19680601;19680630;   5;   2;   108.5;   -999;   -999;   18.0;eor
  4514;19680701;19680731;   5;   2;    69.6;   -999;   -999;   12.7;eor
  4514;19680801;19680831;   5;   2;    69.5;   -999;   -999;   19.1;eor
  4514;19680901;19680930;   5;   2;   147.4;   -999;   -999;   42.1;eor
  4514;19681001;19681031;   5;   2;    92.8;   -999;   -999;   18.2;eor
  4514;19681101;19681130;   5;   2;    50.3;   -999;   -999;   23.0;eor
  4514;19681201;19681231;   5;   2;    26.7;   -999;   -999;    7.3;eor
  4514;19690101;19690131;   5;   2;    82.6;   -999;   -999;   23.0;eor
  4514;19690201;19690228;   5;   2;    62.7;   -999;   -999;   18.1;eor
  4514;19690301;19690331;   5;   2;    45.6;   -999;   -999;   14.0;eor
  4514;19690401;19690430;   5;   2;    77.1;   -999;   -999;   18.3;eor
  4514;19690501;19690531;   5;   2;    86.3;   -999;   -999;   16.5;eor
  4514;19690601;19690630;   5;   2;    94.7;   -999;   -999;   36.4;eor
  4514;19690701;19690731;   5;   2;    29.6;   -999;   -999;    6.5;eor
  4514;19690801;19690831;   5;   2;    92.3;   -999;   -999;   49.7;eor
  4514;19690901;19690930;   5;   2;    14.6;   -999;   -999;    4.1;eor
  4514;19691001;19691031;   5;   2;    54.3;   -999;   -999;   14.2;eor
  4514;19691101;19691130;   5;   2;    81.5;   -999;   -999;   11.5;eor
  4514;19691201;19691231;   5;   2;    29.3;   -999;   -999;    7.0;eor
  4514;19700101;19700131;   5;   2;    26.3;   -999;   -999;    6.1;eor
  4514;19700201;19700228;   5;   2;   123.4;   -999;   -999;   22.7;eor
  4514;19700301;19700331;   5;   2;    95.9;   -999;   -999;   16.0;eor
  4514;19700401;19700430;   5;   2;   104.3;   -999;   -999;   10.6;eor
  4514;19700501;19700531;   5;   2;    63.5;   -999;   -999;   18.4;eor
  4514;19700601;19700630;   5;   2;    40.3;   -999;   -999;    9.7;eor
  4514;19700701;19700731;   5;   2;   119.2;   -999;   -999;   22.5;eor
  4514;19700801;19700831;   5;   2;    65.8;   -999;   -999;   30.4;eor
  4514;19700901;19700930;   5;   2;    66.6;   -999;   -999;   20.6;eor
  4514;19701001;19701031;   5;   2;    94.1;   -999;   -999;   17.0;eor
  4514;19701101;19701130;   5;   2;    88.9;   -999;   -999;   14.8;eor
  4514;19701201;19701231;   5;   2;    39.8;   -999;   -999;    8.6;eor
  4514;19710101;19710131;   5;   2;    32.0;   -999;   -999;    7.8;eor
  4514;19710201;19710228;   5;   2;    37.1;   -999;   -999;    5.5;eor
  4514;19710301;19710331;   5;   2;    25.2;   -999;   -999;    5.0;eor
  4514;19710401;19710430;   5;   2;     9.3;   -999;   -999;    3.0;eor
  4514;19710501;19710531;   5;   2;    27.5;   -999;   -999;    7.4;eor
  4514;19710601;19710630;   5;   2;   145.2;   -999;   -999;   28.4;eor
  4514;19710701;19710731;   5;   2;    46.2;   -999;   -999;   24.6;eor
  4514;19710801;19710831;   5;   2;    59.6;   -999;   -999;   16.2;eor
  4514;19710901;19710930;   5;   2;    60.6;   -999;   -999;   26.5;eor
  4514;19711001;19711031;   5;   2;    31.6;   -999;   -999;    8.3;eor
  4514;19711101;19711130;   5;   2;    68.4;   -999;   -999;   13.3;eor
  4514;19711201;19711231;   5;   2;    69.8;   -999;   -999;   12.5;eor
  4514;19720101;19720131;   5;   2;     8.1;   -999;   -999;    1.8;eor
  4514;19720201;19720229;   5;   2;    13.1;   -999;   -999;    3.9;eor
  4514;19720301;19720331;   5;   2;    41.5;   -999;   -999;    9.5;eor
  4514;19720401;19720430;   5;   2;    45.7;   -999;   -999;    7.4;eor
  4514;19720501;19720531;   5;   2;    81.0;   -999;   -999;   13.5;eor
  4514;19720601;19720630;   5;   2;   103.7;   -999;   -999;   21.2;eor
  4514;19720701;19720731;   5;   2;    43.2;   -999;   -999;   10.1;eor
  4514;19720801;19720831;   5;   2;    64.3;   -999;   -999;   14.5;eor
  4514;19720901;19720930;   5;   2;    39.3;   -999;   -999;   12.8;eor
  4514;19721001;19721031;   5;   2;    24.3;   -999;   -999;    7.9;eor
  4514;19721101;19721130;   5;   2;    83.0;   -999;   -999;   13.0;eor
  4514;19721201;19721231;   5;   2;    14.0;   -999;   -999;    5.1;eor
  4514;19730101;19730131;   5;   2;    32.6;   -999;   -999;    9.0;eor
  4514;19730201;19730228;   5;   2;    36.6;   -999;   -999;    7.4;eor
  4514;19730301;19730331;   5;   2;    28.1;   -999;   -999;    7.2;eor
  4514;19730401;19730430;   5;   2;    74.0;   -999;   -999;   17.7;eor
  4514;19730501;19730531;   5;   2;    54.7;   -999;   -999;    8.0;eor
  4514;19730601;19730630;   5;   2;    44.5;   -999;   -999;   15.5;eor
  4514;19730701;19730731;   5;   2;    96.8;   -999;   -999;   12.9;eor
  4514;19730801;19730831;   5;   2;    26.1;   -999;   -999;   10.7;eor
  4514;19730901;19730930;   5;   2;    47.2;   -999;   -999;    9.8;eor
  4514;19731001;19731031;   5;   2;    87.4;   -999;   -999;   17.4;eor
  4514;19731101;19731130;   5;   2;   111.3;   -999;   -999;   13.3;eor
  4514;19731201;19731231;   5;   2;    93.0;   -999;   -999;   13.7;eor
  4514;19740101;19740131;   5;   2;    87.3;   -999;   -999;   12.4;eor
  4514;19740201;19740228;   5;   2;    34.2;   -999;   -999;   10.2;eor
  4514;19740301;19740331;   5;   2;    31.9;   -999;   -999;   13.2;eor
  4514;19740401;19740430;   5;   2;    30.6;   -999;   -999;   15.7;eor
  4514;19740501;19740531;   5;   2;    56.8;   -999;   -999;    8.7;eor
  4514;19740601;19740630;   5;   2;    76.9;   -999;   -999;   14.8;eor
  4514;19740701;19740731;   5;   2;   112.8;   -999;   -999;   13.1;eor
  4514;19740801;19740831;   5;   2;    41.5;   -999;   -999;   22.7;eor
  4514;19740901;19740930;   5;   2;    59.2;   -999;   -999;   20.1;eor
  4514;19741001;19741031;   5;   2;    92.5;   -999;   -999;   18.2;eor
  4514;19741101;19741130;   5;   2;    70.3;   -999;   -999;   12.5;eor
  4514;19741201;19741231;   5;   2;   168.1;   -999;   -999;   20.9;eor
  4514;19750101;19750131;   5;   2;    72.0;   -999;   -999;   20.1;eor
  4514;19750201;19750228;   5;   2;    11.6;   -999;   -999;    3.3;eor
  4514;19750301;19750331;   5;   2;    55.4;   -999;   -999;   13.5;eor
  4514;19750401;19750430;   5;   2;    64.1;   -999;   -999;   14.9;eor
  4514;19750501;19750531;   5;   2;    67.5;   -999;   -999;   16.0;eor
  4514;19750601;19750630;   5;   2;    36.0;   -999;   -999;   17.3;eor
  4514;19750701;19750731;   5;   2;    39.7;   -999;   -999;    7.2;eor
  4514;19750801;19750831;   5;   2;    40.2;   -999;   -999;   12.1;eor
  4514;19750901;19750930;   5;   2;    32.9;   -999;   -999;    8.1;eor
  4514;19751001;19751031;   5;   2;    42.5;   -999;   -999;   12.2;eor
  4514;19751101;19751130;   5;   2;    67.0;   -999;   -999;   12.9;eor
  4514;19751201;19751231;   5;   2;    32.6;   -999;   -999;    8.8;eor
  4514;19760101;19760131;   5;   2;   135.7;   -999;   -999;   22.7;eor
  4514;19760201;19760229;   5;   2;    25.5;   -999;   -999;    7.0;eor
  4514;19760301;19760331;   5;   2;    27.9;   -999;   -999;    7.4;eor
  4514;19760401;19760430;   5;   2;    33.2;   -999;   -999;    6.9;eor
  4514;19760501;19760531;   5;   2;    51.8;   -999;   -999;   17.5;eor
  4514;19760601;19760630;   5;   2;    44.5;   -999;   -999;   17.5;eor
  4514;19760701;19760731;   5;   2;    39.0;   -999;   -999;   16.6;eor
  4514;19760801;19760831;   5;   2;    29.8;   -999;   -999;    7.7;eor
  4514;19760901;19760930;   5;   2;    60.3;   -999;   -999;   13.7;eor
  4514;19761001;19761031;   5;   2;    28.6;   -999;   -999;   11.3;eor
  4514;19761101;19761130;   5;   2;    67.0;   -999;   -999;   12.7;eor
  4514;19761201;19761231;   5;   2;    34.7;   -999;   -999;    5.6;eor
  4514;19770101;19770131;   5;   2;    51.2;   -999;   -999;    6.6;eor
  4514;19770201;19770228;   5;   2;    64.5;   -999;   -999;   10.8;eor
  4514;19770301;19770331;   5;   2;    51.1;   -999;   -999;   11.1;eor
  4514;19770401;19770430;   5;   2;   101.0;   -999;   -999;   14.1;eor
  4514;19770501;19770531;   5;   2;    16.8;   -999;   -999;    6.4;eor
  4514;19770601;19770630;   5;   2;    40.0;   -999;   -999;   11.0;eor
  4514;19770701;19770731;   5;   2;    92.2;   -999;   -999;   19.4;eor
  4514;19770801;19770831;   5;   2;    62.1;   -999;   -999;   26.1;eor
  4514;19770901;19770930;   5;   2;    38.2;   -999;   -999;   19.0;eor
  4514;19771001;19771031;   5;   2;    36.5;   -999;   -999;   18.3;eor
  4514;19771101;19771130;   5;   2;   100.1;   -999;   -999;   27.5;eor
  4514;19771201;19771231;   5;   2;    43.2;   -999;   -999;    6.0;eor
  4514;19780101;19780131;   5;   2;    75.6;   -999;   -999;   25.5;eor
  4514;19780201;19780228;   5;   2;    27.3;   -999;   -999;    6.4;eor
  4514;19780301;19780331;   5;   2;    73.0;   -999;   -999;    7.4;eor
  4514;19780401;19780430;   5;   2;    16.5;   -999;   -999;    7.6;eor
  4514;19780501;19780531;   5;   2;    41.6;   -999;   -999;   17.6;eor
  4514;19780601;19780630;   5;   2;   108.2;   -999;   -999;   23.6;eor
  4514;19780701;19780731;   5;   2;    83.9;   -999;   -999;   17.0;eor
  4514;19780801;19780831;   5;   2;    88.5;   -999;   -999;   20.4;eor
  4514;19780901;19780930;   5;   2;   163.0;   -999;   -999;   31.7;eor
  4514;19781001;19781031;   5;   2;    34.4;   -999;   -999;   15.9;eor
  4514;19781101;19781130;   5;   2;    25.0;   -999;   -999;   13.8;eor
  4514;19781201;19781231;   5;   2;   117.6;   -999;   -999;   18.6;eor
  4514;19790101;19790131;   5;   2;    49.4;     49;    840;    7.3;eor
  4514;19790201;19790228;   5;   2;    65.0;     57;   1209;   18.1;eor
  4514;19790301;19790331;   5;   2;    61.1;      6;    344;   11.3;eor
  4514;19790401;19790430;   5;   2;    80.6;      0;      0;   13.3;eor
  4514;19790501;19790531;   5;   2;    68.8;      0;      0;   15.6;eor
  4514;19790601;19790630;   5;   2;    89.2;      0;      0;   59.7;eor
  4514;19790701;19790731;   5;   2;   115.8;      0;      0;   17.3;eor
  4514;19790801;19790831;   5;   2;    59.9;      0;      0;   19.5;eor
  4514;19790901;19790930;   5;   2;    30.1;      0;      0;    9.9;eor
  4514;19791001;19791031;   5;   2;    14.3;      0;      0;    5.7;eor
  4514;19791101;19791130;   5;   2;    76.5;      0;      0;   10.8;eor
  4514;19791201;19791231;   5;   2;   115.9;      4;      4;   13.6;eor
  4514;19800101;19800131;   5;   2;    59.1;     17;     47;   19.5;eor
  4514;19800201;19800229;   5;   2;    60.9;     20;     56;   11.5;eor
  4514;19800301;19800331;   5;   2;    30.6;      1;      1;    9.0;eor
  4514;19800401;19800430;   5;   2;    55.4;      0;      0;   14.1;eor
  4514;19800501;19800531;   5;   2;    17.1;      0;      0;    8.1;eor
  4514;19800601;19800630;   5;   2;   162.8;      0;      0;   42.2;eor
  4514;19800701;19800731;   5;   2;   101.7;      0;      0;   13.9;eor
  4514;19800801;19800831;   5;   2;    90.6;      0;      0;   16.5;eor
  4514;19800901;19800930;   5;   2;    75.9;      0;      0;   21.5;eor
  4514;19801001;19801031;   5;   2;    60.2;      0;      0;   11.6;eor
  4514;19801101;19801130;   5;   2;    65.4;      1;      1;   11.4;eor
  4514;19801201;19801231;   5;   2;    68.8;     15;     96;    8.1;eor
  4514;19810101;19810131;  10;   2;    79.3;     22;    156;   16.7;eor
  4514;19810201;19810228;  10;   2;    50.7;     16;    108;    7.5;eor
  4514;19810301;19810331;  10;   2;   133.3;      1;     28;   23.1;eor
  4514;19810401;19810430;  10;   2;    12.3;      0;      0;    5.9;eor
  4514;19810501;19810531;  10;   2;    96.4;      0;      0;   38.0;eor
  4514;19810601;19810630;  10;   2;   113.4;      0;      0;   31.8;eor
  4514;19810701;19810731;  10;   2;    53.9;      0;      0;    9.2;eor
  4514;19810801;19810831;  10;   2;    99.4;      0;      0;   31.2;eor
  4514;19810901;19810930;  10;   2;    55.6;      0;      0;   18.3;eor
  4514;19811001;19811031;  10;   2;   118.9;      0;      0;   13.8;eor
  4514;19811101;19811130;  10;   2;    89.5;      1;      1;   11.8;eor
  4514;19811201;19811231;  10;   2;    63.5;     16;    216;   15.4;eor
  4514;19820101;19820131;  10;   2;    79.1;      2;     34;   16.8;eor
  4514;19820201;19820228;  10;   2;    15.8;      1;      1;    5.7;eor
  4514;19820301;19820331;  10;   2;    59.5;      0;      0;   16.5;eor
  4514;19820401;19820430;  10;   2;    59.5;      0;      0;    9.0;eor
  4514;19820501;19820531;  10;   2;    70.7;      0;      0;   12.3;eor
  4514;19820601;19820630;  10;   2;    93.7;      0;      0;   17.0;eor
  4514;19820701;19820731;  10;   2;    18.7;      0;      0;    6.5;eor
  4514;19820801;19820831;  10;   2;    86.5;      0;      0;   17.0;eor
  4514;19820901;19820930;  10;   2;    20.1;      0;      0;    7.5;eor
  4514;19821001;19821031;  10;   2;   100.0;      0;      0;   40.5;eor
  4514;19821101;19821130;  10;   2;    47.4;      0;      0;   14.5;eor
  4514;19821201;19821231;  10;   2;    71.4;      0;      0;   14.5;eor
  4514;19830101;19830131;  10;   2;   136.5;      3;      4;   18.0;eor
  4514;19830201;19830228;  10;   2;    46.9;     18;    131;   14.0;eor
  4514;19830301;19830331;  10;   2;    98.9;      0;      0;   18.5;eor
  4514;19830401;19830430;  10;   2;    85.4;      0;      0;   11.5;eor
  4514;19830501;19830531;  10;   2;    64.9;      0;      0;   10.8;eor
  4514;19830601;19830630;  10;   2;    46.6;      0;      0;   15.5;eor
  4514;19830701;19830731;  10;   2;    18.7;      0;      0;    8.7;eor
  4514;19830801;19830831;  10;   2;    13.4;      0;      0;    9.5;eor
  4514;19830901;19830930;  10;   2;    52.2;      0;      0;    6.9;eor
  4514;19831001;19831031;  10;   2;    93.4;      0;      0;   27.0;eor
  4514;19831101;19831130;  10;   2;    70.6;      3;      3;   21.6;eor
  4514;19831201;19831231;  10;   2;    77.4;      0;      0;   13.2;eor
  4514;19840101;19840131;  10;   2;   110.0;      9;     39;   13.2;eor
  4514;19840201;19840229;  10;   2;    55.0;      4;      8;   12.5;eor
  4514;19840301;19840331;  10;   2;    26.4;      4;      4;   11.0;eor
  4514;19840401;19840430;  10;   2;    19.3;      2;      2;    8.0;eor
  4514;19840501;19840531;  10;   2;   104.1;      0;      0;   19.9;eor
  4514;19840601;19840630;  10;   2;    97.5;      0;      0;   14.9;eor
  4514;19840701;19840731;  10;   2;    86.5;      0;      0;   21.9;eor
  4514;19840801;19840831;  10;   2;    24.9;      0;      0;   11.2;eor
  4514;19840901;19840930;  10;   2;    99.0;      0;      0;   12.8;eor
  4514;19841001;19841031;  10;   2;    85.6;      0;      0;   14.5;eor
  4514;19841101;19841130;  10;   2;    53.1;      2;      4;   30.0;eor
  4514;19841201;19841231;  10;   2;    49.2;      0;      0;   17.7;eor
  4514;19850101;19850131;  10;   2;    54.8;     30;    308;   12.1;eor
  4514;19850201;19850228;  10;   2;    12.7;      0;      0;    5.7;eor
  4514;19850301;19850331;  10;   2;    51.9;      4;      4;   10.0;eor
  4514;19850401;19850430;  10;   2;    68.5;      0;      0;   13.8;eor
  4514;19850501;19850531;  10;   2;    34.0;      0;      0;   12.1;eor
  4514;19850601;19850630;  10;   2;   118.9;      0;      0;   20.1;eor
  4514;19850701;19850731;  10;   2;    76.9;      0;      0;   12.7;eor
  4514;19850801;19850831;  10;   2;    94.3;      0;      0;   13.1;eor
  4514;19850901;19850930;  10;   2;    64.5;      0;      0;   16.2;eor
  4514;19851001;19851031;  10;   2;    12.0;      0;      0;    4.1;eor
  4514;19851101;19851130;  10;   2;    80.7;     17;     46;   21.4;eor
  4514;19851201;19851231;  10;   2;    88.0;      1;     14;   14.2;eor
  4514;19860101;19860131;  10;   2;   106.4;     18;     92;   16.5;eor
  4514;19860201;19860228;  10;   2;    12.7;     19;    147;    6.0;eor
  4514;19860301;19860331;  10;   2;    66.9;      1;     38;   11.1;eor
  4514;19860401;19860430;  10;   2;    19.6;      0;      0;    8.5;eor
  4514;19860501;19860531;  10;   2;    52.1;      0;      0;    9.9;eor
  4514;19860601;19860630;  10;   2;    59.1;      0;      0;   26.7;eor
  4514;19860701;19860731;  10;   2;    73.9;      0;      0;   13.6;eor
  4514;19860801;19860831;  10;   2;    83.3;      0;      0;   23.2;eor
  4514;19860901;19860930;  10;   2;    42.4;      0;      0;   16.5;eor
  4514;19861001;19861031;  10;   2;    62.1;      0;      0;   14.9;eor
  4514;19861101;19861130;  10;   2;    56.5;      0;      0;   14.7;eor
  4514;19861201;19861231;  10;   2;   135.0;      5;      9;   27.5;eor
  4514;19870101;19870131;  10;   2;   111.3;     61;    779;   32.1;eor
  4514;19870201;19870228;  10;   2;    43.7;      9;    146;    8.6;eor
  4514;19870301;19870331;  10;   2;    46.3;     22;     65;   11.3;eor
  4514;19870401;19870430;  10;   2;    46.0;      0;      0;   12.9;eor
  4514;19870501;19870531;  10;   2;    73.5;      0;      0;   14.7;eor
  4514;19870601;19870630;  10;   2;    73.5;      0;      0;   11.1;eor
  4514;19870701;19870731;  10;   2;    50.3;      0;      0;   12.3;eor
  4514;19870801;19870831;  10;   2;    93.1;      0;      0;   13.9;eor
  4514;19870901;19870930;  10;   2;   110.6;      0;      0;   15.5;eor
  4514;19871001;19871031;  10;   2;    61.7;      0;      0;   15.2;eor
  4514;19871101;19871130;  10;   2;   110.5;      0;      0;   23.4;eor
  4514;19871201;19871231;  10;   2;    52.2;      0;      0;   10.5;eor
  4514;19880101;19880131;  10;   2;    89.0;      3;      3;   11.1;eor
  4514;19880201;19880229;  10;   2;    86.3;      5;      9;    8.2;eor
  4514;19880301;19880331;  10;   2;   112.0;      7;     10;   14.3;eor
  4514;19880401;19880430;  10;   2;    20.2;      0;      0;   11.7;eor
  4514;19880501;19880531;  10;   2;    44.6;      0;      0;   13.0;eor
  4514;19880601;19880630;  10;   2;    59.3;      0;      0;   15.3;eor
  4514;19880701;19880731;  10;   2;   103.5;      0;      0;   17.0;eor
  4514;19880801;19880831;  10;   2;    55.8;      0;      0;   29.4;eor
  4514;19880901;19880930;  10;   2;    48.9;      0;      0;    9.2;eor
  4514;19881001;19881031;  10;   2;    54.3;      0;      0;   22.6;eor
  4514;19881101;19881130;  10;   2;    67.3;      5;      5;   11.3;eor
  4514;19881201;19881231;  10;   2;    81.4;     13;     34;   19.3;eor
  4514;19890101;19890131;  10;   2;    16.3;      0;      0;    4.5;eor
  4514;19890201;19890228;  10;   2;    50.6;      0;      0;    9.9;eor
  4514;19890301;19890331;  10;   2;    68.6;      0;      0;   13.0;eor
  4514;19890401;19890430;  10;   2;    61.2;      0;      0;   15.0;eor
  4514;19890501;19890531;  10;   2;     9.0;      0;      0;    3.4;eor
  4514;19890601;19890630;  10;   2;    65.6;      0;      0;   18.2;eor
  4514;19890701;19890731;  10;   2;    74.7;      0;      0;   16.9;eor
  4514;19890801;19890831;  10;   2;   124.4;      0;      0;   54.9;eor
  4514;19890901;19890930;  10;   2;    25.6;      0;      0;   11.2;eor
  4514;19891001;19891031;  10;   2;    75.5;      0;      0;   19.3;eor
  4514;19891101;19891130;  10;   2;    24.7;      0;      0;   11.0;eor
  4514;19891201;19891231;  10;   2;    77.9;      9;      9;   14.0;eor
  4514;19900101;19900131;  10;   2;    51.1;   -999;   -999;   17.8;eor
  4514;19900201;19900228;  10;   2;    83.2;   -999;   -999;   11.4;eor
  4514;19900301;19900331;  10;   2;    54.1;   -999;   -999;    9.2;eor
  4514;19900401;19900430;  10;   2;    34.8;   -999;   -999;    5.4;eor
  4514;19900501;19900531;  10;   2;    31.3;   -999;   -999;    6.5;eor
  4514;19900601;19900630;  10;   2;    92.4;   -999;   -999;   20.2;eor
  4514;19900701;19900731;  10;   2;    25.8;   -999;   -999;   11.0;eor
  4514;19900801;19900831;  10;   2;    65.8;   -999;   -999;   15.2;eor
  4514;19900901;19900930;  10;   2;   129.2;   -999;   -999;   17.0;eor
  4514;19901001;19901031;  10;   2;    53.4;   -999;   -999;   17.0;eor
  4514;19901101;19901130;  10;   2;   104.9;   -999;   -999;   19.9;eor
  4514;19901201;19901231;  10;   2;    76.3;   -999;   -999;   11.7;eor
  4514;19910101;19910131;  10;   2;    51.8;   -999;   -999;   16.6;eor
  4514;19910201;19910228;  10;   2;    24.9;   -999;   -999;   10.1;eor
  4514;19910301;19910331;  10;   2;    16.4;   -999;   -999;    9.7;eor
  4514;19910401;19910430;  10;   2;    43.3;   -999;   -999;   13.8;eor
  4514;19910501;19910531;  10;   2;    27.3;   -999;   -999;    4.0;eor
  4514;19910601;19910630;  10;   2;   108.2;   -999;   -999;   18.7;eor
  4514;19910701;19910731;  10;   2;    52.3;   -999;   -999;   12.1;eor
  4514;19910801;19910831;  10;   2;    95.0;   -999;   -999;   28.3;eor
  4514;19910901;19910930;  10;   2;    50.5;   -999;   -999;   18.5;eor
  4514;19911001;19911031;  10;   2;    31.2;   -999;   -999;    6.5;eor
  4514;19911101;19911130;  10;   2;    90.1;   -999;   -999;   22.9;eor
  4514;19911201;19911231;  10;   2;    77.2;   -999;   -999;   22.2;eor
  4514;19920101;19920131;  10;   2;    51.6;   -999;   -999;   13.0;eor
  4514;19920201;19920229;  10;   2;    58.5;   -999;   -999;   12.1;eor
  4514;19920301;19920331;  10;   2;   108.9;   -999;   -999;   25.5;eor
  4514;19920401;19920430;  10;   2;    77.0;   -999;   -999;   17.6;eor
  4514;19920501;19920531;  10;   2;    39.1;   -999;   -999;   14.1;eor
  4514;19920601;19920630;  10;   2;    28.2;   -999;   -999;    8.0;eor
  4514;19920701;19920731;  10;   2;    70.4;   -999;   -999;   14.9;eor
  4514;19920801;19920831;  10;   2;    87.5;   -999;   -999;   11.6;eor
  4514;19920901;19920930;  10;   2;    37.3;   -999;   -999;    7.2;eor
  4514;19921001;19921031;  10;   2;    80.8;   -999;   -999;   16.7;eor
  4514;19921101;19921130;  10;   2;   114.1;   -999;   -999;   16.7;eor
  4514;19921201;19921231;  10;   2;    56.6;   -999;   -999;   18.2;eor
  4514;19930101;19930131;  10;   2;   117.9;   -999;   -999;   18.5;eor
  4514;19930201;19930228;  10;   2;    35.2;   -999;   -999;   12.0;eor
  4514;19930301;19930331;  10;   2;    20.1;   -999;   -999;    6.5;eor
  4514;19930401;19930430;  10;   2;    47.9;   -999;   -999;   21.2;eor
  4514;19930501;19930531;  10;   2;    75.8;   -999;   -999;   30.3;eor
  4514;19930601;19930630;  10;   2;    71.5;   -999;   -999;   25.1;eor
  4514;19930701;19930731;  10;   2;   186.6;   -999;   -999;   32.0;eor
  4514;19930801;19930831;  10;   2;    61.8;   -999;   -999;   14.5;eor
  4514;19930901;19930930;  10;   2;   102.9;   -999;   -999;   20.4;eor
  4514;19931001;19931031;  10;   2;    58.8;   -999;   -999;   23.7;eor
  4514;19931101;19931130;  10;   2;    26.1;   -999;   -999;   18.9;eor
  4514;19931201;19931231;  10;   2;   169.4;   -999;   -999;   20.2;eor
  4514;19940101;19940131;  10;   2;   137.9;   -999;   -999;   23.5;eor
  4514;19940201;19940228;  10;   2;    27.2;   -999;   -999;    8.6;eor
  4514;19940301;19940331;  10;   2;   131.8;   -999;   -999;   20.9;eor
  4514;19940401;19940430;  10;   2;    73.4;   -999;   -999;   24.9;eor
  4514;19940501;19940531;  10;   2;    33.8;   -999;   -999;    5.6;eor
  4514;19940601;19940630;  10;   2;    82.7;   -999;   -999;   30.7;eor
  4514;19940701;19940731;  10;   2;    42.8;   -999;   -999;   26.2;eor
  4514;19940801;19940831;  10;   2;    84.1;   -999;   -999;   24.3;eor
  4514;19940901;19940930;  10;   2;    72.9;   -999;   -999;   14.2;eor
  4514;19941001;19941031;  10;   2;    80.1;   -999;   -999;   26.5;eor
  4514;19941101;19941130;  10;   2;    68.6;   -999;   -999;   16.4;eor
  4514;19941201;19941231;  10;   2;   108.5;   -999;   -999;   24.8;eor
  4514;19950101;19950131;  10;   2;   124.2;   -999;   -999;   18.0;eor
  4514;19950201;19950228;  10;   2;   100.6;   -999;   -999;   21.7;eor
  4514;19950301;19950331;  10;   2;    94.2;   -999;   -999;   15.0;eor
  4514;19950401;19950430;  10;   2;    55.0;   -999;   -999;   11.5;eor
  4514;19950501;19950531;  10;   2;    67.6;   -999;   -999;   22.6;eor
  4514;19950601;19950630;  10;   2;    54.0;   -999;   -999;   13.1;eor
  4514;19950701;19950731;  10;   2;    45.8;   -999;   -999;   11.5;eor
  4514;19950801;19950831;  10;   2;    39.3;   -999;   -999;   11.9;eor
  4514;19950901;19950930;  10;   2;   148.3;   -999;   -999;   45.7;eor
  4514;19951001;19951031;  10;   2;    17.0;   -999;   -999;    3.5;eor
  4514;19951101;19951130;  10;   2;    61.7;   -999;   -999;   14.3;eor
  4514;19951201;19951231;  10;   2;    22.3;   -999;   -999;   16.2;eor
  4514;19960101;19960131;  10;   2;     1.2;   -999;   -999;    1.2;eor
  4514;19960201;19960229;  10;   2;    63.4;   -999;   -999;   13.2;eor
  4514;19960301;19960331;  10;   2;    11.9;   -999;   -999;    4.2;eor
  4514;19960401;19960430;  10;   2;    18.1;   -999;   -999;   10.0;eor
  4514;19960501;19960531;  10;   2;    62.7;   -999;   -999;   12.0;eor
  4514;19960601;19960630;  10;   2;    30.8;   -999;   -999;   11.3;eor
  4514;19960701;19960731;  10;   2;    58.2;   -999;   -999;   14.8;eor
  4514;19960801;19960831;  10;   2;    44.9;   -999;   -999;   15.1;eor
  4514;19960901;19960930;  10;   2;    55.2;   -999;   -999;   18.6;eor
  4514;19961001;19961031;  10;   2;    87.1;   -999;   -999;   25.2;eor
  4514;19961101;19961130;  10;   2;   105.4;   -999;   -999;   19.0;eor
  4514;19961201;19961231;  10;   2;    31.1;   -999;   -999;    8.0;eor
  4514;19970101;19970131;  10;   2;     6.1;   -999;   -999;    2.5;eor
  4514;19970201;19970228;  10;   2;    90.8;   -999;   -999;   19.0;eor
  4514;19970301;19970331;  10;   2;    37.9;   -999;   -999;    6.0;eor
  4514;19970401;19970430;  10;   2;    44.8;   -999;   -999;   13.9;eor
  4514;19970501;19970531;  10;   2;   101.1;   -999;   -999;   18.7;eor
  4514;19970601;19970630;  10;   2;    63.9;   -999;   -999;   15.2;eor
  4514;19970701;19970731;  10;   2;    91.1;   -999;   -999;   17.1;eor
  4514;19970801;19970831;  10;   2;    50.7;   -999;   -999;   21.3;eor
  4514;19970901;19970930;  10;   2;    31.5;   -999;   -999;   10.7;eor
  4514;19971001;19971031;  10;   2;    49.1;   -999;   -999;   11.2;eor
  4514;19971101;19971130;  10;   2;    45.8;   -999;   -999;   12.2;eor
  4514;19971201;19971231;  10;   2;    72.0;   -999;   -999;   12.3;eor
  4514;19980101;19980131;  10;   2;   113.6;   -999;   -999;   20.5;eor
  4514;19980201;19980228;  10;   2;    29.6;   -999;   -999;   10.6;eor
  4514;19980301;19980331;  10;   2;    73.7;   -999;   -999;   19.5;eor
  4514;19980401;19980430;  10;   2;   108.8;   -999;   -999;   18.6;eor
  4514;19980501;19980531;  10;   2;    54.6;   -999;   -999;   20.3;eor
  4514;19980601;19980630;  10;   2;   107.6;   -999;   -999;   17.5;eor
  4514;19980701;19980731;  10;   2;   100.8;   -999;   -999;   11.0;eor
  4514;19980801;19980831;  10;   2;    66.1;   -999;   -999;   18.4;eor
  4514;19980901;19980930;  10;   2;    47.5;   -999;   -999;    7.2;eor
  4514;19981001;19981031;  10;   2;   150.4;   -999;   -999;   37.3;eor
  4514;19981101;19981130;  10;   2;    63.8;   -999;   -999;   16.5;eor
  4514;19981201;19981231;  10;   2;    93.8;   -999;   -999;   14.8;eor
  4514;19990101;19990131;  10;   2;    66.8;   -999;   -999;    7.5;eor
  4514;19990201;19990228;  10;   2;    79.5;   -999;   -999;   15.8;eor
  4514;19990301;19990331;  10;   2;    43.9;   -999;   -999;   14.2;eor
  4514;19990401;19990430;  10;   2;    40.8;   -999;   -999;    7.2;eor
  4514;19990501;19990531;  10;   2;    63.0;   -999;   -999;   14.0;eor
  4514;19990601;19990630;  10;   2;    42.3;   -999;   -999;   11.3;eor
  4514;19990701;19990731;  10;   2;    58.5;   -999;   -999;   20.7;eor
  4514;19990801;19990831;  10;   2;   103.0;   -999;   -999;   19.7;eor
  4514;19990901;19990930;  10;   2;    51.4;   -999;   -999;   10.0;eor
  4514;19991001;19991031;  10;   2;    35.2;   -999;   -999;    6.3;eor
  4514;19991101;19991130;  10;   2;    29.9;   -999;   -999;    7.2;eor
  4514;19991201;19991231;  10;   2;   141.4;   -999;   -999;   21.0;eor
  4514;20000101;20000131;  10;   2;    64.3;   -999;   -999;   14.6;eor
  4514;20000201;20000229;  10;   2;    76.4;   -999;   -999;   11.7;eor
  4514;20000301;20000331;  10;   2;   137.5;   -999;   -999;   24.4;eor
  4514;20000401;20000430;  10;   2;    22.2;   -999;   -999;    5.6;eor
  4514;20000501;20000531;  10;   2;    42.3;   -999;   -999;   17.1;eor
  4514;20000601;20000630;  10;   2;    53.0;   -999;   -999;   15.4;eor
  4514;20000701;20000731;  10;   2;   107.6;   -999;   -999;   37.0;eor
  4514;20000801;20000831;  10;   2;    51.0;   -999;   -999;   13.5;eor
  4514;20000901;20000930;  10;   2;    59.0;   -999;   -999;   11.2;eor
  4514;20001001;20001031;  10;   2;    35.7;   -999;   -999;    4.1;eor
  4514;20001101;20001130;  10;   2;    30.5;   -999;   -999;    4.9;eor
  4514;20001201;20001231;  10;   2;    54.7;   -999;   -999;    9.5;eor
  4514;20010101;20010131;  10;   2;    56.4;   -999;   -999;   13.0;eor
  4514;20010201;20010228;  10;   2;    67.6;   -999;   -999;   12.7;eor
  4514;20010301;20010331;  10;   2;    57.1;   -999;   -999;    8.0;eor
  4514;20010401;20010430;  10;   2;    70.4;   -999;   -999;   12.2;eor
  4514;20010501;20010531;  10;   2;    40.3;   -999;   -999;   10.7;eor
  4514;20010601;20010630;  10;   2;    95.8;   -999;   -999;   15.0;eor
  4514;20010701;20010731;  10;   2;    60.2;   -999;   -999;   21.6;eor
  4514;20010801;20010831;  10;   2;    71.9;   -999;   -999;   18.0;eor
  4514;20010901;20010930;  10;   2;   240.3;   -999;   -999;   42.5;eor
  4514;20011001;20011031;  10;   2;    38.0;   -999;   -999;    9.3;eor
  4514;20011101;20011130;  10;   2;    76.8;   -999;   -999;   16.5;eor
  4514;20011201;20011231;  10;   2;   113.6;   -999;   -999;   14.5;eor
  4514;20020101;20020131;  10;   2;    78.3;   -999;   -999;   24.5;eor
  4514;20020201;20020228;  10;   2;   135.6;   -999;   -999;   19.0;eor
  4514;20020301;20020331;  10;   2;    53.9;   -999;   -999;   14.0;eor
  4514;20020401;20020430;  10;   2;    73.9;   -999;   -999;   12.2;eor
  4514;20020501;20020531;  10;   2;    67.0;   -999;   -999;   19.8;eor
  4514;20020601;20020630;  10;   2;    71.0;   -999;   -999;   12.0;eor
  4514;20020701;20020731;  10;   2;   217.8;   -999;   -999;   75.0;eor
  4514;20020801;20020831;  10;   2;    96.0;   -999;   -999;   17.5;eor
  4514;20020901;20020930;  10;   2;    18.1;   -999;   -999;    5.3;eor
  4514;20021001;20021031;  10;   2;    86.8;   -999;   -999;   15.3;eor
  4514;20021101;20021130;  10;   2;    83.6;   -999;   -999;   23.6;eor
  4514;20021201;20021231;  10;   2;    44.6;   -999;   -999;    6.6;eor
  4514;20030101;20030131;  10;   2;    86.3;     30;    133;   16.0;eor
  4514;20030201;20030228;  10;   2;    19.1;      7;     30;    7.0;eor
  4514;20030301;20030331;  10;   2;    34.9;      0;      0;   15.5;eor
  4514;20030401;20030430;  10;   2;    50.6;      2;      2;   14.2;eor
  4514;20030501;20030531;  10;   2;    56.5;      0;      0;   10.7;eor
  4514;20030601;20030630;  10;   2;    48.5;      0;      0;   17.8;eor
  4514;20030701;20030731;  10;   2;    52.7;      0;      0;   15.3;eor
  4514;20030801;20030831;  10;   2;    43.4;      0;      0;   18.2;eor
  4514;20030901;20030930;  10;   2;    74.9;      0;      0;   25.0;eor
  4514;20031001;20031031;  10;   2;    44.4;      0;      0;   14.0;eor
  4514;20031101;20031130;  10;   2;    22.3;      0;      0;    6.0;eor
  4514;20031201;20031231;  10;   2;    74.9;      4;      5;   18.8;eor
  4514;20040101;20040131;  10;   2;   129.1;     19;     34;   20.0;eor
  4514;20040201;20040229;  10;   2;    79.7;      5;      9;   15.5;eor
  4514;20040301;20040331;  10;   2;    43.9;      2;      2;   10.9;eor
  4514;20040401;20040430;  10;   2;    34.1;      0;      0;   11.3;eor
  4514;20040501;20040531;  10;   2;    52.9;      0;      0;   14.4;eor
  4514;20040601;20040630;  10;   2;    74.3;      0;      0;   15.0;eor
  4514;20040701;20040731;  10;   2;   119.7;      0;      0;   26.5;eor
  4514;20040801;20040831;  10;   2;    97.7;      0;      0;   20.5;eor
  4514;20040901;20040930;  10;   2;    67.5;      0;      0;   13.8;eor
  4514;20041001;20041031;  10;   2;    44.2;      0;      0;   10.7;eor
  4514;20041101;20041130;  10;   2;    85.9;      1;      1;   12.9;eor
  4514;20041201;20041231;  10;   2;    46.0;      0;      0;   13.9;eor
  4514;20050101;20050131;  10;   2;    64.9;      4;     13;   11.0;eor
  4514;20050201;20050228;  10;   2;    52.5;     19;     41;   14.2;eor
  4514;20050301;20050331;  10;   2;    54.3;     15;    127;   14.4;eor
  4514;20050401;20050430;  10;   2;    42.2;      0;      0;   21.2;eor
  4514;20050501;20050531;  10;   2;   110.0;      0;      0;   28.0;eor
  4514;20050601;20050630;  10;   2;    57.5;      0;      0;   13.9;eor
  4514;20050701;20050731;  10;   2;   236.2;      0;      0;   72.0;eor
  4514;20050801;20050831;  10;   2;    65.7;      0;      0;   10.8;eor
  4514;20050901;20050930;  10;   2;    47.5;      0;      0;   23.7;eor
  4514;20051001;20051031;  10;   2;    44.5;      0;      0;   17.5;eor
  4514;20051101;20051130;  10;   2;    64.1;     11;     35;   11.9;eor
  4514;20051201;20051231;  10;   2;    79.9;     31;     60;   15.4;eor
  4514;20060101;20060131;  10;   2;    28.3;      3;      9;    7.5;eor
  4514;20060201;20060228;  10;   2;    50.3;      4;      4;   10.5;eor
  4514;20060301;20060331;  10;   2;    75.3;     26;    137;   18.6;eor
  4514;20060401;20060430;  10;   2;    85.7;      0;      0;   18.2;eor
  4514;20060501;20060531;  10;   2;    72.9;      0;      0;   14.0;eor
  4514;20060601;20060630;  10;   2;    39.9;      0;      0;   12.2;eor
  4514;20060701;20060731;  10;   2;    19.5;      0;      0;    6.5;eor
  4514;20060801;20060831;  10;   2;   152.9;      0;      0;   34.7;eor
  4514;20060901;20060930;  10;   2;    15.9;      0;      0;    8.5;eor
  4514;20061001;20061031;  10;   2;    54.6;      0;      0;   10.2;eor
  4514;20061101;20061130;  10;   2;    64.9;      0;      0;   16.0;eor
  4514;20061201;20061231;  10;   2;    47.8;      0;      0;    9.0;eor
  4514;20070101;20070131;  10;   2;   137.5;      4;      7;   35.0;eor
  4514;20070201;20070228;  10;   2;    78.5;     10;     22;   11.2;eor
  4514;20070301;20070331;  10;   2;    77.5;      0;      0;   18.7;eor
  4514;20070401;20070430;  10;   2;     6.8;      0;      0;    2.4;eor
  4514;20070501;20070531;  10;   2;   122.4;      0;      0;   15.0;eor
  4514;20070601;20070630;  10;   2;    82.2;      0;      0;   26.0;eor
  4514;20070701;20070731;  10;   2;   111.8;      0;      0;   14.5;eor
  4514;20070801;20070831;  10;   2;    76.4;      0;      0;   15.8;eor
  4514;20070901;20070930;  10;   2;   108.7;      0;      0;   22.5;eor
  4514;20071001;20071031;  10;   2;    39.4;      0;      0;   22.5;eor
  4514;20071101;20071130;  10;   2;   107.3;      0;      0;   17.7;eor
  4514;20071201;20071231;  10;   2;    78.5;      0;      0;   16.6;eor
  4514;20080101;20080131;  10;   2;   161.8;      0;      0;   43.0;eor
  4514;20080201;20080229;  10;   2;    54.0;      0;      0;   20.0;eor
  4514;20080301;20080331;  10;   2;   109.3;      6;      6;   16.8;eor
  4514;20080401;20080430;  10;   2;    54.0;      0;      0;    9.8;eor
  4514;20080501;20080531;  10;   2;    11.5;      0;      0;    7.5;eor
  4514;20080601;20080630;  10;   2;    53.3;      0;      0;   23.2;eor
  4514;20080701;20080731;  10;   2;   162.6;      0;      0;   51.2;eor
  4514;20080801;20080831;  10;   2;    89.2;      0;      0;   24.4;eor
  4514;20080901;20080930;  10;   2;    30.8;      0;      0;   11.4;eor
  4514;20081001;20081031;  10;   2;    80.1;      0;      0;   18.0;eor
  4514;20081101;20081130;  10;   2;    58.4;     10;     24;   12.0;eor
  4514;20081201;20081231;  10;   2;    21.3;      0;      0;    3.3;eor
  4514;20090101;20090131;  10;   2;    48.6;      0;      0;   17.6;eor
  4514;20090201;20090228;  10;   2;    68.6;     11;     12;   15.3;eor
  4514;20090301;20090331;  10;   2;    88.3;      0;      0;   21.5;eor
  4514;20090401;20090430;  10;   2;    17.4;      0;      0;    7.0;eor
  4514;20090501;20090531;  10;   2;    37.7;      0;      0;   11.2;eor
  4514;20090601;20090630;  10;   2;    73.1;      0;      0;   18.2;eor
  4514;20090701;20090731;  10;   2;   128.9;      0;      0;   17.0;eor
  4514;20090801;20090831;  10;   2;    39.2;      0;      0;   19.2;eor
  4514;20090901;20090930;  10;   2;    23.5;      0;      0;    7.0;eor
  4514;20091001;20091031;  10;   2;   107.6;      0;      0;   30.0;eor
  4514;20091101;20091130;  10;   2;   124.6;      0;      0;   22.8;eor
  4514;20091201;20091231;  10;   2;    75.8;     13;     48;   24.0;eor
