STATIONS_ID; MESS_DATUM_BEGINN; MESS_DATUM_ENDE; QUALITAETS_NIVEAU; ART; NIEDERSCHLAGSHOEHE;NEUSCHNEEHOEHE;SCHNEEHOEHE; max(NIEDERSCHLAGSHOEHE);eor
  1154;19170101;19170131;   5;   2;    48.0;   -999;   -999;-999;eor
  1154;19170201;19170228;   5;   2;    13.0;   -999;   -999;-999;eor
  1154;19170301;19170331;   5;   2;    48.0;   -999;   -999;-999;eor
  1154;19170401;19170430;   5;   2;   117.0;   -999;   -999;-999;eor
  1154;19170501;19170531;   5;   2;    22.0;   -999;   -999;-999;eor
  1154;19170601;19170630;   5;   2;    43.0;   -999;   -999;-999;eor
  1154;19170701;19170731;   5;   2;    98.0;   -999;   -999;-999;eor
  1154;19170801;19170831;   5;   2;   123.0;   -999;   -999;-999;eor
  1154;19170901;19170930;   5;   2;    24.0;   -999;   -999;-999;eor
  1154;19171001;19171031;   5;   2;   115.0;   -999;   -999;-999;eor
  1154;19171101;19171130;   5;   2;    42.0;   -999;   -999;-999;eor
  1154;19171201;19171231;   5;   2;    30.0;   -999;   -999;-999;eor
  1154;19180101;19180131;   5;   2;    26.0;   -999;   -999;-999;eor
  1154;19180201;19180228;   5;   2;    36.0;   -999;   -999;-999;eor
  1154;19180301;19180331;   5;   2;    16.0;   -999;   -999;-999;eor
  1154;19180401;19180430;   5;   2;    36.0;   -999;   -999;-999;eor
  1154;19180501;19180531;   5;   2;    36.0;   -999;   -999;-999;eor
  1154;19180601;19180630;   5;   2;    63.0;   -999;   -999;-999;eor
  1154;19180701;19180731;   5;   2;   166.0;   -999;   -999;-999;eor
  1154;19180801;19180831;   5;   2;    57.0;   -999;   -999;-999;eor
  1154;19180901;19180930;   5;   2;    81.0;   -999;   -999;-999;eor
  1154;19181001;19181031;   5;   2;    44.0;   -999;   -999;-999;eor
  1154;19181101;19181130;   5;   2;    19.0;   -999;   -999;-999;eor
  1154;19181201;19181231;   5;   2;   140.0;   -999;   -999;-999;eor
  1154;19190101;19190131;   5;   2;    37.0;   -999;   -999;-999;eor
  1154;19190201;19190228;   5;   2;    45.0;   -999;   -999;-999;eor
  1154;19190301;19190331;   5;   2;    91.0;   -999;   -999;-999;eor
  1154;19190401;19190430;   5;   2;    78.0;   -999;   -999;-999;eor
  1154;19190501;19190531;   5;   2;    54.0;   -999;   -999;-999;eor
  1154;19190601;19190630;   5;   2;   114.0;   -999;   -999;-999;eor
  1154;19190701;19190731;   5;   2;    96.0;   -999;   -999;-999;eor
  1154;19190801;19190831;   5;   2;    63.0;   -999;   -999;-999;eor
  1154;19190901;19190930;   5;   2;    29.0;   -999;   -999;-999;eor
  1154;19191001;19191031;   5;   2;    70.0;   -999;   -999;-999;eor
  1154;19191101;19191130;   5;   2;   101.0;   -999;   -999;-999;eor
  1154;19191201;19191231;   5;   2;    95.0;   -999;   -999;-999;eor
  1154;19200101;19200131;   5;   2;    80.0;   -999;   -999;-999;eor
  1154;19200201;19200229;   5;   2;    29.0;   -999;   -999;-999;eor
  1154;19200301;19200331;   5;   2;    34.0;   -999;   -999;-999;eor
  1154;19200401;19200430;   5;   2;    79.0;   -999;   -999;-999;eor
  1154;19200501;19200531;   5;   2;   117.0;   -999;   -999;-999;eor
  1154;19200601;19200630;   5;   2;   133.0;   -999;   -999;-999;eor
  1154;19200701;19200731;   5;   2;   151.0;   -999;   -999;-999;eor
  1154;19200801;19200831;   5;   2;   110.0;   -999;   -999;-999;eor
  1154;19200901;19200930;   5;   2;   112.0;   -999;   -999;-999;eor
  1154;19201001;19201031;   5;   2;     0.0;   -999;   -999;-999;eor
  1154;19201101;19201130;   5;   2;     4.0;   -999;   -999;-999;eor
  1154;19201201;19201231;   5;   2;    49.0;   -999;   -999;-999;eor
  1154;19210101;19210131;   5;   2;    75.0;   -999;   -999;-999;eor
  1154;19210201;19210228;   5;   2;    25.0;   -999;   -999;-999;eor
  1154;19210301;19210331;   5;   2;    23.0;   -999;   -999;-999;eor
  1154;19210401;19210430;   5;   2;    68.0;   -999;   -999;-999;eor
  1154;19210501;19210531;   5;   2;    64.0;   -999;   -999;-999;eor
  1154;19210601;19210630;   5;   2;    79.0;   -999;   -999;-999;eor
  1154;19210701;19210731;   5;   2;    45.0;   -999;   -999;-999;eor
  1154;19210801;19210831;   5;   2;    64.0;   -999;   -999;-999;eor
  1154;19210901;19210930;   5;   2;    38.0;   -999;   -999;-999;eor
  1154;19211001;19211031;   5;   2;    45.0;   -999;   -999;-999;eor
  1154;19211101;19211130;   5;   2;    28.0;   -999;   -999;-999;eor
  1154;19211201;19211231;   5;   2;    34.0;   -999;   -999;-999;eor
  1154;19220101;19220131;   5;   2;    48.0;   -999;   -999;-999;eor
  1154;19220201;19220228;   5;   2;    59.0;   -999;   -999;-999;eor
  1154;19220301;19220331;   5;   2;    59.0;   -999;   -999;-999;eor
  1154;19220401;19220430;   5;   2;    75.0;   -999;   -999;-999;eor
  1154;19220501;19220531;   5;   2;    60.0;   -999;   -999;-999;eor
  1154;19220601;19220630;   5;   2;    54.0;   -999;   -999;-999;eor
  1154;19220701;19220731;   5;   2;   137.0;   -999;   -999;-999;eor
  1154;19220801;19220831;   5;   2;   105.0;   -999;   -999;-999;eor
  1154;19220901;19220930;   5;   2;   101.0;   -999;   -999;-999;eor
  1154;19221001;19221031;   5;   2;    94.0;   -999;   -999;-999;eor
  1154;19221101;19221130;   5;   2;    81.0;   -999;   -999;-999;eor
  1154;19221201;19221231;   5;   2;    93.0;   -999;   -999;-999;eor
  1154;19230101;19230131;   5;   2;    59.0;   -999;   -999;-999;eor
  1154;19230201;19230228;   5;   2;    68.0;   -999;   -999;-999;eor
  1154;19230301;19230331;   5;   2;    36.0;   -999;   -999;-999;eor
  1154;19230401;19230430;   5;   2;    83.0;   -999;   -999;-999;eor
  1154;19230501;19230531;   5;   2;    27.0;   -999;   -999;-999;eor
  1154;19230601;19230630;   5;   2;   104.0;   -999;   -999;-999;eor
  1154;19230701;19230731;   5;   2;    72.0;   -999;   -999;-999;eor
  1154;19230801;19230831;   5;   2;    71.0;   -999;   -999;-999;eor
  1154;19230901;19230930;   5;   2;    28.0;   -999;   -999;-999;eor
  1154;19231001;19231031;   5;   2;   112.0;   -999;   -999;-999;eor
  1154;19231101;19231130;   5;   2;    62.0;   -999;   -999;-999;eor
  1154;19231201;19231231;   5;   2;    89.0;   -999;   -999;-999;eor
  1154;19240101;19240131;   5;   2;    28.0;   -999;   -999;-999;eor
  1154;19240201;19240229;   5;   2;    21.0;   -999;   -999;-999;eor
  1154;19240301;19240331;   5;   2;    30.0;   -999;   -999;-999;eor
  1154;19240401;19240430;   5;   2;   117.0;   -999;   -999;-999;eor
  1154;19240501;19240531;   5;   2;    95.0;   -999;   -999;-999;eor
  1154;19240601;19240630;   5;   2;   104.0;   -999;   -999;-999;eor
  1154;19240701;19240731;   5;   2;   144.0;   -999;   -999;-999;eor
  1154;19240801;19240831;   5;   2;    93.0;   -999;   -999;-999;eor
  1154;19240901;19240930;   5;   2;    78.0;   -999;   -999;-999;eor
  1154;19241001;19241031;   5;   2;    45.0;   -999;   -999;-999;eor
  1154;19241101;19241130;   5;   2;    44.0;   -999;   -999;-999;eor
  1154;19241201;19241231;   5;   2;    26.0;   -999;   -999;-999;eor
  1154;19250101;19250131;   5;   2;    26.0;   -999;   -999;-999;eor
  1154;19250201;19250228;   5;   2;    34.0;   -999;   -999;-999;eor
  1154;19250301;19250331;   5;   2;    48.0;   -999;   -999;-999;eor
  1154;19250401;19250430;   5;   2;    71.0;   -999;   -999;-999;eor
  1154;19250501;19250531;   5;   2;    42.0;   -999;   -999;-999;eor
  1154;19250601;19250630;   5;   2;    41.0;   -999;   -999;-999;eor
  1154;19250701;19250731;   5;   2;   140.0;   -999;   -999;-999;eor
  1154;19250801;19250831;   5;   2;   232.0;   -999;   -999;-999;eor
  1154;19250901;19250930;   5;   2;    67.0;   -999;   -999;-999;eor
  1154;19251001;19251031;   5;   2;    42.0;   -999;   -999;-999;eor
  1154;19251101;19251130;   5;   2;    61.0;   -999;   -999;-999;eor
  1154;19251201;19251231;   5;   2;    76.0;   -999;   -999;-999;eor
  1154;19260101;19260131;   5;   2;    52.0;   -999;   -999;-999;eor
  1154;19260201;19260228;   5;   2;    42.0;   -999;   -999;-999;eor
  1154;19260301;19260331;   5;   2;    61.0;   -999;   -999;-999;eor
  1154;19260401;19260430;   5;   2;    46.0;   -999;   -999;-999;eor
  1154;19260501;19260531;   5;   2;    99.0;   -999;   -999;-999;eor
  1154;19260601;19260630;   5;   2;   163.0;   -999;   -999;-999;eor
  1154;19260701;19260731;   5;   2;   145.0;   -999;   -999;-999;eor
  1154;19260801;19260831;   5;   2;    64.0;   -999;   -999;-999;eor
  1154;19260901;19260930;   5;   2;    28.0;   -999;   -999;-999;eor
  1154;19261001;19261031;   5;   2;    87.0;   -999;   -999;-999;eor
  1154;19261101;19261130;   5;   2;    25.0;   -999;   -999;-999;eor
  1154;19261201;19261231;   5;   2;    30.0;   -999;   -999;-999;eor
  1154;19270101;19270131;   5;   2;    50.0;   -999;   -999;-999;eor
  1154;19270201;19270228;   5;   2;    29.0;   -999;   -999;-999;eor
  1154;19270301;19270331;   5;   2;    37.0;   -999;   -999;-999;eor
  1154;19270401;19270430;   5;   2;   104.0;   -999;   -999;-999;eor
  1154;19270501;19270531;   5;   2;    46.0;   -999;   -999;-999;eor
  1154;19270601;19270630;   5;   2;   101.0;   -999;   -999;-999;eor
  1154;19270701;19270731;   5;   2;    98.0;   -999;   -999;-999;eor
  1154;19270801;19270831;   5;   2;    84.0;   -999;   -999;-999;eor
  1154;19270901;19270930;   5;   2;   123.0;   -999;   -999;-999;eor
  1154;19271001;19271031;   5;   2;    25.0;   -999;   -999;-999;eor
  1154;19271101;19271130;   5;   2;    63.0;   -999;   -999;-999;eor
  1154;19271201;19271231;   5;   2;    16.0;   -999;   -999;-999;eor
  1154;19280101;19280131;   5;   2;    41.0;   -999;   -999;-999;eor
  1154;19280201;19280229;   5;   2;    89.0;   -999;   -999;-999;eor
  1154;19280301;19280331;   5;   2;    41.0;   -999;   -999;-999;eor
  1154;19280401;19280430;   5;   2;    35.0;   -999;   -999;-999;eor
  1154;19280501;19280531;   5;   2;   130.0;   -999;   -999;-999;eor
  1154;19280601;19280630;   5;   2;   151.0;   -999;   -999;-999;eor
  1154;19280701;19280731;   5;   2;    37.0;   -999;   -999;-999;eor
  1154;19280801;19280831;   5;   2;   107.0;   -999;   -999;-999;eor
  1154;19280901;19280930;   5;   2;    50.0;   -999;   -999;-999;eor
  1154;19281001;19281031;   5;   2;    50.0;   -999;   -999;-999;eor
  1154;19281101;19281130;   5;   2;    81.0;   -999;   -999;-999;eor
  1154;19281201;19281231;   5;   2;    67.0;   -999;   -999;-999;eor
  1154;19290101;19290131;   5;   2;    46.0;   -999;   -999;-999;eor
  1154;19290201;19290228;   5;   2;    25.0;   -999;   -999;-999;eor
  1154;19290301;19290331;   5;   2;    15.0;   -999;   -999;-999;eor
  1154;19290401;19290430;   5;   2;    73.0;   -999;   -999;-999;eor
  1154;19290501;19290531;   5;   2;    56.0;   -999;   -999;-999;eor
  1154;19290601;19290630;   5;   2;    73.0;   -999;   -999;-999;eor
  1154;19290701;19290731;   5;   2;    83.0;   -999;   -999;-999;eor
  1154;19290801;19290831;   5;   2;   117.0;   -999;   -999;-999;eor
  1154;19290901;19290930;   5;   2;    43.0;   -999;   -999;-999;eor
  1154;19291001;19291031;   5;   2;    42.0;   -999;   -999;-999;eor
  1154;19291101;19291130;   5;   2;    69.0;   -999;   -999;-999;eor
  1154;19291201;19291231;   5;   2;    75.0;   -999;   -999;-999;eor
  1154;19300101;19300131;   5;   2;    24.0;   -999;   -999;-999;eor
  1154;19300201;19300228;   5;   2;    14.0;   -999;   -999;-999;eor
  1154;19300301;19300331;   5;   2;    70.0;   -999;   -999;-999;eor
  1154;19300401;19300430;   5;   2;    82.0;   -999;   -999;-999;eor
  1154;19300501;19300531;   5;   2;   213.0;   -999;   -999;-999;eor
  1154;19300601;19300630;   5;   2;    77.0;   -999;   -999;-999;eor
  1154;19300701;19300731;   5;   2;   135.0;   -999;   -999;-999;eor
  1154;19300801;19300831;   5;   2;   140.0;   -999;   -999;-999;eor
  1154;19300901;19300930;   5;   2;    74.0;   -999;   -999;-999;eor
  1154;19301001;19301031;   5;   2;   128.0;   -999;   -999;-999;eor
  1154;19301101;19301130;   5;   2;    60.0;   -999;   -999;-999;eor
  1154;19301201;19301231;   5;   2;    57.0;   -999;   -999;-999;eor
  1154;19310101;19310131;   5;   2;    56.5;   -999;   -999;   11.1;eor
  1154;19310201;19310228;   5;   2;    43.9;   -999;   -999;   11.3;eor
  1154;19310301;19310331;   5;   2;    20.6;   -999;   -999;    8.8;eor
  1154;19310401;19310430;   5;   2;    62.3;   -999;   -999;    9.8;eor
  1154;19310501;19310531;   5;   2;    36.3;   -999;   -999;   10.1;eor
  1154;19310601;19310630;   5;   2;    63.5;   -999;   -999;   14.3;eor
  1154;19310701;19310731;   5;   2;   156.5;   -999;   -999;   29.2;eor
  1154;19310801;19310831;   5;   2;   124.0;   -999;   -999;   29.3;eor
  1154;19310901;19310930;   5;   2;    68.7;   -999;   -999;    8.6;eor
  1154;19311001;19311031;   5;   2;    56.1;   -999;   -999;   28.6;eor
  1154;19311101;19311130;   5;   2;    22.6;   -999;   -999;    7.9;eor
  1154;19311201;19311231;   5;   2;    38.6;   -999;   -999;    5.2;eor
  1154;19320101;19320131;   5;   2;    44.2;   -999;   -999;   16.4;eor
  1154;19320201;19320229;   5;   2;    22.6;   -999;   -999;    5.6;eor
  1154;19320301;19320331;   5;   2;    32.7;   -999;   -999;   10.9;eor
  1154;19320401;19320430;   5;   2;    47.9;   -999;   -999;   11.9;eor
  1154;19320501;19320531;   5;   2;   129.1;   -999;   -999;   31.8;eor
  1154;19320601;19320630;   5;   2;    65.4;   -999;   -999;   16.2;eor
  1154;19320701;19320731;   5;   2;    95.7;   -999;   -999;   20.3;eor
  1154;19320801;19320831;   5;   2;    62.8;   -999;   -999;   15.1;eor
  1154;19320901;19320930;   5;   2;    50.3;   -999;   -999;    9.2;eor
  1154;19321001;19321031;   5;   2;    64.7;   -999;   -999;   19.0;eor
  1154;19321101;19321130;   5;   2;    67.5;   -999;   -999;   29.7;eor
  1154;19321201;19321231;   5;   2;     9.1;   -999;   -999;    7.5;eor
  1154;19330101;19330131;   5;   2;    48.8;   -999;   -999;   13.0;eor
  1154;19330201;19330228;   5;   2;    51.3;   -999;   -999;   15.1;eor
  1154;19330301;19330331;   5;   2;    21.8;   -999;   -999;   10.1;eor
  1154;19330401;19330430;   5;   2;    60.2;   -999;   -999;   10.2;eor
  1154;19330501;19330531;   5;   2;   117.6;   -999;   -999;   21.4;eor
  1154;19330601;19330630;   5;   2;   140.1;   -999;   -999;   35.6;eor
  1154;19330701;19330731;   5;   2;   128.0;   -999;   -999;   20.5;eor
  1154;19330801;19330831;   5;   2;    65.2;   -999;   -999;   13.3;eor
  1154;19330901;19330930;   5;   2;    29.8;   -999;   -999;    7.8;eor
  1154;19331001;19331031;   5;   2;    84.4;   -999;   -999;   20.6;eor
  1154;19331101;19331130;   5;   2;    58.8;   -999;   -999;   11.3;eor
  1154;19331201;19331231;   5;   2;    21.7;   -999;   -999;    6.6;eor
  1154;19340101;19340131;   5;   2;    39.4;   -999;   -999;    7.5;eor
  1154;19340201;19340228;   5;   2;     8.0;   -999;   -999;    2.8;eor
  1154;19340301;19340331;   5;   2;    24.3;   -999;   -999;    7.4;eor
  1154;19340401;19340430;   5;   2;    49.7;   -999;   -999;   25.3;eor
  1154;19340501;19340531;   5;   2;    36.2;   -999;   -999;   24.1;eor
  1154;19340601;19340630;   5;   2;   108.8;   -999;   -999;   19.0;eor
  1154;19340701;19340731;   5;   2;    48.7;   -999;   -999;   11.1;eor
  1154;19340801;19340831;   5;   2;   166.0;   -999;   -999;   40.4;eor
  1154;19340901;19340930;   5;   2;     9.0;   -999;   -999;    3.3;eor
  1154;19341001;19341031;   5;   2;    55.6;   -999;   -999;   15.5;eor
  1154;19341101;19341130;   5;   2;    33.5;   -999;   -999;   18.2;eor
  1154;19341201;19341231;   5;   2;    56.7;   -999;   -999;    8.4;eor
  1154;19350101;19350131;   5;   2;    42.9;   -999;   -999;    7.5;eor
  1154;19350201;19350228;   5;   2;    97.2;   -999;   -999;   20.2;eor
  1154;19350301;19350331;   5;   2;    28.2;   -999;   -999;    6.7;eor
  1154;19350401;19350430;   5;   2;   125.6;   -999;   -999;   26.6;eor
  1154;19350501;19350531;   5;   2;   134.7;   -999;   -999;   60.4;eor
  1154;19350601;19350630;   5;   2;    57.8;   -999;   -999;   21.0;eor
  1154;19350701;19350731;   5;   2;   170.9;   -999;   -999;   96.4;eor
  1154;19350801;19350831;   5;   2;    34.0;   -999;   -999;    8.9;eor
  1154;19350901;19350930;   5;   2;    67.2;   -999;   -999;   16.5;eor
  1154;19351001;19351031;   5;   2;   118.6;   -999;   -999;   37.0;eor
  1154;19351101;19351130;   5;   2;    30.1;   -999;   -999;    7.8;eor
  1154;19351201;19351231;   5;   2;    36.7;   -999;   -999;   19.1;eor
  1154;19360101;19360131;   5;   2;    88.9;   -999;   -999;   21.0;eor
  1154;19360201;19360229;   5;   2;    34.1;   -999;   -999;    9.0;eor
  1154;19360301;19360331;   5;   2;    16.8;   -999;   -999;    6.4;eor
  1154;19360401;19360430;   5;   2;    73.3;   -999;   -999;   22.5;eor
  1154;19360501;19360531;   5;   2;   161.1;   -999;   -999;   34.5;eor
  1154;19360601;19360630;   5;   2;   174.9;   -999;   -999;   59.0;eor
  1154;19360701;19360731;   5;   2;   110.7;   -999;   -999;   20.1;eor
  1154;19360801;19360831;   5;   2;   109.2;   -999;   -999;   35.8;eor
  1154;19360901;19360930;   5;   2;    82.9;   -999;   -999;   13.9;eor
  1154;19361001;19361031;   5;   2;    70.1;   -999;   -999;   11.9;eor
  1154;19361101;19361130;   5;   2;    54.2;   -999;   -999;   15.9;eor
  1154;19361201;19361231;   5;   2;    29.1;   -999;   -999;    5.4;eor
  1154;19370101;19370131;   5;   2;    55.8;   -999;   -999;   12.8;eor
  1154;19370201;19370228;   5;   2;   102.3;   -999;   -999;   15.8;eor
  1154;19370301;19370331;   5;   2;    39.5;   -999;   -999;   12.7;eor
  1154;19370401;19370430;   5;   2;    74.9;   -999;   -999;   10.5;eor
  1154;19370501;19370531;   5;   2;    26.8;   -999;   -999;   12.2;eor
  1154;19370601;19370630;   5;   2;    86.7;   -999;   -999;   26.3;eor
  1154;19370701;19370731;   5;   2;    57.8;   -999;   -999;   10.5;eor
  1154;19370801;19370831;   5;   2;    65.1;   -999;   -999;   19.6;eor
  1154;19370901;19370930;   5;   2;   143.3;   -999;   -999;   32.0;eor
  1154;19371001;19371031;   5;   2;    61.6;   -999;   -999;   19.8;eor
  1154;19371101;19371130;   5;   2;    33.9;   -999;   -999;    5.0;eor
  1154;19371201;19371231;   5;   2;    46.6;   -999;   -999;   10.3;eor
  1154;19380101;19380131;   5;   2;    73.1;   -999;   -999;   13.0;eor
  1154;19380201;19380228;   5;   2;    31.5;   -999;   -999;    8.2;eor
  1154;19380301;19380331;   5;   2;    61.6;   -999;   -999;   14.2;eor
  1154;19380401;19380430;   5;   2;    66.3;   -999;   -999;   17.8;eor
  1154;19380501;19380531;   5;   2;    86.0;   -999;   -999;   23.3;eor
  1154;19380601;19380630;   5;   2;    83.2;   -999;   -999;   24.5;eor
  1154;19380701;19380731;   5;   2;   100.4;   -999;   -999;   34.3;eor
  1154;19380801;19380831;   5;   2;   133.7;   -999;   -999;   31.2;eor
  1154;19380901;19380930;   5;   2;    69.2;   -999;   -999;   22.5;eor
  1154;19381001;19381031;   5;   2;    28.4;   -999;   -999;    9.4;eor
  1154;19381101;19381130;   5;   2;    42.6;   -999;   -999;   19.1;eor
  1154;19381201;19381231;   5;   2;    59.8;   -999;   -999;   14.4;eor
  1154;19390101;19390131;   5;   2;    51.0;   -999;   -999;   15.7;eor
  1154;19390201;19390228;   5;   2;    47.6;   -999;   -999;   14.4;eor
  1154;19390301;19390331;   5;   2;    79.1;   -999;   -999;   18.7;eor
  1154;19390401;19390430;   5;   2;    12.5;   -999;   -999;    6.7;eor
  1154;19390501;19390531;   5;   2;   115.6;   -999;   -999;   18.9;eor
  1154;19390601;19390630;   5;   2;    91.8;   -999;   -999;   21.0;eor
  1154;19390701;19390731;   5;   2;    94.1;   -999;   -999;   17.9;eor
  1154;19390801;19390831;   5;   2;    76.9;   -999;   -999;   24.3;eor
  1154;19390901;19390930;   5;   2;    78.4;   -999;   -999;   14.5;eor
  1154;19391001;19391031;   5;   2;   115.0;   -999;   -999;   32.8;eor
  1154;19391101;19391130;   5;   2;    99.8;   -999;   -999;   24.5;eor
  1154;19391201;19391231;   5;   2;    79.4;   -999;   -999;   18.6;eor
  1154;19400101;19400131;   5;   2;    21.4;   -999;   -999;   10.9;eor
  1154;19400201;19400229;   5;   2;    58.2;   -999;   -999;   13.5;eor
  1154;19400301;19400331;   5;   2;    61.9;   -999;   -999;   12.5;eor
  1154;19400401;19400430;   5;   2;    34.8;   -999;   -999;    8.8;eor
  1154;19400501;19400531;   5;   2;   153.2;   -999;   -999;   51.1;eor
  1154;19400601;19400630;   5;   2;   102.1;   -999;   -999;   27.6;eor
  1154;19400701;19400731;   5;   2;   101.3;   -999;   -999;   16.8;eor
  1154;19400801;19400831;   5;   2;   102.1;   -999;   -999;   28.6;eor
  1154;19400901;19400930;   5;   2;   163.1;   -999;   -999;   51.5;eor
  1154;19401001;19401031;   5;   2;    51.3;   -999;   -999;   11.7;eor
  1154;19401101;19401130;   5;   2;    61.3;   -999;   -999;   15.6;eor
  1154;19401201;19401231;   5;   2;    72.3;   -999;   -999;   22.1;eor
  1154;19410101;19410131;   5;   2;    72.4;   -999;   -999;   11.9;eor
  1154;19410201;19410228;   5;   2;    52.8;   -999;   -999;   12.9;eor
  1154;19410301;19410331;   5;   2;    76.2;   -999;   -999;   20.9;eor
  1154;19410401;19410430;   5;   2;    63.4;   -999;   -999;   18.0;eor
  1154;19410501;19410531;   5;   2;    69.3;   -999;   -999;   17.3;eor
  1154;19410601;19410630;   5;   2;   112.6;   -999;   -999;   36.1;eor
  1154;19410701;19410731;   5;   2;   179.7;   -999;   -999;   36.3;eor
  1154;19410801;19410831;   5;   2;   129.1;   -999;   -999;   24.3;eor
  1154;19410901;19410930;   5;   2;    41.7;   -999;   -999;   14.3;eor
  1154;19411001;19411031;   5;   2;   129.7;   -999;   -999;   17.5;eor
  1154;19411101;19411130;   5;   2;    29.3;   -999;   -999;   13.7;eor
  1154;19411201;19411231;   5;   2;    50.2;   -999;   -999;    8.8;eor
  1154;19420101;19420131;   5;   2;    62.8;   -999;   -999;   19.4;eor
  1154;19420201;19420228;   5;   2;    37.9;   -999;   -999;    8.3;eor
  1154;19420301;19420331;   5;   2;    58.2;   -999;   -999;   22.3;eor
  1154;19420401;19420430;   5;   2;    47.4;   -999;   -999;   13.1;eor
  1154;19420501;19420531;   5;   2;    56.7;   -999;   -999;   11.2;eor
  1154;19420601;19420630;   5;   2;    70.8;   -999;   -999;   16.9;eor
  1154;19420701;19420731;   5;   2;   140.4;   -999;   -999;   23.8;eor
  1154;19420801;19420831;   5;   2;    61.8;   -999;   -999;   21.4;eor
  1154;19420901;19420930;   5;   2;    66.0;   -999;   -999;   33.2;eor
  1154;19421001;19421031;   5;   2;    91.4;   -999;   -999;   15.1;eor
  1154;19421101;19421130;   5;   2;    46.6;   -999;   -999;   10.2;eor
  1154;19421201;19421231;   5;   2;    16.5;   -999;   -999;    7.2;eor
  1154;19430101;19430131;   5;   2;    37.0;   -999;   -999;    6.9;eor
  1154;19430201;19430228;   5;   2;    22.0;   -999;   -999;    5.9;eor
  1154;19430301;19430331;   5;   2;    26.8;   -999;   -999;    9.3;eor
  1154;19430401;19430430;   5;   2;    53.0;   -999;   -999;   16.7;eor
  1154;19430501;19430531;   5;   2;   136.8;   -999;   -999;   23.0;eor
  1154;19430601;19430630;   5;   2;    74.5;   -999;   -999;   16.0;eor
  1154;19430701;19430731;   5;   2;    96.1;   -999;   -999;   19.6;eor
  1154;19430801;19430831;   5;   2;    48.7;   -999;   -999;   12.7;eor
  1154;19430901;19430930;   5;   2;    87.6;   -999;   -999;   14.7;eor
  1154;19431001;19431031;   5;   2;     5.3;   -999;   -999;    4.3;eor
  1154;19431101;19431130;   5;   2;    54.6;   -999;   -999;   15.0;eor
  1154;19431201;19431231;   5;   2;    33.5;   -999;   -999;    5.9;eor
  1154;19440101;19440131;   5;   2;    82.9;   -999;   -999;   29.9;eor
  1154;19440201;19440229;   5;   2;    92.3;   -999;   -999;   19.6;eor
  1154;19440301;19440331;   5;   2;   110.3;   -999;   -999;   22.6;eor
  1154;19440401;19440430;   5;   2;    66.5;   -999;   -999;    8.7;eor
  1154;19440501;19440531;   5;   2;    61.2;   -999;   -999;   16.3;eor
  1154;19440601;19440630;   5;   2;   128.5;   -999;   -999;   20.5;eor
  1154;19440701;19440731;   5;   2;   149.1;   -999;   -999;   40.5;eor
  1154;19440801;19440831;   5;   2;    58.9;   -999;   -999;   14.1;eor
  1154;19440901;19440930;   5;   2;    64.9;   -999;   -999;   14.2;eor
  1154;19441001;19441031;   5;   2;    62.0;   -999;   -999;   17.2;eor
  1154;19441101;19441130;   5;   2;   131.9;   -999;   -999;   28.0;eor
  1154;19441201;19441231;   5;   2;    52.5;   -999;   -999;   21.0;eor
  1154;19450101;19450131;   5;   2;    -999;   -999;    536;    8.3;eor
  1154;19450401;19450430;   5;   2;    64.1;   -999;      0;   11.2;eor
  1154;19450501;19450531;   5;   2;   120.6;   -999;      3;   53.4;eor
  1154;19450601;19450630;   5;   2;    54.5;   -999;      0;   11.5;eor
  1154;19450701;19450731;   5;   2;    81.9;   -999;      0;   35.5;eor
  1154;19450801;19450831;   5;   2;    88.2;   -999;      0;   15.9;eor
  1154;19450901;19450930;   5;   2;    73.6;   -999;      0;   16.8;eor
  1154;19451001;19451031;   5;   2;    56.1;   -999;      0;   10.9;eor
  1154;19451101;19451130;   5;   2;    41.4;   -999;     34;   11.6;eor
  1154;19451201;19451231;   5;   2;    72.2;   -999;   -999;   10.3;eor
  1154;19460101;19460131;   5;   2;    41.3;   -999;    219;   16.3;eor
  1154;19460201;19460228;   5;   2;    81.7;   -999;     97;    7.8;eor
  1154;19460301;19460331;   5;   2;    18.5;   -999;      0;   14.2;eor
  1154;19460401;19460430;   5;   2;    18.4;   -999;      0;   12.4;eor
  1154;19460501;19460531;   5;   2;    74.5;   -999;      0;   22.7;eor
  1154;19460601;19460630;   5;   2;   155.9;   -999;      0;   32.9;eor
  1154;19460701;19460731;   5;   2;   128.2;   -999;      0;   28.6;eor
  1154;19460801;19460831;   5;   2;    78.7;   -999;      0;   20.9;eor
  1154;19460901;19460930;   5;   2;    43.6;   -999;      0;   15.7;eor
  1154;19461001;19461031;   5;   2;    48.5;   -999;      0;    9.9;eor
  1154;19461101;19461130;   5;   2;    45.8;   -999;      0;    8.5;eor
  1154;19461201;19461231;   5;   2;    51.9;   -999;    240;   12.8;eor
  1154;19470101;19470131;   5;   2;    56.2;   -999;    455;   10.5;eor
  1154;19470201;19470228;   5;   2;    55.4;   -999;    787;   13.1;eor
  1154;19470301;19470331;   5;   2;    74.2;   -999;    358;   13.9;eor
  1154;19470401;19470430;   5;   2;    46.0;   -999;      0;   15.7;eor
  1154;19470501;19470531;   5;   2;    15.3;   -999;      0;    6.1;eor
  1154;19470601;19470630;   5;   2;    79.1;   -999;      0;   25.7;eor
  1154;19470701;19470731;   5;   2;   130.7;   -999;      0;   47.1;eor
  1154;19470801;19470831;   5;   2;    38.1;   -999;      0;   12.7;eor
  1154;19470901;19470930;   5;   2;    13.1;   -999;      0;    3.5;eor
  1154;19471001;19471031;   5;   2;    22.2;   -999;      0;   13.9;eor
  1154;19471101;19471130;   5;   2;   170.2;   -999;     35;   49.7;eor
  1154;19471201;19471231;   5;   2;   108.3;   -999;    138;   24.5;eor
  1154;19480101;19480131;   5;   2;   113.8;   -999;    163;   21.7;eor
  1154;19480201;19480229;   5;   2;    60.8;   -999;     34;   14.3;eor
  1154;19480301;19480331;   5;   2;    54.0;   -999;      0;   18.5;eor
  1154;19480401;19480430;   5;   2;    18.3;   -999;      0;    5.7;eor
  1154;19480501;19480531;   5;   2;    80.3;   -999;      0;   22.7;eor
  1154;19480601;19480630;   5;   2;   124.9;   -999;      0;   22.9;eor
  1154;19480701;19480731;   5;   2;   184.8;   -999;      0;   28.2;eor
  1154;19480801;19480831;   5;   2;   144.5;   -999;      0;   29.4;eor
  1154;19480901;19480930;   5;   2;    30.9;   -999;      0;   10.5;eor
  1154;19481001;19481031;   5;   2;    40.8;   -999;      0;   13.0;eor
  1154;19481101;19481130;   5;   2;    25.7;   -999;      0;   13.1;eor
  1154;19481201;19481231;   5;   2;    18.6;   -999;      3;    9.6;eor
  1154;19490101;19490131;   5;   2;    38.2;   -999;     75;    6.5;eor
  1154;19490201;19490228;   5;   2;     7.3;   -999;     47;    2.0;eor
  1154;19490301;19490331;   5;   2;    37.2;   -999;     62;   15.1;eor
  1154;19490401;19490430;   5;   2;    59.0;   -999;      7;   10.2;eor
  1154;19490501;19490531;   5;   2;   159.8;   -999;      0;   39.3;eor
  1154;19490601;19490630;   5;   2;    91.4;   -999;      0;   19.4;eor
  1154;19490701;19490731;   5;   2;    69.8;   -999;      0;   20.8;eor
  1154;19490801;19490831;   5;   2;   125.1;   -999;      0;   22.4;eor
  1154;19490901;19490930;   5;   2;    36.1;   -999;      0;    8.1;eor
  1154;19491001;19491031;   5;   2;     8.7;   -999;      0;    4.8;eor
  1154;19491101;19491130;   5;   2;    48.7;   -999;      0;   14.9;eor
  1154;19491201;19491231;   5;   2;    84.6;   -999;     47;   12.9;eor
  1154;19500101;19500131;   5;   2;    83.3;   -999;     99;   24.0;eor
  1154;19500201;19500228;   5;   2;    37.2;   -999;     43;    8.5;eor
  1154;19500301;19500331;   5;   2;    26.7;   -999;      9;   10.0;eor
  1154;19500401;19500430;   5;   2;    72.6;   -999;      0;   18.1;eor
  1154;19500501;19500531;   5;   2;    35.1;   -999;      0;   16.2;eor
  1154;19500601;19500630;   5;   2;    38.2;   -999;      0;   14.7;eor
  1154;19500701;19500731;   5;   2;   134.4;   -999;      0;   29.2;eor
  1154;19500801;19500831;   5;   2;    56.6;   -999;      0;   16.8;eor
  1154;19500901;19500930;   5;   2;    93.8;   -999;      0;   11.6;eor
  1154;19501001;19501031;   5;   2;    61.4;   -999;     40;   13.0;eor
  1154;19501101;19501130;   5;   2;   133.6;   -999;     51;   32.3;eor
  1154;19501201;19501231;   5;   2;    41.6;   -999;    395;    5.7;eor
  1154;19510101;19510131;   5;   2;    66.7;   -999;    435;   19.7;eor
  1154;19510201;19510228;   5;   2;    30.5;   -999;     59;    4.5;eor
  1154;19510301;19510331;   5;   2;    67.5;   -999;     20;    9.8;eor
  1154;19510401;19510430;   5;   2;    15.9;   -999;      0;    3.9;eor
  1154;19510501;19510531;   5;   2;    70.9;   -999;      0;   17.7;eor
  1154;19510601;19510630;   5;   2;   143.1;   -999;      0;   40.6;eor
  1154;19510701;19510731;   5;   2;    57.7;   -999;      0;   11.2;eor
  1154;19510801;19510831;   5;   2;    67.4;   -999;      0;   18.7;eor
  1154;19510901;19510930;   5;   2;    38.5;   -999;      0;    9.0;eor
  1154;19511001;19511031;   5;   2;     5.8;   -999;      0;    4.4;eor
  1154;19511101;19511130;   5;   2;    65.8;   -999;      2;   18.6;eor
  1154;19511201;19511231;   5;   2;    66.4;   -999;     43;   13.4;eor
  1154;19520101;19520131;   5;   2;    57.3;   -999;    226;   11.2;eor
  1154;19520201;19520229;   5;   2;    89.1;   -999;    802;   19.4;eor
  1154;19520301;19520331;   5;   2;   114.7;   -999;    101;   19.7;eor
  1154;19520401;19520430;   5;   2;    48.5;   -999;     46;   23.2;eor
  1154;19520501;19520531;   5;   2;    54.3;   -999;      0;   11.0;eor
  1154;19520601;19520630;   5;   2;    87.5;   -999;      0;   14.3;eor
  1154;19520701;19520731;   5;   2;    45.5;   -999;      0;   19.6;eor
  1154;19520801;19520831;   5;   2;    98.6;   -999;      0;   24.3;eor
  1154;19520901;19520930;   5;   2;   109.4;   -999;      0;   24.2;eor
  1154;19521001;19521031;   5;   2;    81.2;   -999;      0;   17.4;eor
  1154;19521101;19521130;   5;   2;   132.2;   -999;     50;   23.2;eor
  1154;19521201;19521231;   5;   2;    62.4;   -999;    136;   13.3;eor
  1154;19530101;19530131;   5;   2;    23.5;   -999;    251;    3.2;eor
  1154;19530201;19530228;   5;   2;    52.4;   -999;    489;    7.6;eor
  1154;19530301;19530331;   5;   2;     5.1;   -999;      3;    2.9;eor
  1154;19530401;19530430;   5;   2;    75.9;   -999;      0;   15.5;eor
  1154;19530501;19530531;   5;   2;    72.8;   -999;      0;   17.6;eor
  1154;19530601;19530630;   5;   2;   127.8;   -999;      0;   40.1;eor
  1154;19530701;19530731;   5;   2;   160.2;   -999;      0;   31.4;eor
  1154;19530801;19530831;   5;   2;    76.4;   -999;      0;   24.3;eor
  1154;19530901;19530930;   5;   2;    16.8;   -999;      0;    5.2;eor
  1154;19531001;19531031;   5;   2;     6.4;   -999;      0;    3.0;eor
  1154;19531101;19531130;   5;   2;     5.9;   -999;      0;    3.0;eor
  1154;19531201;19531231;   5;   2;    31.5;   -999;    118;   12.5;eor
  1154;19540101;19540131;   5;   2;    88.3;   -999;    568;   15.3;eor
  1154;19540201;19540228;   5;   2;    29.0;   -999;     48;    9.6;eor
  1154;19540301;19540331;   5;   2;    33.1;   -999;      9;   12.6;eor
  1154;19540401;19540430;   5;   2;    66.7;   -999;      2;   16.7;eor
  1154;19540501;19540531;   5;   2;   131.3;   -999;      0;   24.6;eor
  1154;19540601;19540630;   5;   2;    65.6;   -999;      0;   20.2;eor
  1154;19540701;19540731;   5;   2;   343.6;   -999;      0;  107.5;eor
  1154;19540801;19540831;   5;   2;    74.2;   -999;      0;   18.4;eor
  1154;19540901;19540930;   5;   2;   137.3;   -999;      0;   32.2;eor
  1154;19541001;19541031;   5;   2;    56.8;   -999;      0;   17.6;eor
  1154;19541101;19541130;   5;   2;    33.1;   -999;      6;    6.3;eor
  1154;19541201;19541231;   5;   2;    68.0;   -999;     20;   14.6;eor
  1154;19550101;19550131;   5;   2;    86.5;   -999;     82;   39.5;eor
  1154;19550201;19550228;   5;   2;    70.6;   -999;    290;    9.5;eor
  1154;19550301;19550331;   5;   2;    14.7;   -999;    483;    5.8;eor
  1154;19550401;19550430;   5;   2;    64.0;   -999;      6;   21.4;eor
  1154;19550501;19550531;   5;   2;   116.7;   -999;      0;   17.1;eor
  1154;19550601;19550630;   5;   2;   116.4;   -999;      0;   52.3;eor
  1154;19550701;19550731;   5;   2;   225.2;   -999;      0;   62.6;eor
  1154;19550801;19550831;   5;   2;   111.5;   -999;      0;   33.6;eor
  1154;19550901;19550930;   5;   2;    58.2;   -999;      0;   14.0;eor
  1154;19551001;19551031;   5;   2;    42.1;   -999;      0;   13.1;eor
  1154;19551101;19551130;   5;   2;    10.1;   -999;      2;    3.1;eor
  1154;19551201;19551231;   5;   2;    75.3;   -999;     37;   15.0;eor
  1154;19560101;19560131;   5;   2;    45.7;   -999;     40;   14.3;eor
  1154;19560201;19560229;   5;   2;    23.0;   -999;    443;    5.8;eor
  1154;19560301;19560331;   5;   2;    60.0;   -999;     17;   36.3;eor
  1154;19560401;19560430;   5;   2;    35.7;   -999;      6;   13.3;eor
  1154;19560501;19560531;   5;   2;    76.8;   -999;      0;   17.0;eor
  1154;19560601;19560630;   5;   2;   127.2;   -999;      0;   19.1;eor
  1154;19560701;19560731;   5;   2;   131.7;   -999;      0;   38.3;eor
  1154;19560801;19560831;   5;   2;   128.1;   -999;      0;   14.6;eor
  1154;19560901;19560930;   5;   2;    39.9;   -999;      0;   13.9;eor
  1154;19561001;19561031;   5;   2;   125.7;   -999;     20;   36.4;eor
  1154;19561101;19561130;   5;   2;    38.1;   -999;      5;   18.2;eor
  1154;19561201;19561231;   5;   2;    39.7;   -999;     42;   10.0;eor
  1154;19570101;19570131;   5;   2;    48.5;   -999;    358;    8.8;eor
  1154;19570201;19570228;   5;   2;    82.0;   -999;     15;   25.5;eor
  1154;19570301;19570331;   5;   2;    65.2;   -999;      0;   20.2;eor
  1154;19570401;19570430;   5;   2;    51.5;   -999;      2;   16.2;eor
  1154;19570501;19570531;   5;   2;    77.2;   -999;      2;   27.5;eor
  1154;19570601;19570630;   5;   2;    80.7;   -999;      0;   17.5;eor
  1154;19570701;19570731;   5;   2;   250.8;   -999;      0;   47.5;eor
  1154;19570801;19570831;   5;   2;   117.9;   -999;      0;   27.2;eor
  1154;19570901;19570930;   5;   2;   106.3;   -999;      0;   18.2;eor
  1154;19571001;19571031;   5;   2;     9.7;   -999;      0;    4.2;eor
  1154;19571101;19571130;   5;   2;    19.1;   -999;      0;    9.4;eor
  1154;19571201;19571231;   5;   2;    38.4;   -999;     10;   15.4;eor
  1154;19580101;19580131;   5;   2;    94.0;   -999;    457;   19.2;eor
  1154;19580201;19580228;   5;   2;   161.3;   -999;    392;   26.1;eor
  1154;19580301;19580331;   5;   2;    42.2;   -999;    412;   18.2;eor
  1154;19580401;19580430;   5;   2;    63.4;   -999;     11;    9.1;eor
  1154;19580501;19580531;   5;   2;    50.7;   -999;      0;   15.6;eor
  1154;19580601;19580630;   5;   2;   216.0;   -999;      0;   62.9;eor
  1154;19580701;19580731;   5;   2;    89.6;   -999;      0;   14.9;eor
  1154;19580801;19580831;   5;   2;    75.6;   -999;      0;   17.6;eor
  1154;19580901;19580930;   5;   2;    45.8;   -999;      0;   12.1;eor
  1154;19581001;19581031;   5;   2;    74.7;   -999;      0;   13.5;eor
  1154;19581101;19581130;   5;   2;    24.2;   -999;      0;    6.3;eor
  1154;19581201;19581231;   5;   2;    83.8;   -999;      8;   15.1;eor
  1154;19590101;19590131;   5;   2;    68.6;   -999;    303;   19.6;eor
  1154;19590201;19590228;   5;   2;     9.2;   -999;    165;    8.7;eor
  1154;19590301;19590331;   5;   2;    35.5;   -999;      0;   22.1;eor
  1154;19590401;19590430;   5;   2;    56.3;   -999;      0;   19.2;eor
  1154;19590501;19590531;   5;   2;    85.4;   -999;      0;   15.0;eor
  1154;19590601;19590630;   5;   2;   128.5;   -999;      0;   41.4;eor
  1154;19590701;19590731;   5;   2;   181.1;   -999;      0;   92.1;eor
  1154;19590801;19590831;   5;   2;    92.5;   -999;      0;   16.8;eor
  1154;19590901;19590930;   5;   2;    38.8;   -999;      0;   31.3;eor
  1154;19591001;19591031;   5;   2;    15.8;   -999;      0;    7.1;eor
  1154;19591101;19591130;   5;   2;    20.0;   -999;      0;    4.1;eor
  1154;19591201;19591231;   5;   2;    64.1;   -999;     15;    8.1;eor
  1154;19600101;19600131;   5;   2;    66.6;     37;    392;   10.4;eor
  1154;19600201;19600229;   5;   2;    77.5;     41;    540;   32.5;eor
  1154;19600301;19600331;   5;   2;    82.3;     29;     88;   18.7;eor
  1154;19600401;19600430;   5;   2;    42.7;      0;      0;    9.2;eor
  1154;19600501;19600531;   5;   2;    66.9;      0;      0;   32.7;eor
  1154;19600601;19600630;   5;   2;   133.9;      0;      0;   38.5;eor
  1154;19600701;19600731;   5;   2;   140.0;      0;      0;   25.2;eor
  1154;19600801;19600831;   5;   2;    99.2;      0;      0;   22.2;eor
  1154;19600901;19600930;   5;   2;    55.4;      0;      0;   17.7;eor
  1154;19601001;19601031;   5;   2;    89.7;      0;      0;   27.7;eor
  1154;19601101;19601130;   5;   2;    28.7;      0;      0;    8.5;eor
  1154;19601201;19601231;   5;   2;    30.1;     21;     91;    4.5;eor
  1154;19610101;19610131;   5;   2;    28.0;     25;    388;    3.9;eor
  1154;19610201;19610228;   5;   2;    59.8;     13;     30;   12.3;eor
  1154;19610301;19610331;   5;   2;    48.0;      8;      8;   10.4;eor
  1154;19610401;19610430;   5;   2;    63.6;      0;      0;   25.9;eor
  1154;19610501;19610531;   5;   2;   101.9;      0;      0;   17.2;eor
  1154;19610601;19610630;   5;   2;    77.8;      0;      0;   19.2;eor
  1154;19610701;19610731;   5;   2;    74.0;      0;      0;   12.2;eor
  1154;19610801;19610831;   5;   2;   129.4;      0;      0;   52.2;eor
  1154;19610901;19610930;   5;   2;    33.1;      0;      0;    9.1;eor
  1154;19611001;19611031;   5;   2;    53.2;      0;      0;   29.3;eor
  1154;19611101;19611130;   5;   2;    40.3;     17;     29;   10.6;eor
  1154;19611201;19611231;   5;   2;    88.5;     12;    109;   22.9;eor
  1154;19620101;19620131;   5;   2;    82.8;     37;    479;   15.6;eor
  1154;19620201;19620228;   5;   2;    59.6;     21;     70;   14.8;eor
  1154;19620301;19620331;   5;   2;    53.8;     18;     55;   11.9;eor
  1154;19620401;19620430;   5;   2;    32.6;      0;      0;   15.5;eor
  1154;19620501;19620531;   5;   2;   177.9;      0;      0;   28.7;eor
  1154;19620601;19620630;   5;   2;    53.7;      0;      0;   24.4;eor
  1154;19620701;19620731;   5;   2;   100.5;      0;      0;   23.0;eor
  1154;19620801;19620831;   5;   2;    31.6;      0;      0;    9.5;eor
  1154;19620901;19620930;   5;   2;    75.5;      0;      0;   17.8;eor
  1154;19621001;19621031;   5;   2;    21.6;      0;      0;   15.3;eor
  1154;19621101;19621130;   5;   2;    28.7;     12;     27;   10.1;eor
  1154;19621201;19621231;   5;   2;    65.5;     31;    258;   26.9;eor
  1154;19630101;19630131;   5;   2;    34.8;     38;    802;    7.7;eor
  1154;19630201;19630228;   5;   2;    30.2;     41;   1424;   10.1;eor
  1154;19630301;19630331;   5;   2;    52.2;      5;    646;   12.5;eor
  1154;19630401;19630430;   5;   2;    59.0;      2;      3;   22.8;eor
  1154;19630501;19630531;   5;   2;    84.5;      0;      0;   13.6;eor
  1154;19630601;19630630;   5;   2;   181.5;      0;      0;   29.4;eor
  1154;19630701;19630731;   5;   2;    54.1;      0;      0;   25.4;eor
  1154;19630801;19630831;   5;   2;   109.8;      0;      0;   16.7;eor
  1154;19630901;19630930;   5;   2;    99.7;      0;      0;   21.3;eor
  1154;19631001;19631031;   5;   2;    19.5;      0;      0;   10.0;eor
  1154;19631101;19631130;   5;   2;    73.8;      0;      0;   16.5;eor
  1154;19631201;19631231;   5;   2;    11.8;      9;     93;    2.6;eor
  1154;19640101;19640131;   5;   2;    22.9;     21;    211;    9.6;eor
  1154;19640201;19640229;   5;   2;    27.4;     13;     69;   10.4;eor
  1154;19640301;19640331;   5;   2;    50.9;     15;     65;   14.0;eor
  1154;19640401;19640430;   5;   2;    51.3;      1;      1;   11.0;eor
  1154;19640501;19640531;   5;   2;   116.9;      0;      0;   20.1;eor
  1154;19640601;19640630;   5;   2;    77.4;      0;      0;   20.2;eor
  1154;19640701;19640731;   5;   2;    61.5;      0;      0;   22.0;eor
  1154;19640801;19640831;   5;   2;   118.3;      0;      0;   43.2;eor
  1154;19640901;19640930;   5;   2;    40.9;      0;      0;   17.5;eor
  1154;19641001;19641031;   5;   2;   152.0;      0;      0;   55.6;eor
  1154;19641101;19641130;   5;   2;    78.7;      0;      0;   29.1;eor
  1154;19641201;19641231;   5;   2;    63.8;     70;    404;   15.9;eor
  1154;19650101;19650131;   5;   2;    61.0;     29;    576;   14.8;eor
  1154;19650201;19650228;   5;   2;    56.6;     82;   1194;    8.9;eor
  1154;19650301;19650331;   5;   2;    78.3;     21;    920;   12.2;eor
  1154;19650401;19650430;   5;   2;   168.7;      0;      0;   29.9;eor
  1154;19650501;19650531;   5;   2;   157.1;      0;      0;   26.6;eor
  1154;19650601;19650630;   5;   2;   157.3;      0;      0;   40.4;eor
  1154;19650701;19650731;   5;   2;    87.9;      0;      0;   13.7;eor
  1154;19650801;19650831;   5;   2;   101.1;      0;      0;   46.4;eor
  1154;19650901;19650930;   5;   2;    83.4;      0;      0;   16.1;eor
  1154;19651001;19651031;   5;   2;     3.7;      0;      0;    3.2;eor
  1154;19651101;19651130;   5;   2;    48.4;     18;     65;    7.3;eor
  1154;19651201;19651231;   5;   2;   101.3;      7;     12;   24.8;eor
  1154;19660101;19660131;   5;   2;    35.2;     23;    201;    7.8;eor
  1154;19660201;19660228;   5;   2;    71.5;      0;      0;   23.9;eor
  1154;19660301;19660331;   5;   2;    57.4;     48;     82;    7.0;eor
  1154;19660401;19660430;   5;   2;    90.2;      0;      0;   23.0;eor
  1154;19660501;19660531;   5;   2;    75.2;      0;      0;   17.4;eor
  1154;19660601;19660630;   5;   2;   133.8;      0;      0;   27.2;eor
  1154;19660701;19660731;   5;   2;   116.8;      0;      0;   28.2;eor
  1154;19660801;19660831;   5;   2;   159.0;      0;      0;   28.4;eor
  1154;19660901;19660929;-999;-999;    -999;   -999;   -999;   17.7;eor
  1154;19660901;19660930;   5;   2;    49.3;   -999;   -999;-999;eor
  1154;19661001;19661031;   5;   2;   107.8;   -999;   -999;-999;eor
  1154;19661101;19661130;   5;   2;    37.0;   -999;   -999;-999;eor
  1154;19661201;19661231;   5;   2;   113.2;   -999;   -999;-999;eor
