STATIONS_ID; MESS_DATUM_BEGINN; MESS_DATUM_ENDE; QUALITAETS_NIVEAU; ART; NIEDERSCHLAGSHOEHE;NEUSCHNEEHOEHE;SCHNEEHOEHE; max(NIEDERSCHLAGSHOEHE);eor
  5791;19000101;19000131;   5;   2;    70.0;   -999;   -999;-999;eor
  5791;19000201;19000228;   5;   2;    38.0;   -999;   -999;-999;eor
  5791;19000301;19000331;   5;   2;    11.0;   -999;   -999;-999;eor
  5791;19000401;19000430;   5;   2;    14.0;   -999;   -999;-999;eor
  5791;19000501;19000531;   5;   2;    59.0;   -999;   -999;-999;eor
  5791;19000601;19000630;   5;   2;    64.0;   -999;   -999;-999;eor
  5791;19000701;19000731;   5;   2;    90.0;   -999;   -999;-999;eor
  5791;19000801;19000831;   5;   2;    84.0;   -999;   -999;-999;eor
  5791;19000901;19000930;   5;   2;    23.0;   -999;   -999;-999;eor
  5791;19001001;19001031;   5;   2;    87.0;   -999;   -999;-999;eor
  5791;19001101;19001130;   5;   2;    29.0;   -999;   -999;-999;eor
  5791;19001201;19001231;   5;   2;    44.0;   -999;   -999;-999;eor
  5791;19010101;19010131;   5;   2;    33.0;   -999;   -999;-999;eor
  5791;19010201;19010228;   5;   2;    31.0;   -999;   -999;-999;eor
  5791;19010301;19010331;   5;   2;    47.0;   -999;   -999;-999;eor
  5791;19010401;19010430;   5;   2;    32.0;   -999;   -999;-999;eor
  5791;19010501;19010531;   5;   2;    12.0;   -999;   -999;-999;eor
  5791;19010601;19010630;   5;   2;    35.0;   -999;   -999;-999;eor
  5791;19010701;19010731;   5;   2;    33.0;   -999;   -999;-999;eor
  5791;19010801;19010831;   5;   2;   102.0;   -999;   -999;-999;eor
  5791;19010901;19010930;   5;   2;   139.0;   -999;   -999;-999;eor
  5791;19011001;19011031;   5;   2;   135.0;   -999;   -999;-999;eor
  5791;19011101;19011130;   5;   2;    23.0;   -999;   -999;-999;eor
  5791;19011201;19011231;   5;   2;    29.0;   -999;   -999;-999;eor
  5791;19020101;19020131;   5;   2;    25.0;   -999;   -999;-999;eor
  5791;19020201;19020228;   5;   2;    22.0;   -999;   -999;-999;eor
  5791;19020301;19020331;   5;   2;    40.0;   -999;   -999;-999;eor
  5791;19020401;19020430;   5;   2;    36.0;   -999;   -999;-999;eor
  5791;19020501;19020531;   5;   2;    57.0;   -999;   -999;-999;eor
  5791;19020601;19020630;   5;   2;    30.0;   -999;   -999;-999;eor
  5791;19020701;19020731;   5;   2;    53.0;   -999;   -999;-999;eor
  5791;19020801;19020831;   5;   2;    56.0;   -999;   -999;-999;eor
  5791;19020901;19020930;   5;   2;    57.0;   -999;   -999;-999;eor
  5791;19021001;19021031;   5;   2;    43.0;   -999;   -999;-999;eor
  5791;19021101;19021130;   5;   2;    16.0;   -999;   -999;-999;eor
  5791;19021201;19021231;   5;   2;    80.0;   -999;   -999;-999;eor
  5791;19030101;19030131;   5;   2;    31.0;   -999;   -999;-999;eor
  5791;19030201;19030228;   5;   2;     6.0;   -999;   -999;-999;eor
  5791;19030301;19030331;   5;   2;    31.0;   -999;   -999;-999;eor
  5791;19030401;19030430;   5;   2;    69.0;   -999;   -999;-999;eor
  5791;19030501;19030531;   5;   2;    55.0;   -999;   -999;-999;eor
  5791;19030601;19030630;   5;   2;    67.0;   -999;   -999;-999;eor
  5791;19030701;19030731;   5;   2;    72.0;   -999;   -999;-999;eor
  5791;19030801;19030831;   5;   2;    40.0;   -999;   -999;-999;eor
  5791;19030901;19030930;   5;   2;    44.0;   -999;   -999;-999;eor
  5791;19031001;19031031;   5;   2;    63.0;   -999;   -999;-999;eor
  5791;19031101;19031130;   5;   2;    37.0;   -999;   -999;-999;eor
  5791;19031201;19031231;   5;   2;    11.0;   -999;   -999;-999;eor
  5791;19040101;19040131;   5;   2;    26.0;   -999;   -999;-999;eor
  5791;19040201;19040229;   5;   2;    40.0;   -999;   -999;-999;eor
  5791;19040301;19040331;   5;   2;    60.0;   -999;   -999;-999;eor
  5791;19040401;19040430;   5;   2;    20.0;   -999;   -999;-999;eor
  5791;19040501;19040531;   5;   2;    50.0;   -999;   -999;-999;eor
  5791;19040601;19040630;   5;   2;    53.0;   -999;   -999;-999;eor
  5791;19040701;19040731;   5;   2;    38.0;   -999;   -999;-999;eor
  5791;19040801;19040831;   5;   2;    42.0;   -999;   -999;-999;eor
  5791;19040901;19040930;   5;   2;    29.0;   -999;   -999;-999;eor
  5791;19041001;19041031;   5;   2;    51.0;   -999;   -999;-999;eor
  5791;19041101;19041130;   5;   2;    32.0;   -999;   -999;-999;eor
  5791;19041201;19041231;   5;   2;    56.0;   -999;   -999;-999;eor
  5791;19050101;19050131;   5;   2;    28.0;   -999;   -999;-999;eor
  5791;19050201;19050228;   5;   2;    24.0;   -999;   -999;-999;eor
  5791;19050301;19050331;   5;   2;    65.0;   -999;   -999;-999;eor
  5791;19050401;19050430;   5;   2;    38.0;   -999;   -999;-999;eor
  5791;19050501;19050531;   5;   2;    30.0;   -999;   -999;-999;eor
  5791;19050601;19050630;   5;   2;   109.0;   -999;   -999;-999;eor
  5791;19050701;19050731;   5;   2;   104.0;   -999;   -999;-999;eor
  5791;19050801;19050831;   5;   2;    42.0;   -999;   -999;-999;eor
  5791;19050901;19050930;   5;   2;    50.0;   -999;   -999;-999;eor
  5791;19051001;19051031;   5;   2;    70.0;   -999;   -999;-999;eor
  5791;19051101;19051130;   5;   2;    68.0;   -999;   -999;-999;eor
  5791;19051201;19051231;   5;   2;    18.0;   -999;   -999;-999;eor
  5791;19060101;19060131;   5;   2;    42.0;   -999;   -999;-999;eor
  5791;19060201;19060228;   5;   2;    72.0;   -999;   -999;-999;eor
  5791;19060301;19060331;   5;   2;    73.0;   -999;   -999;-999;eor
  5791;19060401;19060430;   5;   2;    36.0;   -999;   -999;-999;eor
  5791;19060501;19060531;   5;   2;    70.0;   -999;   -999;-999;eor
  5791;19060601;19060630;   5;   2;    97.0;   -999;   -999;-999;eor
  5791;19060701;19060731;   5;   2;    58.0;   -999;   -999;-999;eor
  5791;19060801;19060831;   5;   2;    28.0;   -999;   -999;-999;eor
  5791;19060901;19060930;   5;   2;    30.0;   -999;   -999;-999;eor
  5791;19061001;19061031;   5;   2;    41.0;   -999;   -999;-999;eor
  5791;19061101;19061130;   5;   2;    25.0;   -999;   -999;-999;eor
  5791;19061201;19061231;   5;   2;    40.0;   -999;   -999;-999;eor
  5791;19070101;19070131;   5;   2;    35.0;   -999;   -999;-999;eor
  5791;19070201;19070228;   5;   2;    21.0;   -999;   -999;-999;eor
  5791;19070301;19070331;   5;   2;    47.0;   -999;   -999;-999;eor
  5791;19070401;19070430;   5;   2;    24.0;   -999;   -999;-999;eor
  5791;19070501;19070531;   5;   2;    34.0;   -999;   -999;-999;eor
  5791;19070601;19070630;   5;   2;    37.0;   -999;   -999;-999;eor
  5791;19070701;19070731;   5;   2;    94.0;   -999;   -999;-999;eor
  5791;19070801;19070831;   5;   2;   124.0;   -999;   -999;-999;eor
  5791;19070901;19070930;   5;   2;    26.0;   -999;   -999;-999;eor
  5791;19071001;19071031;   5;   2;    31.0;   -999;   -999;-999;eor
  5791;19071101;19071130;   5;   2;    26.0;   -999;   -999;-999;eor
  5791;19071201;19071231;   5;   2;    42.0;   -999;   -999;-999;eor
  5791;19080101;19080131;   5;   2;    15.0;   -999;   -999;-999;eor
  5791;19080201;19080229;   5;   2;    64.0;   -999;   -999;-999;eor
  5791;19080301;19080331;   5;   2;    23.0;   -999;   -999;-999;eor
  5791;19080401;19080430;   5;   2;    79.0;   -999;   -999;-999;eor
  5791;19080501;19080531;   5;   2;    82.0;   -999;   -999;-999;eor
  5791;19080601;19080630;   5;   2;    35.0;   -999;   -999;-999;eor
  5791;19080701;19080731;   5;   2;    75.0;   -999;   -999;-999;eor
  5791;19080801;19080831;   5;   2;    78.0;   -999;   -999;-999;eor
  5791;19080901;19080930;   5;   2;    28.0;   -999;   -999;-999;eor
  5791;19081001;19081031;   5;   2;     6.0;   -999;   -999;-999;eor
  5791;19081101;19081130;   5;   2;    39.0;   -999;   -999;-999;eor
  5791;19081201;19081231;   5;   2;    15.0;   -999;   -999;-999;eor
  5791;19090101;19090131;   5;   2;    25.0;   -999;   -999;-999;eor
  5791;19090201;19090228;   5;   2;    12.0;   -999;   -999;-999;eor
  5791;19090301;19090331;   5;   2;    41.0;   -999;   -999;-999;eor
  5791;19090401;19090430;   5;   2;    33.0;   -999;   -999;-999;eor
  5791;19090501;19090531;   5;   2;    30.0;   -999;   -999;-999;eor
  5791;19090601;19090630;   5;   2;    99.0;   -999;   -999;-999;eor
  5791;19090701;19090731;   5;   2;    80.0;   -999;   -999;-999;eor
  5791;19090801;19090831;   5;   2;    37.0;   -999;   -999;-999;eor
  5791;19090901;19090930;   5;   2;    55.0;   -999;   -999;-999;eor
  5791;19091001;19091031;   5;   2;    27.0;   -999;   -999;-999;eor
  5791;19091101;19091130;   5;   2;    40.0;   -999;   -999;-999;eor
  5791;19091201;19091231;   5;   2;    41.0;   -999;   -999;-999;eor
  5791;19100101;19100131;   5;   2;    35.0;   -999;   -999;-999;eor
  5791;19100201;19100228;   5;   2;    46.0;   -999;   -999;-999;eor
  5791;19100301;19100331;   5;   2;    28.0;   -999;   -999;-999;eor
  5791;19100401;19100430;   5;   2;    19.0;   -999;   -999;-999;eor
  5791;19100501;19100531;   5;   2;    22.0;   -999;   -999;-999;eor
  5791;19100601;19100630;   5;   2;    72.0;   -999;   -999;-999;eor
  5791;19100701;19100731;   5;   2;    86.0;   -999;   -999;-999;eor
  5791;19100801;19100831;   5;   2;    41.0;   -999;   -999;-999;eor
  5791;19100901;19100930;   5;   2;   129.0;   -999;   -999;-999;eor
  5791;19101001;19101031;   5;   2;    28.0;   -999;   -999;-999;eor
  5791;19101101;19101130;   5;   2;    77.0;   -999;   -999;-999;eor
  5791;19101201;19101231;   5;   2;    38.0;   -999;   -999;-999;eor
  5791;19110101;19110131;   5;   2;    24.0;   -999;   -999;-999;eor
  5791;19110201;19110228;   5;   2;    32.0;   -999;   -999;-999;eor
  5791;19110301;19110331;   5;   2;    44.0;   -999;   -999;-999;eor
  5791;19110401;19110430;   5;   2;    18.0;   -999;   -999;-999;eor
  5791;19110501;19110531;   5;   2;    59.0;   -999;   -999;-999;eor
  5791;19110601;19110630;   5;   2;    48.0;   -999;   -999;-999;eor
  5791;19110701;19110731;   5;   2;    20.0;   -999;   -999;-999;eor
  5791;19110801;19110831;   5;   2;    20.0;   -999;   -999;-999;eor
  5791;19110901;19110930;   5;   2;    21.0;   -999;   -999;-999;eor
  5791;19111001;19111031;   5;   2;    42.0;   -999;   -999;-999;eor
  5791;19111101;19111130;   5;   2;    31.0;   -999;   -999;-999;eor
  5791;19111201;19111231;   5;   2;    50.0;   -999;   -999;-999;eor
  5791;19120101;19120131;   5;   2;    34.0;   -999;   -999;-999;eor
  5791;19120201;19120229;   5;   2;    21.0;   -999;   -999;-999;eor
  5791;19120301;19120331;   5;   2;    23.0;   -999;   -999;-999;eor
  5791;19120401;19120430;   5;   2;    22.0;   -999;   -999;-999;eor
  5791;19120501;19120531;   5;   2;    42.0;   -999;   -999;-999;eor
  5791;19120601;19120630;   5;   2;    52.0;   -999;   -999;-999;eor
  5791;19120701;19120731;   5;   2;    34.0;   -999;   -999;-999;eor
  5791;19120801;19120831;   5;   2;    58.0;   -999;   -999;-999;eor
  5791;19120901;19120930;   5;   2;    66.0;   -999;   -999;-999;eor
  5791;19121001;19121031;   5;   2;    46.0;   -999;   -999;-999;eor
  5791;19121101;19121130;   5;   2;    54.0;   -999;   -999;-999;eor
  5791;19121201;19121231;   5;   2;    30.0;   -999;   -999;-999;eor
  5791;19130101;19130131;   5;   2;    30.0;   -999;   -999;-999;eor
  5791;19130201;19130228;   5;   2;    18.0;   -999;   -999;-999;eor
  5791;19130301;19130331;   5;   2;    49.0;   -999;   -999;-999;eor
  5791;19130401;19130430;   5;   2;    39.0;   -999;   -999;-999;eor
  5791;19130501;19130531;   5;   2;    49.0;   -999;   -999;-999;eor
  5791;19130601;19130630;   5;   2;    70.0;   -999;   -999;-999;eor
  5791;19130701;19130731;   5;   2;   109.0;   -999;   -999;-999;eor
  5791;19130801;19130831;   5;   2;    15.0;   -999;   -999;-999;eor
  5791;19130901;19130930;   5;   2;    65.0;   -999;   -999;-999;eor
  5791;19131001;19131031;   5;   2;    50.0;   -999;   -999;-999;eor
  5791;19131101;19131130;   5;   2;    35.0;   -999;   -999;-999;eor
  5791;19131201;19131231;   5;   2;    45.0;   -999;   -999;-999;eor
  5791;19140101;19140131;   5;   2;    39.0;   -999;   -999;-999;eor
  5791;19140201;19140228;   5;   2;    16.0;   -999;   -999;-999;eor
  5791;19140301;19140331;   5;   2;    75.0;   -999;   -999;-999;eor
  5791;19140401;19140430;   5;   2;    28.0;   -999;   -999;-999;eor
  5791;19140501;19140531;   5;   2;    83.0;   -999;   -999;-999;eor
  5791;19140601;19140630;   5;   2;   100.0;   -999;   -999;-999;eor
  5791;19140701;19140731;   5;   2;    93.0;   -999;   -999;-999;eor
  5791;19140801;19140831;   5;   2;    60.0;   -999;   -999;-999;eor
  5791;19140901;19140930;   5;   2;    40.0;   -999;   -999;-999;eor
  5791;19141001;19141031;   5;   2;    55.0;   -999;   -999;-999;eor
  5791;19141101;19141130;   5;   2;    36.0;   -999;   -999;-999;eor
  5791;19141201;19141231;   5;   2;    44.0;   -999;   -999;-999;eor
  5791;19150101;19150131;   5;   2;    60.0;   -999;   -999;-999;eor
  5791;19150201;19150228;   5;   2;    30.0;   -999;   -999;-999;eor
  5791;19150301;19150331;   5;   2;    60.0;   -999;   -999;-999;eor
  5791;19150401;19150430;   5;   2;    53.0;   -999;   -999;-999;eor
  5791;19150501;19150531;   5;   2;    34.0;   -999;   -999;-999;eor
  5791;19150601;19150630;   5;   2;    91.0;   -999;   -999;-999;eor
  5791;19150701;19150731;   5;   2;    93.0;   -999;   -999;-999;eor
  5791;19150801;19150831;   5;   2;    88.0;   -999;   -999;-999;eor
  5791;19150901;19150930;   5;   2;    18.0;   -999;   -999;-999;eor
  5791;19151001;19151031;   5;   2;    31.0;   -999;   -999;-999;eor
  5791;19151101;19151130;   5;   2;    25.0;   -999;   -999;-999;eor
  5791;19151201;19151231;   5;   2;    62.0;   -999;   -999;-999;eor
  5791;19160101;19160131;   5;   2;    47.0;   -999;   -999;-999;eor
  5791;19160201;19160229;   5;   2;    39.0;   -999;   -999;-999;eor
  5791;19160301;19160331;   5;   2;    46.0;   -999;   -999;-999;eor
  5791;19160401;19160430;   5;   2;    52.0;   -999;   -999;-999;eor
  5791;19160501;19160531;   5;   2;    36.0;   -999;   -999;-999;eor
  5791;19160601;19160630;   5;   2;    52.0;   -999;   -999;-999;eor
  5791;19160701;19160731;   5;   2;    81.0;   -999;   -999;-999;eor
  5791;19160801;19160831;   5;   2;    55.0;   -999;   -999;-999;eor
  5791;19160901;19160930;   5;   2;    23.0;   -999;   -999;-999;eor
  5791;19161001;19161031;   5;   2;    55.0;   -999;   -999;-999;eor
  5791;19161101;19161130;   5;   2;    44.0;   -999;   -999;-999;eor
  5791;19161201;19161231;   5;   2;    60.0;   -999;   -999;-999;eor
  5791;19170101;19170131;   5;   2;    53.0;   -999;   -999;-999;eor
  5791;19170201;19170228;   5;   2;    22.0;   -999;   -999;-999;eor
  5791;19170301;19170331;   5;   2;    43.0;   -999;   -999;-999;eor
  5791;19170401;19170430;   5;   2;    36.0;   -999;   -999;-999;eor
  5791;19170501;19170531;   5;   2;    61.0;   -999;   -999;-999;eor
  5791;19170601;19170630;   5;   2;    57.0;   -999;   -999;-999;eor
  5791;19170701;19170731;   5;   2;    64.0;   -999;   -999;-999;eor
  5791;19170801;19170831;   5;   2;   120.0;   -999;   -999;-999;eor
  5791;19170901;19170930;   5;   2;    11.0;   -999;   -999;-999;eor
  5791;19171001;19171031;   5;   2;    81.0;   -999;   -999;-999;eor
  5791;19171101;19171130;   5;   2;    40.0;   -999;   -999;-999;eor
  5791;19171201;19171231;   5;   2;    17.0;   -999;   -999;-999;eor
  5791;19180101;19180131;   5;   2;    46.0;   -999;   -999;-999;eor
  5791;19180201;19180228;   5;   2;    11.0;   -999;   -999;-999;eor
  5791;19180301;19180331;   5;   2;    20.0;   -999;   -999;-999;eor
  5791;19180401;19180430;   5;   2;    66.0;   -999;   -999;-999;eor
  5791;19180501;19180531;   5;   2;    16.0;   -999;   -999;-999;eor
  5791;19180601;19180630;   5;   2;    54.0;   -999;   -999;-999;eor
  5791;19180701;19180731;   5;   2;    68.0;   -999;   -999;-999;eor
  5791;19180801;19180831;   5;   2;    50.0;   -999;   -999;-999;eor
  5791;19180901;19180930;   5;   2;    54.0;   -999;   -999;-999;eor
  5791;19181001;19181031;   5;   2;    74.0;   -999;   -999;-999;eor
  5791;19181101;19181130;   5;   2;    37.0;   -999;   -999;-999;eor
  5791;19181201;19181231;   5;   2;    70.0;   -999;   -999;-999;eor
  5791;19190101;19190131;   5;   2;    20.0;   -999;   -999;-999;eor
  5791;19190201;19190228;   5;   2;    28.0;   -999;   -999;-999;eor
  5791;19190301;19190331;   5;   2;    60.0;   -999;   -999;-999;eor
  5791;19190401;19190430;   5;   2;    43.0;   -999;   -999;-999;eor
  5791;19190501;19190531;   5;   2;    32.0;   -999;   -999;-999;eor
  5791;19190601;19190630;   5;   2;    56.0;   -999;   -999;-999;eor
  5791;19190701;19190731;   5;   2;    62.0;   -999;   -999;-999;eor
  5791;19190801;19190831;   5;   2;    35.0;   -999;   -999;-999;eor
  5791;19190901;19190930;   5;   2;    45.0;   -999;   -999;-999;eor
  5791;19191001;19191031;   5;   2;    42.0;   -999;   -999;-999;eor
  5791;19191101;19191130;   5;   2;    94.0;   -999;   -999;-999;eor
  5791;19191201;19191231;   5;   2;    58.0;   -999;   -999;-999;eor
  5791;19200101;19200131;   5;   2;    65.0;   -999;   -999;-999;eor
  5791;19200201;19200229;   5;   2;    12.0;   -999;   -999;-999;eor
  5791;19200301;19200331;   5;   2;    11.0;   -999;   -999;-999;eor
  5791;19200401;19200430;   5;   2;    28.0;   -999;   -999;-999;eor
  5791;19200501;19200531;   5;   2;    30.0;   -999;   -999;-999;eor
  5791;19200601;19200630;   5;   2;    20.0;   -999;   -999;-999;eor
  5791;19200701;19200731;   5;   2;    68.0;   -999;   -999;-999;eor
  5791;19200801;19200831;   5;   2;    42.0;   -999;   -999;-999;eor
  5791;19200901;19200930;   5;   2;    91.0;   -999;   -999;-999;eor
  5791;19201001;19201031;   5;   2;    23.0;   -999;   -999;-999;eor
  5791;19201101;19201130;   5;   2;     5.0;   -999;   -999;-999;eor
  5791;19201201;19201231;   5;   2;    28.0;   -999;   -999;-999;eor
  5791;19210101;19210131;   5;   2;    34.0;   -999;   -999;-999;eor
  5791;19210201;19210228;   5;   2;    15.0;   -999;   -999;-999;eor
  5791;19210301;19210331;   5;   2;     3.0;   -999;   -999;-999;eor
  5791;19210401;19210430;   5;   2;     9.0;   -999;   -999;-999;eor
  5791;19210501;19210531;   5;   2;    38.0;   -999;   -999;-999;eor
  5791;19210601;19210630;   5;   2;    25.0;   -999;   -999;-999;eor
  5791;19210701;19210731;   5;   2;    27.0;   -999;   -999;-999;eor
  5791;19210801;19210831;   5;   2;    40.0;   -999;   -999;-999;eor
  5791;19210901;19210930;   5;   2;    12.0;   -999;   -999;-999;eor
  5791;19211001;19211031;   5;   2;    17.0;   -999;   -999;-999;eor
  5791;19211101;19211130;   5;   2;    24.0;   -999;   -999;-999;eor
  5791;19211201;19211231;   5;   2;    27.0;   -999;   -999;-999;eor
  5791;19220101;19220131;   5;   2;    83.0;   -999;   -999;-999;eor
  5791;19220201;19220228;   5;   2;    29.0;   -999;   -999;-999;eor
  5791;19220301;19220331;   5;   2;    27.0;   -999;   -999;-999;eor
  5791;19220401;19220430;   5;   2;    54.0;   -999;   -999;-999;eor
  5791;19220501;19220531;   5;   2;    33.0;   -999;   -999;-999;eor
  5791;19220601;19220630;   5;   2;    46.0;   -999;   -999;-999;eor
  5791;19220701;19220731;   5;   2;    57.0;   -999;   -999;-999;eor
  5791;19220801;19220831;   5;   2;   106.0;   -999;   -999;-999;eor
  5791;19220901;19220930;   5;   2;   114.0;   -999;   -999;-999;eor
  5791;19221001;19221031;   5;   2;    40.0;   -999;   -999;-999;eor
  5791;19221101;19221130;   5;   2;    56.0;   -999;   -999;-999;eor
  5791;19221201;19221231;   5;   2;    37.0;   -999;   -999;-999;eor
  5791;19230101;19230131;   5;   2;    27.0;   -999;   -999;-999;eor
  5791;19230201;19230228;   5;   2;    37.0;   -999;   -999;-999;eor
  5791;19230301;19230331;   5;   2;    38.0;   -999;   -999;-999;eor
  5791;19230401;19230430;   5;   2;    25.0;   -999;   -999;-999;eor
  5791;19230501;19230531;   5;   2;    63.0;   -999;   -999;-999;eor
  5791;19230601;19230630;   5;   2;    60.0;   -999;   -999;-999;eor
  5791;19230701;19230731;   5;   2;    22.0;   -999;   -999;-999;eor
  5791;19230801;19230831;   5;   2;    30.0;   -999;   -999;-999;eor
  5791;19230901;19230930;   5;   2;    24.0;   -999;   -999;-999;eor
  5791;19231001;19231031;   5;   2;    69.0;   -999;   -999;-999;eor
  5791;19231101;19231130;   5;   2;    19.0;   -999;   -999;-999;eor
  5791;19231201;19231231;   5;   2;    35.0;   -999;   -999;-999;eor
  5791;19240101;19240131;   5;   2;    15.0;   -999;   -999;-999;eor
  5791;19240201;19240229;   5;   2;    48.0;   -999;   -999;-999;eor
  5791;19240301;19240331;   5;   2;    25.0;   -999;   -999;-999;eor
  5791;19240401;19240430;   5;   2;    36.0;   -999;   -999;-999;eor
  5791;19240501;19240531;   5;   2;    64.0;   -999;   -999;-999;eor
  5791;19240601;19240630;   5;   2;    54.0;   -999;   -999;-999;eor
  5791;19240701;19240731;   5;   2;    87.0;   -999;   -999;-999;eor
  5791;19240801;19240831;   5;   2;   142.0;   -999;   -999;-999;eor
  5791;19240901;19240930;   5;   2;    69.0;   -999;   -999;-999;eor
  5791;19241001;19241031;   5;   2;    31.0;   -999;   -999;-999;eor
  5791;19241101;19241130;   5;   2;    29.0;   -999;   -999;-999;eor
  5791;19241201;19241231;   5;   2;     6.0;   -999;   -999;-999;eor
  5791;19250101;19250131;   5;   2;    30.0;   -999;   -999;-999;eor
  5791;19250201;19250228;   5;   2;    21.0;   -999;   -999;-999;eor
  5791;19250301;19250331;   5;   2;    32.0;   -999;   -999;-999;eor
  5791;19250401;19250430;   5;   2;    29.0;   -999;   -999;-999;eor
  5791;19250501;19250531;   5;   2;    24.0;   -999;   -999;-999;eor
  5791;19250601;19250630;   5;   2;    39.0;   -999;   -999;-999;eor
  5791;19250701;19250731;   5;   2;    60.0;   -999;   -999;-999;eor
  5791;19250801;19250831;   5;   2;    84.0;   -999;   -999;-999;eor
  5791;19250901;19250930;   5;   2;    64.0;   -999;   -999;-999;eor
  5791;19251001;19251031;   5;   2;    34.0;   -999;   -999;-999;eor
  5791;19251101;19251130;   5;   2;    26.0;   -999;   -999;-999;eor
  5791;19251201;19251231;   5;   2;    46.0;   -999;   -999;-999;eor
  5791;19260101;19260131;   5;   2;    26.0;   -999;   -999;-999;eor
  5791;19260201;19260228;   5;   2;    42.0;   -999;   -999;-999;eor
  5791;19260301;19260331;   5;   2;    27.0;   -999;   -999;-999;eor
  5791;19260401;19260430;   5;   2;    20.0;   -999;   -999;-999;eor
  5791;19260501;19260531;   5;   2;   114.0;   -999;   -999;-999;eor
  5791;19260601;19260630;   5;   2;    51.0;   -999;   -999;-999;eor
  5791;19260701;19260731;   5;   2;    68.0;   -999;   -999;-999;eor
  5791;19260801;19260831;   5;   2;    36.0;   -999;   -999;-999;eor
  5791;19260901;19260930;   5;   2;    27.0;   -999;   -999;-999;eor
  5791;19261001;19261031;   5;   2;    93.0;   -999;   -999;-999;eor
  5791;19261101;19261130;   5;   2;    81.0;   -999;   -999;-999;eor
  5791;19261201;19261231;   5;   2;    49.0;   -999;   -999;-999;eor
  5791;19270101;19270131;   5;   2;    11.0;   -999;   -999;-999;eor
  5791;19270201;19270228;   5;   2;    23.0;   -999;   -999;-999;eor
  5791;19270301;19270331;   5;   2;    24.0;   -999;   -999;-999;eor
  5791;19270401;19270430;   5;   2;    33.0;   -999;   -999;-999;eor
  5791;19270501;19270531;   5;   2;    32.0;   -999;   -999;-999;eor
  5791;19270601;19270630;   5;   2;    91.0;   -999;   -999;-999;eor
  5791;19270701;19270731;   5;   2;    81.0;   -999;   -999;-999;eor
  5791;19270801;19270831;   5;   2;   101.0;   -999;   -999;-999;eor
  5791;19270901;19270930;   5;   2;    33.0;   -999;   -999;-999;eor
  5791;19271001;19271031;   5;   2;    11.0;   -999;   -999;-999;eor
  5791;19271101;19271130;   5;   2;    67.0;   -999;   -999;-999;eor
  5791;19271201;19271231;   5;   2;    29.0;   -999;   -999;-999;eor
  5791;19280101;19280131;   5;   2;    22.0;   -999;   -999;-999;eor
  5791;19280201;19280229;   5;   2;    28.0;   -999;   -999;-999;eor
  5791;19280301;19280331;   5;   2;     6.0;   -999;   -999;-999;eor
  5791;19280401;19280430;   5;   2;    57.0;   -999;   -999;-999;eor
  5791;19280501;19280531;   5;   2;    42.0;   -999;   -999;-999;eor
  5791;19280601;19280630;   5;   2;    65.0;   -999;   -999;-999;eor
  5791;19280701;19280731;   5;   2;    70.0;   -999;   -999;-999;eor
  5791;19280801;19280831;   5;   2;    70.0;   -999;   -999;-999;eor
  5791;19280901;19280930;   5;   2;    35.0;   -999;   -999;-999;eor
  5791;19281001;19281031;   5;   2;    56.0;   -999;   -999;-999;eor
  5791;19281101;19281130;   5;   2;    65.0;   -999;   -999;-999;eor
  5791;19281201;19281231;   5;   2;    51.0;   -999;   -999;-999;eor
  5791;19290101;19290131;   5;   2;    16.0;   -999;   -999;-999;eor
  5791;19290201;19290228;   5;   2;    20.0;   -999;   -999;-999;eor
  5791;19290301;19290331;   5;   2;     2.0;   -999;   -999;-999;eor
  5791;19290401;19290430;   5;   2;    65.0;   -999;   -999;-999;eor
  5791;19290501;19290531;   5;   2;    26.0;   -999;   -999;-999;eor
  5791;19290601;19290630;   5;   2;    23.0;   -999;   -999;-999;eor
  5791;19290701;19290731;   5;   2;    94.0;   -999;   -999;-999;eor
  5791;19290801;19290831;   5;   2;    30.0;   -999;   -999;-999;eor
  5791;19290901;19290930;   5;   2;    29.0;   -999;   -999;-999;eor
  5791;19291001;19291031;   5;   2;    68.0;   -999;   -999;-999;eor
  5791;19291101;19291130;   5;   2;    42.0;   -999;   -999;-999;eor
  5791;19291201;19291231;   5;   2;    54.0;   -999;   -999;-999;eor
  5791;19300101;19300131;   5;   2;    12.0;   -999;   -999;-999;eor
  5791;19300201;19300228;   5;   2;    12.0;   -999;   -999;-999;eor
  5791;19300301;19300331;   5;   2;    22.0;   -999;   -999;-999;eor
  5791;19300401;19300430;   5;   2;    59.0;   -999;   -999;-999;eor
  5791;19300501;19300531;   5;   2;    61.0;   -999;   -999;-999;eor
  5791;19300601;19300630;   5;   2;    40.0;   -999;   -999;-999;eor
  5791;19300701;19300731;   5;   2;   107.0;   -999;   -999;-999;eor
  5791;19300801;19300831;   5;   2;    40.0;   -999;   -999;-999;eor
  5791;19300901;19300930;   5;   2;    66.0;   -999;   -999;-999;eor
  5791;19301001;19301031;   5;   2;    44.0;   -999;   -999;-999;eor
  5791;19301101;19301130;   5;   2;    69.0;   -999;   -999;-999;eor
  5791;19301201;19301231;   5;   2;    20.0;   -999;   -999;-999;eor
  5791;19310101;19310131;   5;   2;    78.8;   -999;   -999;   12.1;eor
  5791;19310201;19310228;   5;   2;    86.4;   -999;   -999;   20.2;eor
  5791;19310301;19310331;   5;   2;    35.1;   -999;   -999;   25.3;eor
  5791;19310401;19310430;   5;   2;    51.6;   -999;   -999;   12.9;eor
  5791;19310501;19310531;   5;   2;    40.8;   -999;   -999;   13.2;eor
  5791;19310601;19310630;   5;   2;    36.8;   -999;   -999;   20.7;eor
  5791;19310701;19310731;   5;   2;    60.4;   -999;   -999;   12.5;eor
  5791;19310801;19310831;   5;   2;    92.6;   -999;   -999;   17.4;eor
  5791;19310901;19310930;   5;   2;    23.0;   -999;   -999;    4.9;eor
  5791;19311001;19311031;   5;   2;    36.4;   -999;   -999;   13.6;eor
  5791;19311101;19311130;   5;   2;     5.8;   -999;   -999;    2.6;eor
  5791;19311201;19311231;   5;   2;    22.8;   -999;   -999;    6.6;eor
  5791;19320101;19320131;   5;   2;    20.6;   -999;   -999;   14.4;eor
  5791;19320201;19320229;   5;   2;    25.5;   -999;   -999;   11.8;eor
  5791;19320301;19320331;   5;   2;    29.8;   -999;   -999;    8.6;eor
  5791;19320401;19320430;   5;   2;    51.5;   -999;   -999;   10.1;eor
  5791;19320501;19320531;   5;   2;    57.7;   -999;   -999;   13.4;eor
  5791;19320601;19320630;   5;   2;    29.3;   -999;   -999;   15.8;eor
  5791;19320701;19320731;   5;   2;    85.3;   -999;   -999;   24.9;eor
  5791;19320801;19320831;   5;   2;    41.5;   -999;   -999;   10.2;eor
  5791;19320901;19320930;   5;   2;    80.3;   -999;   -999;   14.4;eor
  5791;19321001;19321031;   5;   2;    65.2;   -999;   -999;   10.4;eor
  5791;19321101;19321130;   5;   2;    28.3;   -999;   -999;   11.1;eor
  5791;19321201;19321231;   5;   2;    12.5;   -999;   -999;    6.6;eor
  5791;19330101;19330131;   5;   2;     8.8;   -999;   -999;    3.3;eor
  5791;19330201;19330228;   5;   2;    21.2;   -999;   -999;    3.6;eor
  5791;19330301;19330331;   5;   2;    13.3;   -999;   -999;    5.8;eor
  5791;19330401;19330430;   5;   2;    11.9;   -999;   -999;    6.2;eor
  5791;19330501;19330531;   5;   2;   106.3;   -999;   -999;   33.0;eor
  5791;19330601;19330630;   5;   2;   100.9;   -999;   -999;   22.0;eor
  5791;19330701;19330731;   5;   2;    13.5;   -999;   -999;    2.5;eor
  5791;19330801;19330831;   5;   2;    52.2;   -999;   -999;   15.5;eor
  5791;19330901;19330930;   5;   2;    24.0;   -999;   -999;    8.6;eor
  5791;19331001;19331031;   5;   2;    43.0;   -999;   -999;   10.3;eor
  5791;19331101;19331130;   5;   2;    52.0;   -999;   -999;   13.2;eor
  5791;19331201;19331231;   5;   2;    12.2;   -999;   -999;    3.0;eor
  5791;19340101;19340131;   5;   2;    29.7;   -999;   -999;   11.0;eor
  5791;19340201;19340228;   5;   2;    10.5;   -999;   -999;    8.6;eor
  5791;19340301;19340331;   5;   2;    23.2;   -999;   -999;    4.8;eor
  5791;19340401;19340430;   5;   2;    45.9;   -999;   -999;   24.8;eor
  5791;19340501;19340531;   5;   2;    44.0;   -999;   -999;   12.4;eor
  5791;19340601;19340630;   5;   2;   101.8;   -999;   -999;   39.5;eor
  5791;19340701;19340731;   5;   2;    53.3;   -999;   -999;   24.0;eor
  5791;19340801;19340831;   5;   2;    42.4;   -999;   -999;   16.6;eor
  5791;19340901;19340930;   5;   2;    21.5;   -999;   -999;    4.4;eor
  5791;19341001;19341031;   5;   2;    57.6;   -999;   -999;   10.1;eor
  5791;19341101;19341130;   5;   2;    25.2;   -999;   -999;    3.8;eor
  5791;19341201;19341231;   5;   2;    56.5;   -999;   -999;   23.5;eor
  5791;19350101;19350131;   5;   2;    48.3;   -999;   -999;   10.3;eor
  5791;19350201;19350228;   5;   2;    62.7;   -999;   -999;   16.0;eor
  5791;19350301;19350331;   5;   2;    22.1;   -999;   -999;    6.5;eor
  5791;19350401;19350430;   5;   2;    98.9;   -999;   -999;   14.6;eor
  5791;19350501;19350531;   5;   2;    13.9;   -999;   -999;    5.3;eor
  5791;19350601;19350630;   5;   2;    69.6;   -999;   -999;   14.5;eor
  5791;19350701;19350731;   5;   2;    24.9;   -999;   -999;   17.3;eor
  5791;19350801;19350831;   5;   2;    26.1;   -999;   -999;   12.1;eor
  5791;19350901;19350930;   5;   2;    54.0;   -999;   -999;   20.5;eor
  5791;19351001;19351031;   5;   2;    51.0;   -999;   -999;   20.0;eor
  5791;19351101;19351130;   5;   2;    28.4;   -999;   -999;    8.8;eor
  5791;19351201;19351231;   5;   2;    36.1;   -999;   -999;   12.0;eor
  5791;19360101;19360131;   5;   2;    49.6;   -999;   -999;   14.7;eor
  5791;19360201;19360229;   5;   2;    24.3;   -999;   -999;    5.8;eor
  5791;19360301;19360331;   5;   2;     8.3;   -999;   -999;    4.0;eor
  5791;19360401;19360430;   5;   2;   118.2;   -999;   -999;   45.0;eor
  5791;19360501;19360531;   5;   2;    18.5;   -999;   -999;    4.6;eor
  5791;19360601;19360630;   5;   2;   109.1;   -999;   -999;   28.6;eor
  5791;19360701;19360731;   5;   2;    75.0;   -999;   -999;   13.9;eor
  5791;19360801;19360831;   5;   2;   116.5;   -999;   -999;   47.1;eor
  5791;19360901;19360930;   5;   2;    43.4;   -999;   -999;   11.4;eor
  5791;19361001;19361031;   5;   2;    47.2;   -999;   -999;   11.2;eor
  5791;19361101;19361130;   5;   2;    35.3;   -999;   -999;    7.2;eor
  5791;19361201;19361231;   5;   2;    29.1;   -999;   -999;    8.4;eor
  5791;19370101;19370131;   5;   2;    81.6;   -999;   -999;   24.0;eor
  5791;19370201;19370228;   5;   2;    94.5;   -999;   -999;   20.8;eor
  5791;19370301;19370331;   5;   2;    46.1;   -999;   -999;   10.4;eor
  5791;19370401;19370430;   5;   2;    76.7;   -999;   -999;   15.0;eor
  5791;19370501;19370531;   5;   2;    33.1;   -999;   -999;    6.5;eor
  5791;19370601;19370630;   5;   2;    43.1;   -999;   -999;   13.9;eor
  5791;19370701;19370731;   5;   2;    27.2;   -999;   -999;    9.0;eor
  5791;19370801;19370831;   5;   2;    63.1;   -999;   -999;   16.5;eor
  5791;19370901;19370930;   5;   2;    49.2;   -999;   -999;    8.9;eor
  5791;19371001;19371031;   5;   2;     8.7;   -999;   -999;    2.0;eor
  5791;19371101;19371130;   5;   2;    21.8;   -999;   -999;    3.5;eor
  5791;19371201;19371231;   5;   2;    42.2;   -999;   -999;   14.4;eor
  5791;19380101;19380131;   5;   2;    62.0;   -999;   -999;   15.2;eor
  5791;19380201;19380228;   5;   2;    24.4;   -999;   -999;    8.0;eor
  5791;19380301;19380331;   5;   2;    11.9;   -999;   -999;    4.3;eor
  5791;19380401;19380430;   5;   2;    44.5;   -999;   -999;   16.5;eor
  5791;19380501;19380531;   5;   2;    65.3;   -999;   -999;   14.6;eor
  5791;19380601;19380630;   5;   2;    26.0;   -999;   -999;    9.0;eor
  5791;19380701;19380731;   5;   2;    70.3;   -999;   -999;   15.9;eor
  5791;19380801;19380831;   5;   2;   135.6;   -999;   -999;   41.0;eor
  5791;19380901;19380930;   5;   2;    28.5;   -999;   -999;   11.4;eor
  5791;19381001;19381031;   5;   2;    35.5;   -999;   -999;    9.0;eor
  5791;19381101;19381130;   5;   2;    33.5;   -999;   -999;    8.9;eor
  5791;19381201;19381231;   5;   2;    46.2;   -999;   -999;   10.9;eor
  5791;19390101;19390131;   5;   2;    37.3;   -999;   -999;    6.1;eor
  5791;19390201;19390228;   5;   2;     9.9;   -999;   -999;    2.7;eor
  5791;19390301;19390331;   5;   2;    74.8;   -999;   -999;   12.6;eor
  5791;19390401;19390430;   5;   2;    60.4;   -999;   -999;   13.9;eor
  5791;19390501;19390531;   5;   2;    13.4;   -999;   -999;    4.5;eor
  5791;19390601;19390630;   5;   2;    47.6;   -999;   -999;   18.0;eor
  5791;19390701;19390731;   5;   2;    59.7;   -999;   -999;   10.2;eor
  5791;19390801;19390831;   5;   2;    91.0;   -999;   -999;   37.1;eor
  5791;19390901;19390930;   5;   2;    83.6;   -999;   -999;   63.0;eor
  5791;19391001;19391031;   5;   2;   125.2;   -999;   -999;   32.0;eor
  5791;19391101;19391130;   5;   2;    84.7;   -999;   -999;   21.4;eor
  5791;19391201;19391231;   5;   2;    34.3;   -999;   -999;   13.8;eor
  5791;19400101;19400131;   5;   2;    28.0;   -999;   -999;    7.0;eor
  5791;19400201;19400229;   5;   2;    39.7;   -999;   -999;   13.5;eor
  5791;19400301;19400331;   5;   2;    74.7;   -999;   -999;   27.0;eor
  5791;19400401;19400430;   5;   2;    78.6;   -999;   -999;   18.1;eor
  5791;19400501;19400531;   5;   2;    77.0;   -999;   -999;   25.5;eor
  5791;19400601;19400630;   5;   2;    89.4;   -999;   -999;   30.5;eor
  5791;19400701;19400731;   5;   2;    70.6;   -999;   -999;   10.5;eor
  5791;19400801;19400831;   5;   2;    51.8;   -999;   -999;    9.8;eor
  5791;19400901;19400930;   5;   2;    52.5;   -999;   -999;   18.0;eor
  5791;19401001;19401031;   5;   2;    10.9;   -999;   -999;    3.4;eor
  5791;19401101;19401130;   5;   2;    53.3;   -999;   -999;   16.5;eor
  5791;19401201;19401231;   5;   2;    62.9;   -999;   -999;   10.7;eor
  5791;19410101;19410131;   5;   2;    22.2;   -999;   -999;    4.7;eor
  5791;19410201;19410228;   5;   2;    21.3;   -999;   -999;    7.0;eor
  5791;19410301;19410331;   5;   2;    47.9;   -999;   -999;   12.8;eor
  5791;19410401;19410430;   5;   2;    30.6;   -999;   -999;    7.1;eor
  5791;19410501;19410531;   5;   2;    17.6;   -999;   -999;    7.1;eor
  5791;19410601;19410630;   5;   2;    91.8;   -999;   -999;   33.5;eor
  5791;19410701;19410731;   5;   2;    36.6;   -999;   -999;   12.0;eor
  5791;19410801;19410831;   5;   2;    90.0;   -999;   -999;   15.2;eor
  5791;19410901;19410930;   5;   2;    12.5;   -999;   -999;    7.5;eor
  5791;19411001;19411031;   5;   2;    62.7;   -999;   -999;    9.0;eor
  5791;19411101;19411130;   5;   2;    26.8;   -999;   -999;    6.0;eor
  5791;19411201;19411231;   5;   2;    36.9;   -999;   -999;    5.0;eor
  5791;19420101;19420131;   5;   2;    41.6;   -999;   -999;   16.8;eor
  5791;19420201;19420228;   5;   2;    33.6;   -999;   -999;    6.4;eor
  5791;19420301;19420331;   5;   2;    24.8;   -999;   -999;    8.5;eor
  5791;19420401;19420430;   5;   2;    11.9;   -999;   -999;    3.4;eor
  5791;19420501;19420531;   5;   2;    63.7;   -999;   -999;   11.8;eor
  5791;19420601;19420630;   5;   2;    55.8;   -999;   -999;   18.4;eor
  5791;19420701;19420731;   5;   2;    72.8;   -999;   -999;   24.7;eor
  5791;19420801;19420831;   5;   2;    48.4;   -999;   -999;   11.2;eor
  5791;19420901;19420930;   5;   2;    65.9;   -999;   -999;   41.4;eor
  5791;19421001;19421031;   5;   2;    41.5;   -999;   -999;   10.1;eor
  5791;19421101;19421130;   5;   2;    34.9;   -999;   -999;   10.5;eor
  5791;19421201;19421231;   5;   2;    45.1;   -999;   -999;   17.2;eor
  5791;19430101;19430131;   5;   2;    53.4;   -999;   -999;   10.9;eor
  5791;19430201;19430228;   5;   2;    25.1;   -999;   -999;    4.3;eor
  5791;19430301;19430331;   5;   2;    39.3;   -999;   -999;    9.0;eor
  5791;19430401;19430430;   5;   2;    61.0;   -999;   -999;   18.7;eor
  5791;19430501;19430531;   5;   2;    74.6;   -999;   -999;   30.2;eor
  5791;19430601;19430630;   5;   2;    54.8;   -999;   -999;    9.4;eor
  5791;19430701;19430731;   5;   2;    82.7;   -999;   -999;   39.4;eor
  5791;19430801;19430831;   5;   2;    82.4;   -999;   -999;   31.0;eor
  5791;19430901;19430930;   5;   2;    56.5;   -999;   -999;   35.0;eor
  5791;19431001;19431031;   5;   2;     4.9;   -999;   -999;    1.8;eor
  5791;19431101;19431130;   5;   2;    59.7;   -999;   -999;   15.5;eor
  5791;19431201;19431231;   5;   2;    23.9;   -999;   -999;   10.3;eor
  5791;19440101;19440131;   5;   2;    37.3;   -999;   -999;    9.0;eor
  5791;19440201;19440229;   5;   2;    44.1;   -999;   -999;   10.6;eor
  5791;19440301;19440331;   5;   2;    40.0;   -999;   -999;    7.0;eor
  5791;19440401;19440430;   5;   2;    23.3;   -999;   -999;    7.3;eor
  5791;19440501;19440531;   5;   2;    36.3;   -999;   -999;    7.5;eor
  5791;19440601;19440630;   5;   2;    66.7;   -999;   -999;   16.7;eor
  5791;19440701;19440731;   5;   2;    76.0;   -999;   -999;   32.8;eor
  5791;19440801;19440831;   5;   2;    67.1;   -999;   -999;   29.9;eor
  5791;19440901;19440930;   5;   2;    65.0;   -999;   -999;   15.2;eor
  5791;19441001;19441031;   5;   2;    56.4;   -999;   -999;   11.5;eor
  5791;19441101;19441130;   5;   2;   143.2;   -999;   -999;   22.1;eor
  5791;19441201;19441231;   5;   2;    84.0;   -999;   -999;   16.9;eor
  5791;19470101;19470131;   5;   2;    11.2;   -999;   -999;    2.1;eor
  5791;19470201;19470228;   5;   2;    23.6;   -999;   -999;    9.4;eor
  5791;19470301;19470331;   5;   2;    55.4;   -999;   -999;   16.5;eor
  5791;19470401;19470430;   5;   2;    68.9;   -999;   -999;   35.2;eor
  5791;19470501;19470531;   5;   2;    56.7;   -999;   -999;   20.3;eor
  5791;19470601;19470630;   5;   2;    25.4;   -999;   -999;    4.6;eor
  5791;19470701;19470731;   5;   2;    22.9;   -999;   -999;    7.0;eor
  5791;19470801;19470831;   5;   2;    22.0;   -999;   -999;    6.7;eor
  5791;19470901;19470930;   5;   2;    18.1;   -999;   -999;    8.4;eor
  5791;19471001;19471031;   5;   2;    23.3;   -999;   -999;   14.2;eor
  5791;19471101;19471130;   5;   2;    77.6;   -999;   -999;   20.6;eor
  5791;19471201;19471231;   5;   2;    99.9;   -999;   -999;   37.1;eor
  5791;19480101;19480131;   5;   2;    89.9;   -999;   -999;   15.3;eor
  5791;19480201;19480229;   5;   2;    35.0;   -999;   -999;    8.5;eor
  5791;19480301;19480331;   5;   2;    29.1;   -999;   -999;   24.1;eor
  5791;19480401;19480430;   5;   2;    67.5;   -999;   -999;   33.2;eor
  5791;19480501;19480531;   5;   2;    62.0;   -999;   -999;   15.5;eor
  5791;19480601;19480630;   5;   2;    34.1;   -999;   -999;    5.0;eor
  5791;19480701;19480731;   5;   2;    86.5;   -999;   -999;   21.8;eor
  5791;19480801;19480831;   5;   2;    68.3;   -999;   -999;   13.0;eor
  5791;19480901;19480930;   5;   2;    16.4;   -999;   -999;    5.0;eor
  5791;19481001;19481031;   5;   2;    17.8;   -999;   -999;    7.3;eor
  5791;19481101;19481130;   5;   2;    29.7;   -999;   -999;   11.7;eor
  5791;19481201;19481231;   5;   2;    14.4;   -999;   -999;    8.0;eor
  5791;19490101;19490131;   5;   2;    10.7;   -999;   -999;    2.5;eor
  5791;19490201;19490228;   5;   2;    25.4;   -999;   -999;    9.2;eor
  5791;19490301;19490331;   5;   2;    33.4;   -999;   -999;   13.2;eor
  5791;19490401;19490430;   5;   2;    25.9;   -999;   -999;    9.7;eor
  5791;19490501;19490531;   5;   2;   142.1;   -999;   -999;   74.3;eor
  5791;19490601;19490630;   5;   2;    95.8;   -999;   -999;   32.6;eor
  5791;19490701;19490731;   5;   2;    39.5;   -999;   -999;   25.9;eor
  5791;19490801;19490831;   5;   2;    49.1;   -999;   -999;   11.8;eor
  5791;19490901;19490930;   5;   2;    21.7;   -999;   -999;    7.3;eor
  5791;19491001;19491031;   5;   2;    32.3;   -999;   -999;   11.2;eor
  5791;19491101;19491130;   5;   2;    50.8;   -999;   -999;   16.3;eor
  5791;19491201;19491231;   5;   2;    26.7;   -999;   -999;    7.6;eor
  5791;19500101;19500131;   5;   2;    40.0;   -999;   -999;    6.6;eor
  5791;19500201;19500228;   5;   2;   194.7;   -999;   -999;   36.9;eor
  5791;19500301;19500331;   5;   2;     9.8;   -999;   -999;    3.6;eor
  5791;19500401;19500430;   5;   2;    56.0;   -999;   -999;    8.4;eor
  5791;19500501;19500531;   5;   2;    86.2;   -999;   -999;   20.9;eor
  5791;19500601;19500630;   5;   2;    45.1;   -999;   -999;   12.1;eor
  5791;19500701;19500731;   5;   2;    70.0;   -999;   -999;   22.3;eor
  5791;19500801;19500831;   5;   2;    46.4;   -999;   -999;   15.6;eor
  5791;19500901;19500930;   5;   2;    44.7;   -999;   -999;   12.7;eor
  5791;19501001;19501031;   5;   2;    14.6;   -999;   -999;    5.7;eor
  5791;19501101;19501130;   5;   2;    91.8;   -999;   -999;   26.2;eor
  5791;19501201;19501231;   5;   2;    57.9;   -999;   -999;   16.4;eor
  5791;19510101;19510131;   5;   2;    57.2;   -999;   -999;   22.2;eor
  5791;19510201;19510228;   5;   2;    17.8;   -999;   -999;    5.4;eor
  5791;19510301;19510331;   5;   2;    46.4;   -999;   -999;    5.7;eor
  5791;19510401;19510430;   5;   2;    38.5;   -999;   -999;   14.5;eor
  5791;19510501;19510531;   5;   2;    85.0;   -999;   -999;   24.4;eor
  5791;19510601;19510630;   5;   2;    67.8;   -999;   -999;   11.2;eor
  5791;19510701;19510731;   5;   2;    49.1;   -999;   -999;    9.6;eor
  5791;19510801;19510831;   5;   2;    74.7;   -999;   -999;   29.6;eor
  5791;19510901;19510930;   5;   2;    49.3;   -999;   -999;   12.8;eor
  5791;19511001;19511031;   5;   2;     7.1;   -999;   -999;    6.6;eor
  5791;19511101;19511130;   5;   2;    48.4;   -999;   -999;    7.0;eor
  5791;19511201;19511231;   5;   2;    25.0;   -999;   -999;   12.0;eor
  5791;19520101;19520131;   5;   2;    61.8;   -999;   -999;   11.9;eor
  5791;19520201;19520229;   5;   2;    41.3;   -999;   -999;   16.1;eor
  5791;19520301;19520331;   5;   2;    67.3;   -999;   -999;   17.5;eor
  5791;19520401;19520430;   5;   2;     5.9;   -999;   -999;    2.5;eor
  5791;19520501;19520531;   5;   2;    34.9;   -999;   -999;   12.0;eor
  5791;19520601;19520630;   5;   2;    60.4;   -999;   -999;   25.8;eor
  5791;19520701;19520731;   5;   2;    50.0;   -999;   -999;   23.0;eor
  5791;19520801;19520831;   5;   2;   101.5;   -999;   -999;   25.9;eor
  5791;19520901;19520930;   5;   2;    56.8;   -999;   -999;    9.7;eor
  5791;19521001;19521031;   5;   2;    41.4;   -999;   -999;    7.7;eor
  5791;19521101;19521130;   5;   2;   109.7;   -999;   -999;   22.0;eor
  5791;19521201;19521231;   5;   2;    50.4;   -999;   -999;   10.8;eor
  5791;19530101;19530131;   5;   2;    28.3;   -999;   -999;    8.2;eor
  5791;19530201;19530228;   5;   2;    51.3;   -999;   -999;   22.7;eor
  5791;19530301;19530331;   5;   2;    19.2;   -999;   -999;    7.0;eor
  5791;19530401;19530430;   5;   2;    66.2;   -999;   -999;   21.7;eor
  5791;19530501;19530531;   5;   2;    60.9;   -999;   -999;   18.1;eor
  5791;19530601;19530630;   5;   2;   168.5;   -999;   -999;   31.3;eor
  5791;19530701;19530731;   5;   2;    91.1;   -999;   -999;   30.2;eor
  5791;19530801;19530831;   5;   2;    46.9;   -999;   -999;   13.3;eor
  5791;19530901;19530930;   5;   2;    58.0;   -999;   -999;   30.1;eor
  5791;19531001;19531031;   5;   2;    22.3;   -999;   -999;    6.6;eor
  5791;19531101;19531130;   5;   2;     6.7;   -999;   -999;    6.3;eor
  5791;19531201;19531231;   5;   2;    47.4;   -999;   -999;    9.2;eor
  5791;19540101;19540131;   5;   2;    56.6;   -999;   -999;   10.7;eor
  5791;19540201;19540228;   5;   2;    30.5;   -999;   -999;   14.2;eor
  5791;19540301;19540331;   5;   2;    23.1;   -999;   -999;    7.0;eor
  5791;19540401;19540430;   5;   2;    32.1;   -999;   -999;    6.4;eor
  5791;19540501;19540531;   5;   2;    91.5;   -999;   -999;   23.7;eor
  5791;19540601;19540630;   5;   2;    81.1;   -999;   -999;   20.0;eor
  5791;19540701;19540731;   5;   2;    61.0;   -999;   -999;   10.1;eor
  5791;19540801;19540831;   5;   2;   104.0;   -999;   -999;   43.3;eor
  5791;19540901;19540930;   5;   2;    38.3;   -999;   -999;    6.6;eor
  5791;19541001;19541031;   5;   2;    53.2;   -999;   -999;   14.1;eor
  5791;19541101;19541130;   5;   2;    24.1;   -999;   -999;    3.8;eor
  5791;19541201;19541231;   5;   2;    76.8;   -999;   -999;   23.2;eor
  5791;19550101;19550131;   5;   2;    67.5;   -999;   -999;   23.3;eor
  5791;19550201;19550228;   5;   2;    38.1;   -999;   -999;    7.9;eor
  5791;19550301;19550331;   5;   2;    22.7;   -999;   -999;    4.8;eor
  5791;19550401;19550430;   5;   2;    13.3;   -999;   -999;    4.5;eor
  5791;19550501;19550531;   5;   2;    63.4;   -999;   -999;    8.4;eor
  5791;19550601;19550630;   5;   2;    79.1;   -999;   -999;   51.8;eor
  5791;19550701;19550731;   5;   2;    46.7;   -999;   -999;   15.6;eor
  5791;19550801;19550831;   5;   2;    63.3;   -999;   -999;   29.8;eor
  5791;19550901;19550930;   5;   2;    45.8;   -999;   -999;   13.2;eor
  5791;19551001;19551031;   5;   2;    18.8;   -999;   -999;    7.3;eor
  5791;19551101;19551130;   5;   2;    33.5;   -999;   -999;   10.7;eor
  5791;19551201;19551231;   5;   2;    45.2;   -999;   -999;    9.1;eor
  5791;19560101;19560131;   5;   2;    51.3;   -999;   -999;   17.2;eor
  5791;19560201;19560229;   5;   2;    17.4;   -999;   -999;    3.8;eor
  5791;19560301;19560331;   5;   2;    39.4;   -999;   -999;   18.9;eor
  5791;19560401;19560430;   5;   2;    42.0;   -999;   -999;    6.5;eor
  5791;19560501;19560531;   5;   2;   103.0;   -999;   -999;   39.2;eor
  5791;19560601;19560630;   5;   2;    93.5;   -999;   -999;   20.4;eor
  5791;19560701;19560731;   5;   2;    69.6;   -999;   -999;   12.6;eor
  5791;19560801;19560831;   5;   2;    67.0;   -999;   -999;   10.2;eor
  5791;19560901;19560930;   5;   2;   101.3;   -999;   -999;   64.2;eor
  5791;19561001;19561031;   5;   2;    66.3;   -999;   -999;   15.3;eor
  5791;19561101;19561130;   5;   2;    32.9;   -999;   -999;    6.6;eor
  5791;19561201;19561231;   5;   2;    31.5;   -999;   -999;    6.8;eor
  5791;19570101;19570131;   5;   2;    29.9;   -999;   -999;    9.5;eor
  5791;19570201;19570228;   5;   2;    63.8;   -999;   -999;   10.0;eor
  5791;19570301;19570331;   5;   2;    51.3;   -999;   -999;   27.1;eor
  5791;19570401;19570430;   5;   2;    14.9;   -999;   -999;    3.3;eor
  5791;19570501;19570531;   5;   2;    50.0;   -999;   -999;   14.2;eor
  5791;19570601;19570630;   5;   2;    78.6;   -999;   -999;   21.4;eor
  5791;19570701;19570731;   5;   2;    85.7;   -999;   -999;   17.8;eor
  5791;19570801;19570831;   5;   2;    58.4;   -999;   -999;   16.3;eor
  5791;19570901;19570930;   5;   2;    92.7;   -999;   -999;   12.8;eor
  5791;19571001;19571031;   5;   2;    25.1;   -999;   -999;    7.9;eor
  5791;19571101;19571130;   5;   2;    50.1;   -999;   -999;   28.7;eor
  5791;19571201;19571231;   5;   2;    20.5;   -999;   -999;    8.7;eor
  5791;19580101;19580131;   5;   2;    45.2;   -999;   -999;    8.6;eor
  5791;19580201;19580228;   5;   2;    66.7;   -999;   -999;   16.2;eor
  5791;19580301;19580331;   5;   2;    32.9;   -999;   -999;    8.5;eor
  5791;19580401;19580430;   5;   2;    24.4;   -999;   -999;    8.2;eor
  5791;19580501;19580531;   5;   2;    94.9;   -999;   -999;   26.8;eor
  5791;19580601;19580630;   5;   2;    62.1;   -999;   -999;   25.8;eor
  5791;19580701;19580731;   5;   2;    74.2;   -999;   -999;   26.4;eor
  5791;19580801;19580831;   5;   2;   102.9;   -999;   -999;   29.5;eor
  5791;19580901;19580930;   5;   2;    22.3;   -999;   -999;    8.5;eor
  5791;19581001;19581031;   5;   2;    53.5;   -999;   -999;   12.4;eor
  5791;19581101;19581130;   5;   2;    41.9;   -999;   -999;    9.2;eor
  5791;19581201;19581231;   5;   2;    32.5;   -999;   -999;    5.7;eor
  5791;19590101;19590131;   5;   2;    49.9;   -999;   -999;   10.4;eor
  5791;19590201;19590228;   5;   2;     3.8;   -999;   -999;    2.5;eor
  5791;19590301;19590331;   5;   2;    38.4;   -999;   -999;    9.0;eor
  5791;19590401;19590430;   5;   2;    36.2;   -999;   -999;   14.8;eor
  5791;19590501;19590531;   5;   2;    23.9;   -999;   -999;    9.3;eor
  5791;19590601;19590630;   5;   2;    19.7;   -999;   -999;    9.6;eor
  5791;19590701;19590731;   5;   2;    30.0;   -999;   -999;   19.1;eor
  5791;19590801;19590831;   5;   2;    51.7;   -999;   -999;   22.2;eor
  5791;19590901;19590930;   5;   2;     2.7;   -999;   -999;    1.5;eor
  5791;19591001;19591031;   5;   2;    28.2;   -999;   -999;   10.7;eor
  5791;19591101;19591130;   5;   2;    17.4;   -999;   -999;    4.2;eor
  5791;19591201;19591231;   5;   2;    39.6;   -999;   -999;    6.5;eor
  5791;19600101;19600131;   5;   2;    36.9;   -999;   -999;    6.8;eor
  5791;19600201;19600229;   5;   2;    19.9;   -999;   -999;    9.1;eor
  5791;19600301;19600331;   5;   2;    15.1;   -999;   -999;    4.9;eor
  5791;19600401;19600430;   5;   2;    71.9;   -999;   -999;   20.0;eor
  5791;19600501;19600531;   5;   2;   143.7;   -999;   -999;   55.4;eor
  5791;19600601;19600630;   5;   2;    54.4;   -999;   -999;   17.7;eor
  5791;19600701;19600731;   5;   2;    76.4;   -999;   -999;   20.3;eor
  5791;19600801;19600831;   5;   2;    60.4;   -999;   -999;    9.2;eor
  5791;19600901;19600930;   5;   2;    55.5;   -999;   -999;   14.6;eor
  5791;19601001;19601031;   5;   2;    63.7;   -999;   -999;   11.2;eor
  5791;19601101;19601130;   5;   2;    25.5;   -999;   -999;    4.7;eor
  5791;19601201;19601231;   5;   2;    66.4;   -999;   -999;   29.1;eor
  5791;19610101;19610131;   5;   2;    73.2;   -999;   -999;   20.1;eor
  5791;19610201;19610228;   5;   2;    29.9;   -999;   -999;    6.3;eor
  5791;19610301;19610331;   5;   2;    18.1;   -999;   -999;    5.2;eor
  5791;19610401;19610430;   5;   2;    89.4;   -999;   -999;   15.1;eor
  5791;19610501;19610531;   5;   2;    45.0;   -999;   -999;   15.5;eor
  5791;19610601;19610630;   5;   2;   103.0;   -999;   -999;   48.6;eor
  5791;19610701;19610731;   5;   2;    47.6;   -999;   -999;    9.3;eor
  5791;19610801;19610831;   5;   2;    36.2;   -999;   -999;    5.4;eor
  5791;19610901;19610930;   5;   2;    34.8;   -999;   -999;    9.8;eor
  5791;19611001;19611031;   5;   2;    47.8;   -999;   -999;   10.6;eor
  5791;19611101;19611130;   5;   2;    53.0;   -999;   -999;   15.0;eor
  5791;19611201;19611231;   5;   2;    38.2;   -999;   -999;   12.4;eor
  5791;19620101;19620131;   5;   2;    17.7;   -999;   -999;    4.2;eor
  5791;19620201;19620228;   5;   2;    52.3;   -999;   -999;   29.1;eor
  5791;19620301;19620331;   5;   2;    44.6;   -999;   -999;    8.3;eor
  5791;19620401;19620430;   5;   2;    41.5;   -999;   -999;   15.7;eor
  5791;19620501;19620531;   5;   2;    57.9;   -999;   -999;   14.0;eor
  5791;19620601;19620630;   5;   2;    10.4;   -999;   -999;    8.4;eor
  5791;19620701;19620731;   5;   2;    62.8;   -999;   -999;   15.5;eor
  5791;19620801;19620831;   5;   2;    59.7;   -999;   -999;   13.8;eor
  5791;19620901;19620930;   5;   2;    59.0;   -999;   -999;   18.2;eor
  5791;19621001;19621031;   5;   2;    11.8;   -999;   -999;   10.0;eor
  5791;19621101;19621130;   5;   2;    33.0;   -999;   -999;    5.0;eor
  5791;19621201;19621231;   5;   2;    65.5;   -999;   -999;   17.0;eor
  5791;19630101;19630131;   5;   2;    35.1;   -999;   -999;   15.0;eor
  5791;19630201;19630228;   5;   2;    20.2;   -999;   -999;    7.3;eor
  5791;19630301;19630331;   5;   2;    30.9;   -999;   -999;    5.0;eor
  5791;19630401;19630430;   5;   2;    34.3;   -999;   -999;   11.3;eor
  5791;19630501;19630531;   5;   2;    36.1;   -999;   -999;   10.7;eor
  5791;19630601;19630630;   5;   2;    55.4;   -999;   -999;   26.6;eor
  5791;19630701;19630731;   5;   2;    44.6;   -999;   -999;   14.9;eor
  5791;19630801;19630831;   5;   2;    50.3;   -999;   -999;   13.6;eor
  5791;19630901;19630930;   5;   2;    36.7;   -999;   -999;   21.0;eor
  5791;19631001;19631031;   5;   2;    48.0;   -999;   -999;   25.6;eor
  5791;19631101;19631130;   5;   2;    74.8;   -999;   -999;   16.2;eor
  5791;19631201;19631231;   5;   2;     3.8;   -999;   -999;    1.3;eor
  5791;19640101;19640131;   5;   2;    17.6;   -999;   -999;    5.7;eor
  5791;19640201;19640229;   5;   2;    25.0;   -999;   -999;    9.3;eor
  5791;19640301;19640331;   5;   2;    44.1;   -999;   -999;   24.2;eor
  5791;19640401;19640430;   5;   2;    30.9;   -999;   -999;    8.4;eor
  5791;19640501;19640531;   5;   2;    35.8;   -999;   -999;    8.2;eor
  5791;19640601;19640630;   5;   2;    41.2;   -999;   -999;   12.3;eor
  5791;19640701;19640731;   5;   2;    51.3;   -999;   -999;   27.3;eor
  5791;19640801;19640831;   5;   2;    54.4;   -999;   -999;   25.1;eor
  5791;19640901;19640930;   5;   2;    33.3;   -999;   -999;    9.9;eor
  5791;19641001;19641031;   5;   2;    56.5;   -999;   -999;   12.9;eor
  5791;19641101;19641130;   5;   2;    57.0;   -999;   -999;   20.5;eor
  5791;19641201;19641231;   5;   2;    40.3;   -999;   -999;   11.5;eor
  5791;19650101;19650131;   5;   2;    85.3;   -999;   -999;   23.2;eor
  5791;19650201;19650228;   5;   2;    17.8;   -999;   -999;    7.2;eor
  5791;19650301;19650331;   5;   2;    32.0;   -999;   -999;    8.5;eor
  5791;19650401;19650430;   5;   2;    99.1;   -999;   -999;   19.3;eor
  5791;19650501;19650531;   5;   2;    52.4;   -999;   -999;   11.4;eor
  5791;19650601;19650630;   5;   2;    87.5;   -999;   -999;   28.1;eor
  5791;19650701;19650731;   5;   2;   137.6;   -999;   -999;   33.8;eor
  5791;19650801;19650831;   5;   2;    79.8;   -999;   -999;   23.5;eor
  5791;19650901;19650930;   5;   2;    64.8;   -999;   -999;   27.1;eor
  5791;19651001;19651031;   5;   2;    14.2;   -999;   -999;    9.4;eor
  5791;19651101;19651130;   5;   2;    61.8;   -999;   -999;   11.3;eor
  5791;19651201;19651231;   5;   2;    69.1;   -999;   -999;   11.7;eor
  5791;19660101;19660131;   5;   2;    33.0;   -999;   -999;    8.2;eor
  5791;19660201;19660228;   5;   2;    37.3;   -999;   -999;   10.6;eor
  5791;19660301;19660331;   5;   2;    61.6;   -999;   -999;    8.9;eor
  5791;19660401;19660430;   5;   2;    84.9;   -999;   -999;   12.1;eor
  5791;19660501;19660531;   5;   2;    38.0;   -999;   -999;    7.5;eor
  5791;19660601;19660630;   5;   2;   120.0;   -999;   -999;   55.4;eor
  5791;19660701;19660731;   5;   2;   125.7;   -999;   -999;   36.2;eor
  5791;19660801;19660831;   5;   2;    49.6;   -999;   -999;    8.5;eor
  5791;19660901;19660930;   5;   2;    17.1;   -999;   -999;    7.7;eor
  5791;19661001;19661031;   5;   2;    98.0;   -999;   -999;   38.2;eor
  5791;19661101;19661130;   5;   2;    61.8;   -999;   -999;   13.9;eor
  5791;19661201;19661231;   5;   2;    99.1;   -999;   -999;   22.0;eor
  5791;19670101;19670131;   5;   2;    19.5;   -999;   -999;    4.8;eor
  5791;19670201;19670228;   5;   2;    39.8;   -999;   -999;   10.0;eor
  5791;19670301;19670331;   5;   2;    35.6;   -999;   -999;    9.2;eor
  5791;19670401;19670430;   5;   2;    41.9;   -999;   -999;   11.6;eor
  5791;19670501;19670531;   5;   2;    57.2;   -999;   -999;   13.4;eor
  5791;19670601;19670630;   5;   2;    63.2;   -999;   -999;   21.4;eor
  5791;19670701;19670731;   5;   2;    55.3;   -999;   -999;   16.8;eor
  5791;19670801;19670831;   5;   2;    16.6;   -999;   -999;    3.9;eor
  5791;19670901;19670930;   5;   2;    68.6;   -999;   -999;   17.1;eor
  5791;19671001;19671031;   5;   2;    37.4;   -999;   -999;   13.5;eor
  5791;19671101;19671130;   5;   2;    51.9;   -999;   -999;   11.3;eor
  5791;19671201;19671231;   5;   2;    65.1;   -999;   -999;   11.2;eor
  5791;19680101;19680131;   5;   2;    54.4;   -999;   -999;    8.0;eor
  5791;19680201;19680229;   5;   2;    34.8;   -999;   -999;    8.0;eor
  5791;19680301;19680331;   5;   2;    33.5;   -999;   -999;    6.6;eor
  5791;19680401;19680430;   5;   2;     9.3;   -999;   -999;    6.3;eor
  5791;19680501;19680531;   5;   2;    39.8;   -999;   -999;   11.9;eor
  5791;19680601;19680630;   5;   2;    96.0;   -999;   -999;   47.2;eor
  5791;19680701;19680731;   5;   2;    64.5;   -999;   -999;   16.0;eor
  5791;19680801;19680831;   5;   2;   122.2;   -999;   -999;   30.7;eor
  5791;19680901;19680930;   5;   2;    88.1;   -999;   -999;   21.4;eor
  5791;19681001;19681031;   5;   2;    22.3;   -999;   -999;    8.2;eor
  5791;19681101;19681130;   5;   2;    21.7;   -999;   -999;   10.6;eor
  5791;19681201;19681231;   5;   2;    24.3;   -999;   -999;    4.6;eor
  5791;19690101;19690131;   5;   2;    25.7;   -999;   -999;    5.1;eor
  5791;19690201;19690228;   5;   2;    46.4;   -999;   -999;   15.0;eor
  5791;19690301;19690331;   5;   2;    43.1;   -999;   -999;    9.9;eor
  5791;19690401;19690430;   5;   2;    32.0;   -999;   -999;    9.6;eor
  5791;19690501;19690531;   5;   2;    66.1;   -999;   -999;   13.3;eor
  5791;19690601;19690630;   5;   2;    61.6;   -999;   -999;    9.0;eor
  5791;19690701;19690731;   5;   2;    34.0;   -999;   -999;   10.2;eor
  5791;19690801;19690831;   5;   2;   140.9;   -999;   -999;   24.6;eor
  5791;19690901;19690930;   5;   2;    11.4;   -999;   -999;    8.4;eor
  5791;19691001;19691031;   5;   2;     1.4;   -999;   -999;    0.5;eor
  5791;19691101;19691130;   5;   2;    61.5;   -999;   -999;   16.7;eor
  5791;19691201;19691231;   5;   2;    25.1;   -999;   -999;    6.3;eor
  5791;19700101;19700131;   5;   2;    52.2;   -999;   -999;   12.2;eor
  5791;19700201;19700228;   5;   2;    66.9;   -999;   -999;   11.4;eor
  5791;19700301;19700331;   5;   2;    48.7;   -999;   -999;    7.5;eor
  5791;19700401;19700430;   5;   2;    57.2;   -999;   -999;    7.6;eor
  5791;19700501;19700531;   5;   2;    68.0;   -999;   -999;   14.3;eor
  5791;19700601;19700630;   5;   2;    43.5;   -999;   -999;    9.7;eor
  5791;19700701;19700731;   5;   2;    62.3;   -999;   -999;   22.3;eor
  5791;19700801;19700831;   5;   2;   113.4;   -999;   -999;   49.8;eor
  5791;19700901;19700930;   5;   2;    41.3;   -999;   -999;   17.6;eor
  5791;19701001;19701031;   5;   2;    56.9;   -999;   -999;   14.8;eor
  5791;19701101;19701130;   5;   2;    30.1;   -999;   -999;    6.9;eor
  5791;19701201;19701231;   5;   2;    30.6;   -999;   -999;    8.2;eor
  5791;19710101;19710131;   5;   2;    16.2;   -999;   -999;    3.3;eor
  5791;19710201;19710228;   5;   2;    20.4;   -999;   -999;    4.7;eor
  5791;19710301;19710331;   5;   2;    26.6;   -999;   -999;    9.3;eor
  5791;19710401;19710430;   5;   2;    24.0;   -999;   -999;   12.8;eor
  5791;19710501;19710531;   5;   2;   112.9;   -999;   -999;   24.4;eor
  5791;19710601;19710630;   5;   2;    53.9;   -999;   -999;   16.4;eor
  5791;19710701;19710731;   5;   2;    38.1;   -999;   -999;   22.3;eor
  5791;19710801;19710831;   5;   2;    53.9;   -999;   -999;   20.3;eor
  5791;19710901;19710930;   5;   2;     0.0;   -999;   -999;    0.0;eor
  5791;19711001;19711031;   5;   2;    24.0;   -999;   -999;   13.2;eor
  5791;19711101;19711130;   5;   2;    74.4;   -999;   -999;   33.3;eor
  5791;19711201;19711231;   5;   2;     4.2;   -999;   -999;    2.0;eor
  5791;19720101;19720131;   5;   2;    17.8;   -999;   -999;    4.5;eor
  5791;19720201;19720229;   5;   2;     5.6;   -999;   -999;    1.7;eor
  5791;19720301;19720331;   5;   2;    34.6;   -999;   -999;   10.1;eor
  5791;19720401;19720430;   5;   2;    32.7;   -999;   -999;    3.8;eor
  5791;19720501;19720531;   5;   2;    57.1;   -999;   -999;   23.3;eor
  5791;19720601;19720630;   5;   2;    44.6;   -999;   -999;   16.8;eor
  5791;19720701;19720731;   5;   2;    42.1;   -999;   -999;   18.3;eor
  5791;19720801;19720831;   5;   2;    50.1;   -999;   -999;   13.3;eor
  5791;19720901;19720930;   5;   2;    64.0;   -999;   -999;   34.1;eor
  5791;19721001;19721031;   5;   2;     6.9;   -999;   -999;    2.0;eor
  5791;19721101;19721130;   5;   2;    55.9;   -999;   -999;   34.0;eor
  5791;19721201;19721231;   5;   2;    12.2;   -999;   -999;    9.4;eor
  5791;19730101;19730131;   5;   2;    17.5;   -999;   -999;    4.5;eor
  5791;19730201;19730228;   5;   2;    56.7;   -999;   -999;   19.5;eor
  5791;19730301;19730331;   5;   2;    20.9;   -999;   -999;   10.0;eor
  5791;19730401;19730430;   5;   2;    63.2;   -999;   -999;   12.2;eor
  5791;19730501;19730531;   5;   2;    35.3;   -999;   -999;   11.4;eor
  5791;19730601;19730630;   5;   2;    51.7;   -999;   -999;   37.3;eor
  5791;19730701;19730731;   5;   2;    63.7;   -999;   -999;   25.0;eor
  5791;19730801;19730831;   5;   2;    47.6;   -999;   -999;   29.1;eor
  5791;19730901;19730930;   5;   2;    55.1;   -999;   -999;   22.5;eor
  5791;19731001;19731031;   5;   2;    43.1;   -999;   -999;    8.6;eor
  5791;19731101;19731130;   5;   2;    50.8;   -999;   -999;   10.8;eor
  5791;19731201;19731231;   5;   2;    45.3;   -999;   -999;   10.2;eor
  5791;19740101;19740131;   5;   2;    29.9;   -999;   -999;    5.0;eor
  5791;19740201;19740228;   5;   2;    21.5;   -999;   -999;    8.3;eor
  5791;19740301;19740331;   5;   2;    43.2;   -999;   -999;    8.4;eor
  5791;19740401;19740430;   5;   2;    23.3;   -999;   -999;   11.3;eor
  5791;19740501;19740531;   5;   2;    52.1;   -999;   -999;   18.4;eor
  5791;19740601;19740630;   5;   2;    41.2;   -999;   -999;   12.1;eor
  5791;19740701;19740731;   5;   2;    77.8;   -999;   -999;   19.9;eor
  5791;19740801;19740831;   5;   2;    55.0;   -999;   -999;   27.6;eor
  5791;19740901;19740930;   5;   2;    50.3;   -999;   -999;   13.5;eor
  5791;19741001;19741031;   5;   2;    92.1;   -999;   -999;   21.0;eor
  5791;19741101;19741130;   5;   2;    60.8;   -999;   -999;   13.2;eor
  5791;19741201;19741231;   5;   2;    61.1;   -999;   -999;   10.9;eor
  5791;19750101;19750131;   5;   2;    39.4;   -999;   -999;   13.5;eor
  5791;19750201;19750228;   5;   2;    17.7;   -999;   -999;   14.4;eor
  5791;19750301;19750331;   5;   2;    57.2;   -999;   -999;    8.9;eor
  5791;19750401;19750430;   5;   2;    26.7;   -999;   -999;    5.9;eor
  5791;19750501;19750531;   5;   2;    27.0;   -999;   -999;   12.9;eor
  5791;19750601;19750630;   5;   2;    46.8;   -999;   -999;   12.6;eor
  5791;19750701;19750731;   5;   2;    69.8;   -999;   -999;   18.5;eor
  5791;19750801;19750831;   5;   2;    54.3;   -999;   -999;   18.5;eor
  5791;19750901;19750930;   5;   2;    44.5;   -999;   -999;   10.5;eor
  5791;19751001;19751031;   5;   2;    18.2;   -999;   -999;    9.0;eor
  5791;19751101;19751130;   5;   2;    56.7;   -999;   -999;   10.5;eor
  5791;19751201;19751231;   5;   2;    13.1;   -999;   -999;    4.3;eor
  5791;19760101;19760131;   5;   2;    53.1;   -999;   -999;    8.3;eor
  5791;19760201;19760229;   5;   2;    15.4;   -999;   -999;    7.5;eor
  5791;19760301;19760331;   5;   2;    18.3;   -999;   -999;    9.8;eor
  5791;19760401;19760430;   5;   2;    22.3;   -999;   -999;   14.4;eor
  5791;19760501;19760531;   5;   2;    32.0;   -999;   -999;    8.7;eor
  5791;19760601;19760630;   5;   2;    18.4;   -999;   -999;   15.4;eor
  5791;19760701;19760731;   5;   2;    87.1;   -999;   -999;   21.5;eor
  5791;19760801;19760831;   5;   2;    12.1;   -999;   -999;    3.9;eor
  5791;19760901;19760930;   5;   2;    48.4;   -999;   -999;    9.4;eor
  5791;19761001;19761031;   5;   2;    27.3;   -999;   -999;    7.7;eor
  5791;19761101;19761130;   5;   2;    45.9;   -999;   -999;   10.2;eor
  5791;19761201;19761231;   5;   2;    18.6;   -999;   -999;    4.1;eor
  5791;19770101;19770131;   5;   2;    21.9;   -999;   -999;    5.3;eor
  5791;19770201;19770228;   5;   2;    51.5;   -999;   -999;    8.2;eor
  5791;19770301;19770331;   5;   2;    31.5;   -999;   -999;   12.1;eor
  5791;19770401;19770430;   5;   2;    58.4;   -999;   -999;    7.2;eor
  5791;19770501;19770531;   5;   2;    68.2;   -999;   -999;   16.7;eor
  5791;19770601;19770630;   5;   2;    67.2;   -999;   -999;   12.2;eor
  5791;19770701;19770731;   5;   2;    40.0;   -999;   -999;   13.4;eor
  5791;19770801;19770831;   5;   2;   124.9;   -999;   -999;   21.9;eor
  5791;19770901;19770930;   5;   2;    26.6;   -999;   -999;   10.5;eor
  5791;19771001;19771031;   5;   2;    13.5;   -999;   -999;    6.4;eor
  5791;19771101;19771130;   5;   2;    82.0;   -999;   -999;   13.2;eor
  5791;19771201;19771231;   5;   2;    34.3;   -999;   -999;    9.9;eor
  5791;19780101;19780131;   5;   2;    19.3;   -999;   -999;    9.4;eor
  5791;19780201;19780228;   5;   2;    23.4;   -999;   -999;    4.6;eor
  5791;19780301;19780331;   5;   2;    63.8;   -999;   -999;   15.6;eor
  5791;19780401;19780430;   5;   2;    43.2;   -999;   -999;   14.1;eor
  5791;19780501;19780531;   5;   2;    78.8;   -999;   -999;   17.3;eor
  5791;19780601;19780630;   5;   2;    30.9;   -999;   -999;    8.9;eor
  5791;19780701;19780731;   5;   2;    60.8;   -999;   -999;   12.8;eor
  5791;19780801;19780831;   5;   2;    27.0;   -999;   -999;    6.8;eor
  5791;19780901;19780930;   5;   2;    41.6;   -999;   -999;   16.1;eor
  5791;19781001;19781031;   5;   2;    43.6;   -999;   -999;   20.7;eor
  5791;19781101;19781130;   5;   2;    13.1;   -999;   -999;    5.9;eor
  5791;19781201;19781231;   5;   2;    50.9;   -999;   -999;   24.8;eor
  5791;19790101;19790131;   5;   2;    50.9;     16;    361;   10.4;eor
  5791;19790201;19790228;   5;   2;    31.5;     10;     40;    9.7;eor
  5791;19790301;19790331;   5;   2;    80.9;      0;      0;   14.9;eor
  5791;19790401;19790430;   5;   2;    44.8;     15;     16;   21.9;eor
  5791;19790501;19790531;   5;   2;    49.7;      0;      0;    7.6;eor
  5791;19790601;19790630;   5;   2;    47.8;      0;      0;   17.1;eor
  5791;19790701;19790731;   5;   2;    57.9;      0;      0;   24.4;eor
  5791;19790801;19790831;   5;   2;    60.2;      0;      0;   16.1;eor
  5791;19790901;19790930;   5;   2;    10.4;      0;      0;    4.2;eor
  5791;19791001;19791031;   5;   2;    30.6;      0;      0;   10.6;eor
  5791;19791101;19791130;   5;   2;    62.8;      0;      0;   24.7;eor
  5791;19791201;19791231;   5;   2;    87.0;      0;      0;   27.5;eor
  5791;19800101;19800131;   5;   2;    25.5;      5;      7;    5.4;eor
  5791;19800201;19800229;   5;   2;    27.8;      0;      0;    5.5;eor
  5791;19800301;19800331;   5;   2;    34.4;      0;      0;   12.3;eor
  5791;19800401;19800430;   5;   2;    38.2;      0;      0;    5.4;eor
  5791;19800501;19800531;   5;   2;    55.6;      0;      0;   17.2;eor
  5791;19800601;19800630;   5;   2;   110.5;      0;      0;   56.9;eor
  5791;19800701;19800731;   5;   2;   115.2;      0;      0;   44.6;eor
  5791;19800801;19800831;   5;   2;    44.5;      0;      0;   15.6;eor
  5791;19800901;19800930;   5;   2;    26.3;      0;      0;   10.1;eor
  5791;19801001;19801031;   5;   2;    22.3;      0;      0;    8.5;eor
  5791;19801101;19801130;   5;   2;    23.7;     13;     16;    7.5;eor
  5791;19801201;19801231;   5;   2;    41.7;     18;     56;    5.9;eor
  5791;19810101;19810131;  10;   2;    79.3;     33;     47;   21.7;eor
  5791;19810201;19810228;  10;   2;    26.4;     16;     68;    7.5;eor
  5791;19810301;19810331;  10;   2;    32.7;      0;      0;    6.8;eor
  5791;19810401;19810430;  10;   2;    34.6;      0;      0;   13.5;eor
  5791;19810501;19810531;  10;   2;    38.1;      0;      0;    9.2;eor
  5791;19810601;19810630;  10;   2;   102.4;      0;      0;   23.4;eor
  5791;19810701;19810731;  10;   2;    33.8;      0;      0;    5.8;eor
  5791;19810801;19810831;  10;   2;    59.8;      0;      0;   33.1;eor
  5791;19810901;19810930;  10;   2;    45.0;      0;      0;   20.6;eor
  5791;19811001;19811031;  10;   2;    57.6;      0;      0;    8.8;eor
  5791;19811101;19811130;  10;   2;    64.2;      0;      0;   14.8;eor
  5791;19811201;19811231;  10;   2;    86.5;     36;    128;   21.8;eor
  5791;19820101;19820131;  10;   2;    58.3;     28;    222;   12.8;eor
  5791;19820201;19820228;  10;   2;    21.4;      0;      0;   11.3;eor
  5791;19820301;19820331;  10;   2;    45.2;      1;      1;    8.1;eor
  5791;19820401;19820430;  10;   2;    32.1;      0;      0;    9.2;eor
  5791;19820501;19820531;  10;   2;    73.2;      0;      0;   15.3;eor
  5791;19820601;19820630;  10;   2;    84.5;      0;      0;   19.2;eor
  5791;19820701;19820731;  10;   2;    62.1;      0;      0;   29.7;eor
  5791;19820801;19820831;  10;   2;   108.5;      0;      0;   60.2;eor
  5791;19820901;19820930;  10;   2;    31.7;      0;      0;   17.2;eor
  5791;19821001;19821031;  10;   2;    99.0;      0;      0;   42.8;eor
  5791;19821101;19821130;  10;   2;    28.9;      0;      0;    4.8;eor
  5791;19821201;19821231;  10;   2;    59.4;      4;      6;   12.7;eor
  5791;19830101;19830131;  10;   2;    42.3;      1;      1;    7.3;eor
  5791;19830201;19830228;  10;   2;    39.6;     15;    121;    7.9;eor
  5791;19830301;19830331;  10;   2;    57.6;      0;      0;    8.8;eor
  5791;19830401;19830430;  10;   2;    43.5;      0;      0;    8.4;eor
  5791;19830501;19830531;  10;   2;   136.4;      0;      0;   28.9;eor
  5791;19830601;19830630;  10;   2;    33.2;      0;      0;   12.2;eor
  5791;19830701;19830731;  10;   2;    41.1;      0;      0;   15.2;eor
  5791;19830801;19830831;  10;   2;    23.4;      0;      0;   13.2;eor
  5791;19830901;19830930;  10;   2;    29.8;      0;      0;    5.5;eor
  5791;19831001;19831031;  10;   2;    15.6;      0;      0;    4.2;eor
  5791;19831101;19831130;  10;   2;    34.5;      0;      0;   12.6;eor
  5791;19831201;19831231;  10;   2;    27.6;      1;      1;    5.2;eor
  5791;19840101;19840131;  10;   2;    58.9;      6;      9;   10.5;eor
  5791;19840201;19840229;  10;   2;    71.9;      1;      1;   35.7;eor
  5791;19840301;19840331;  10;   2;    20.0;      3;      3;    6.1;eor
  5791;19840401;19840430;  10;   2;    55.7;      8;      9;   19.1;eor
  5791;19840501;19840531;  10;   2;   125.1;      0;      0;   26.9;eor
  5791;19840601;19840630;  10;   2;    55.9;      0;      0;   31.2;eor
  5791;19840701;19840731;  10;   2;    60.1;      0;      0;   16.4;eor
  5791;19840801;19840831;  10;   2;    28.7;      0;      0;    7.0;eor
  5791;19840901;19840930;  10;   2;   127.8;      0;      0;   35.5;eor
  5791;19841001;19841031;  10;   2;    51.1;      0;      0;   13.9;eor
  5791;19841101;19841130;  10;   2;    57.0;      0;      0;   27.2;eor
  5791;19841201;19841231;  10;   2;    18.1;      0;      0;    5.1;eor
  5791;19850101;19850131;  10;   2;    41.6;     30;    261;    7.9;eor
  5791;19850201;19850228;  10;   2;    23.8;     12;    138;   13.9;eor
  5791;19850301;19850331;  10;   2;    44.7;     12;     25;   13.5;eor
  5791;19850401;19850430;  10;   2;    39.1;      0;      0;    7.7;eor
  5791;19850501;19850531;  10;   2;    47.5;      0;      0;   10.9;eor
  5791;19850601;19850630;  10;   2;    98.1;      0;      0;   14.4;eor
  5791;19850701;19850731;  10;   2;    62.4;      0;      0;   18.4;eor
  5791;19850801;19850831;  10;   2;    43.4;      0;      0;    9.5;eor
  5791;19850901;19850930;  10;   2;    30.5;      0;      0;    8.7;eor
  5791;19851001;19851031;  10;   2;     8.0;      0;      0;    6.1;eor
  5791;19851101;19851130;  10;   2;    48.2;     15;     86;    7.1;eor
  5791;19851201;19851231;  10;   2;    20.1;      0;      0;    5.2;eor
  5791;19860101;19860131;  10;   2;    62.3;      9;     17;    8.7;eor
  5791;19860201;19860228;  10;   2;     9.6;     12;    131;    4.9;eor
  5791;19860301;19860331;  10;   2;    53.6;      0;     16;   10.2;eor
  5791;19860401;19860430;  10;   2;    57.0;      2;      2;   10.6;eor
  5791;19860501;19860531;  10;   2;    56.7;      0;      0;   16.1;eor
  5791;19860601;19860630;  10;   2;    37.8;      0;      0;    8.4;eor
  5791;19860701;19860731;  10;   2;    28.7;      0;      0;    9.5;eor
  5791;19860801;19860831;  10;   2;    85.6;      0;      0;   36.7;eor
  5791;19860901;19860930;  10;   2;    49.0;      0;      0;   22.3;eor
  5791;19861001;19861031;  10;   2;    62.4;      0;      0;   26.2;eor
  5791;19861101;19861130;  10;   2;    15.4;      0;      0;    3.5;eor
  5791;19861201;19861231;  10;   2;    41.5;      3;     10;    5.9;eor
  5791;19870101;19870131;  10;   2;    35.1;     11;     87;   13.5;eor
  5791;19870201;19870228;  10;   2;    79.0;     34;    254;   20.2;eor
  5791;19870301;19870331;  10;   2;    38.6;      5;     10;    8.0;eor
  5791;19870401;19870430;  10;   2;    46.7;      0;      0;   15.3;eor
  5791;19870501;19870531;  10;   2;    80.5;      0;      0;   17.1;eor
  5791;19870601;19870630;  10;   2;    80.5;      0;      0;   12.0;eor
  5791;19870701;19870731;  10;   2;   130.7;      0;      0;   46.8;eor
  5791;19870801;19870831;  10;   2;    59.9;      0;      0;   15.9;eor
  5791;19870901;19870930;  10;   2;    53.2;      0;      0;   16.2;eor
  5791;19871001;19871031;  10;   2;    57.8;      0;      0;   15.1;eor
  5791;19871101;19871130;  10;   2;    58.6;      1;      1;   12.2;eor
  5791;19871201;19871231;  10;   2;    13.3;      0;      0;    3.7;eor
  5791;19880101;19880131;  10;   2;    38.1;      0;      0;    7.3;eor
  5791;19880201;19880229;  10;   2;    58.6;     11;     21;    6.2;eor
  5791;19880301;19880331;  10;   2;    95.5;     12;     13;   14.6;eor
  5791;19880401;19880430;  10;   2;    43.0;      0;      0;    8.6;eor
  5791;19880501;19880531;  10;   2;    78.3;      0;      0;   38.3;eor
  5791;19880601;19880630;  10;   2;    67.5;      0;      0;   19.3;eor
  5791;19880701;19880731;  10;   2;    70.7;      0;      0;   15.9;eor
  5791;19880801;19880831;  10;   2;    20.4;      0;      0;    5.8;eor
  5791;19880901;19880930;  10;   2;    39.9;      0;      0;   13.2;eor
  5791;19881001;19881031;  10;   2;    40.5;      0;      0;   15.5;eor
  5791;19881101;19881130;  10;   2;    44.3;      0;      0;    9.2;eor
  5791;19881201;19881231;  10;   2;    70.3;      0;      0;   15.5;eor
  5791;19890101;19890131;  10;   2;     9.9;   -999;   -999;    2.8;eor
  5791;19890201;19890228;  10;   2;    27.1;   -999;   -999;    6.9;eor
  5791;19890301;19890331;  10;   2;    37.7;   -999;   -999;    7.5;eor
  5791;19890401;19890430;  10;   2;   121.3;   -999;   -999;   27.3;eor
  5791;19890501;19890531;  10;   2;    21.2;   -999;   -999;    9.2;eor
  5791;19890601;19890630;  10;   2;    49.0;   -999;   -999;   11.1;eor
  5791;19890701;19890731;  10;   2;    70.1;   -999;   -999;   29.8;eor
  5791;19890801;19890831;  10;   2;    36.7;   -999;   -999;    5.9;eor
  5791;19890901;19890930;  10;   2;    20.6;   -999;   -999;    5.8;eor
  5791;19891001;19891031;  10;   2;    41.5;   -999;   -999;    8.0;eor
  5791;19891101;19891130;  10;   2;    18.0;   -999;   -999;   13.1;eor
  5791;19891201;19891231;  10;   2;    66.6;   -999;   -999;   15.7;eor
  5791;19900101;19900131;  10;   2;    24.1;      0;      0;   11.0;eor
  5791;19900201;19900228;  10;   2;    84.2;      2;      2;   20.8;eor
  5791;19900301;19900331;  10;   2;    26.8;      4;      5;    7.6;eor
  5791;19900401;19900430;  10;   2;    24.5;      0;      0;    3.9;eor
  5791;19900501;19900531;  10;   2;    13.8;      0;      0;   10.5;eor
  5791;19900601;19900630;  10;   2;    90.2;      0;      0;   28.6;eor
  5791;19900701;19900731;  10;   2;    25.1;      0;      0;    8.0;eor
  5791;19900801;19900831;  10;   2;    62.9;      0;      0;   29.9;eor
  5791;19900901;19900930;  10;   2;    67.4;      0;      0;   17.0;eor
  5791;19901001;19901031;  10;   2;    17.6;      0;      0;    8.7;eor
  5791;19901101;19901130;  10;   2;    53.8;      0;      0;   12.3;eor
  5791;19901201;19901231;  10;   2;    68.1;      8;     10;   18.1;eor
  5791;19910101;19910131;  10;   2;    37.4;   -999;   -999;    6.5;eor
  5791;19910201;19910228;  10;   2;     8.2;   -999;   -999;    1.5;eor
  5791;19910301;19910331;  10;   2;    30.7;   -999;   -999;   19.3;eor
  5791;19910401;19910430;  10;   2;    46.1;   -999;   -999;   22.7;eor
  5791;19910501;19910531;  10;   2;    24.3;   -999;   -999;   15.1;eor
  5791;19910601;19910630;  10;   2;    70.5;   -999;   -999;   18.1;eor
  5791;19910701;19910731;  10;   2;    45.0;   -999;   -999;   15.2;eor
  5791;19910801;19910831;  10;   2;    36.4;   -999;   -999;   21.2;eor
  5791;19910901;19910930;  10;   2;    27.9;   -999;   -999;   18.5;eor
  5791;19911001;19911031;  10;   2;    44.3;   -999;   -999;   20.0;eor
  5791;19911101;19911130;  10;   2;    54.6;   -999;   -999;    7.8;eor
  5791;19911201;19911231;  10;   2;    52.2;   -999;   -999;   17.3;eor
  5791;19920101;19920131;  10;   2;    24.1;   -999;   -999;    9.4;eor
  5791;19920201;19920229;  10;   2;    28.8;   -999;   -999;   15.1;eor
  5791;19920301;19920331;  10;   2;    84.5;   -999;   -999;   21.1;eor
  5791;19920401;19920430;  10;   2;    32.0;   -999;   -999;    7.9;eor
  5791;19920501;19920531;  10;   2;    19.2;   -999;   -999;    9.1;eor
  5791;19920601;19920630;  10;   2;   123.4;   -999;   -999;   49.6;eor
  5791;19920701;19920731;  10;   2;    59.1;   -999;   -999;   10.6;eor
  5791;19920801;19920831;  10;   2;    61.0;   -999;   -999;   20.0;eor
  5791;19920901;19920930;  10;   2;    22.6;   -999;   -999;    4.2;eor
  5791;19921001;19921031;  10;   2;    58.4;   -999;   -999;   18.9;eor
  5791;19921101;19921130;  10;   2;    42.5;   -999;   -999;    9.5;eor
  5791;19921201;19921231;  10;   2;    42.3;   -999;   -999;   11.9;eor
  5791;19930101;19930131;  10;   2;    51.2;   -999;   -999;   15.0;eor
  5791;19930201;19930228;  10;   2;    29.4;   -999;   -999;    6.0;eor
  5791;19930301;19930331;  10;   2;     5.6;   -999;   -999;    1.6;eor
  5791;19930401;19930430;  10;   2;    25.6;   -999;   -999;    5.6;eor
  5791;19930501;19930531;  10;   2;    75.5;   -999;   -999;   12.1;eor
  5791;19930601;19930630;  10;   2;    21.4;   -999;   -999;    8.9;eor
  5791;19930701;19930731;  10;   2;    64.7;   -999;   -999;   15.0;eor
  5791;19930801;19930831;  10;   2;    17.9;   -999;   -999;    9.5;eor
  5791;19930901;19930930;  10;   2;   100.2;   -999;   -999;   33.8;eor
  5791;19931001;19931031;  10;   2;    82.7;   -999;   -999;   22.0;eor
  5791;19931101;19931130;  10;   2;    32.5;   -999;   -999;   20.3;eor
  5791;19931201;19931231;  10;   2;   107.3;   -999;   -999;   32.0;eor
  5791;19940101;19940131;  10;   2;    54.8;   -999;   -999;   11.5;eor
  5791;19940201;19940228;  10;   2;    27.7;   -999;   -999;    6.7;eor
  5791;19940301;19940331;  10;   2;    50.5;   -999;   -999;    9.7;eor
  5791;19940401;19940430;  10;   2;    44.5;   -999;   -999;    6.7;eor
  5791;19940501;19940531;  10;   2;    64.9;   -999;   -999;   15.0;eor
  5791;19940601;19940630;  10;   2;    53.9;   -999;   -999;   17.6;eor
  5791;19940701;19940731;  10;   2;    18.3;   -999;   -999;    7.4;eor
  5791;19940801;19940831;  10;   2;    48.8;   -999;   -999;   15.5;eor
  5791;19940901;19940930;  10;   2;    65.6;   -999;   -999;   13.7;eor
  5791;19941001;19941031;  10;   2;    21.8;   -999;   -999;   12.0;eor
  5791;19941101;19941130;  10;   2;    40.0;   -999;   -999;    9.6;eor
  5791;19941201;19941231;  10;   2;    36.8;   -999;   -999;    8.0;eor
  5791;19950101;19950131;  10;   2;    93.3;   -999;   -999;   19.1;eor
  5791;19950201;19950228;  10;   2;    37.0;   -999;   -999;    8.8;eor
  5791;19950301;19950331;  10;   2;    44.3;   -999;   -999;    5.8;eor
  5791;19950401;19950430;  10;   2;    37.7;   -999;   -999;    7.1;eor
  5791;19950501;19950531;  10;   2;    28.0;   -999;   -999;    6.4;eor
  5791;19950601;19950630;  10;   2;    66.5;   -999;   -999;   17.0;eor
  5791;19950701;19950731;  10;   2;   112.9;   -999;   -999;   50.9;eor
  5791;19950801;19950831;  10;   2;    25.0;   -999;   -999;   11.0;eor
  5791;19950901;19950930;  10;   2;    28.8;   -999;   -999;    5.7;eor
  5791;19951001;19951031;  10;   2;    24.5;   -999;   -999;    5.4;eor
  5791;19951101;19951130;  10;   2;    58.8;   -999;   -999;   14.3;eor
  5791;19951201;19951231;  10;   2;    36.2;   -999;   -999;    8.1;eor
  5791;19960101;19960131;  10;   2;    13.5;   -999;   -999;    4.3;eor
  5791;19960201;19960229;  10;   2;    44.5;   -999;   -999;   12.6;eor
  5791;19960301;19960331;  10;   2;    26.5;   -999;   -999;    6.0;eor
  5791;19960401;19960430;  10;   2;     7.6;   -999;   -999;    3.8;eor
  5791;19960501;19960531;  10;   2;    70.7;   -999;   -999;   19.2;eor
  5791;19960601;19960630;  10;   2;    30.0;   -999;   -999;    7.0;eor
  5791;19960701;19960731;  10;   2;    38.1;   -999;   -999;   19.7;eor
  5791;19960801;19960831;  10;   2;    97.9;   -999;   -999;   22.2;eor
  5791;19960901;19960930;  10;   2;    30.1;   -999;   -999;    5.6;eor
  5791;19961001;19961031;  10;   2;    53.1;   -999;   -999;   26.9;eor
  5791;19961101;19961130;  10;   2;    51.3;   -999;   -999;   10.4;eor
  5791;19961201;19961231;  10;   2;    41.8;   -999;   -999;    9.6;eor
  5791;19970101;19970131;  10;   2;     8.1;   -999;   -999;    3.0;eor
  5791;19970201;19970228;  10;   2;    45.6;   -999;   -999;   13.0;eor
  5791;19970301;19970331;  10;   2;    35.0;   -999;   -999;    7.2;eor
  5791;19970401;19970430;  10;   2;    37.1;   -999;   -999;   12.3;eor
  5791;19970501;19970531;  10;   2;    89.8;   -999;   -999;   38.4;eor
  5791;19970601;19970630;  10;   2;   100.8;   -999;   -999;   34.5;eor
  5791;19970701;19970731;  10;   2;    59.6;   -999;   -999;   19.2;eor
  5791;19970801;19970831;  10;   2;    28.7;   -999;   -999;   14.0;eor
  5791;19970901;19970930;  10;   2;    17.7;   -999;   -999;   16.6;eor
  5791;19971001;19971031;  10;   2;    42.9;   -999;   -999;   16.2;eor
  5791;19971101;19971130;  10;   2;    36.0;   -999;   -999;    7.9;eor
  5791;19971201;19971231;  10;   2;    49.3;   -999;   -999;   11.9;eor
  5791;19980101;19980131;  10;   2;    27.4;   -999;   -999;    8.7;eor
  5791;19980201;19980228;  10;   2;     5.4;   -999;   -999;    1.8;eor
  5791;19980301;19980331;  10;   2;    47.6;   -999;   -999;   13.7;eor
  5791;19980401;19980430;  10;   2;    42.2;   -999;   -999;    9.4;eor
  5791;19980501;19980531;  10;   2;    56.2;   -999;   -999;   21.3;eor
  5791;19980601;19980630;  10;   2;    76.5;   -999;   -999;   21.5;eor
  5791;19980701;19980731;  10;   2;    29.4;   -999;   -999;    8.2;eor
  5791;19980801;19980831;  10;   2;    27.7;   -999;   -999;    8.2;eor
  5791;19980901;19980930;  10;   2;    77.9;   -999;   -999;   13.7;eor
  5791;19981001;19981031;  10;   2;    97.4;   -999;   -999;   14.8;eor
  5791;19981101;19981130;  10;   2;    46.4;   -999;   -999;   14.0;eor
  5791;19981201;19981231;  10;   2;    29.7;   -999;   -999;   10.4;eor
  5791;19990101;19990131;  10;   2;    53.0;   -999;   -999;   11.3;eor
  5791;19990201;19990228;  10;   2;    73.5;   -999;   -999;   13.7;eor
  5791;19990301;19990331;  10;   2;    23.5;   -999;   -999;    5.9;eor
  5791;19990401;19990430;-999;-999;    -999;   -999;   -999;   24.4;eor
  5791;19990501;19990531;  10;   2;    53.8;   -999;   -999;   26.8;eor
  5791;19990601;19990630;  10;   2;    56.9;   -999;   -999;   17.6;eor
  5791;19990701;19990731;  10;   2;    48.7;   -999;   -999;   20.2;eor
  5791;19990801;19990831;  10;   2;    37.2;   -999;   -999;   12.6;eor
  5791;19990901;19990930;  10;   2;    56.1;   -999;   -999;   15.5;eor
  5791;19991001;19991031;  10;   2;    32.3;   -999;   -999;   22.5;eor
  5791;19991101;19991130;  10;   2;    33.6;   -999;   -999;    5.1;eor
  5791;19991201;19991231;  10;   2;    66.1;   -999;   -999;   12.5;eor
  5791;20000101;20000131;  10;   2;    23.6;   -999;   -999;    6.8;eor
  5791;20000201;20000229;  10;   2;    57.0;   -999;   -999;    8.2;eor
  5791;20000301;20000331;  10;   2;    53.7;   -999;   -999;    7.7;eor
  5791;20000401;20000430;  10;   2;    28.0;   -999;   -999;    8.2;eor
  5791;20000501;20000531;  10;   2;    36.5;   -999;   -999;    8.4;eor
  5791;20000601;20000630;  10;   2;    58.6;   -999;   -999;   17.9;eor
  5791;20000701;20000731;  10;   2;   136.3;   -999;   -999;   32.3;eor
  5791;20000801;20000831;  10;   2;    67.1;   -999;   -999;   23.9;eor
  5791;20000901;20000930;  10;   2;    73.8;   -999;   -999;   25.6;eor
  5791;20001001;20001031;  10;   2;    44.4;   -999;   -999;    9.9;eor
  5791;20001101;20001130;  10;   2;    23.3;   -999;   -999;    5.7;eor
  5791;20001201;20001231;  10;   2;    30.4;   -999;   -999;    5.1;eor
  5791;20010101;20010131;  10;   2;    24.1;   -999;   -999;    6.7;eor
  5791;20010201;20010228;  10;   2;    52.8;   -999;   -999;   11.5;eor
  5791;20010301;20010331;-999;-999;    -999;   -999;   -999;   10.0;eor
  5791;20010401;20010430;  10;   2;    61.3;   -999;   -999;   13.4;eor
  5791;20010501;20010531;  10;   2;    40.2;   -999;   -999;   24.1;eor
  5791;20010601;20010630;  10;   2;    59.0;   -999;   -999;   10.3;eor
  5791;20010701;20010731;  10;   2;    40.7;   -999;   -999;   12.3;eor
  5791;20010801;20010831;  10;   2;    22.8;   -999;   -999;    7.7;eor
  5791;20010901;20010930;  10;   2;   101.5;   -999;   -999;   12.0;eor
  5791;20011001;20011031;  10;   2;    41.3;   -999;   -999;   12.1;eor
  5791;20011101;20011130;-999;-999;    -999;   -999;   -999;   15.0;eor
  5791;20011201;20011231;  10;   2;    41.7;   -999;   -999;    8.0;eor
  5791;20020101;20020131;  10;   2;    38.9;   -999;   -999;   10.9;eor
  5791;20020201;20020228;  10;   2;   100.6;   -999;   -999;   18.4;eor
  5791;20020301;20020331;  10;   2;    45.7;   -999;   -999;   11.9;eor
