STATIONS_ID; MESS_DATUM_BEGINN; MESS_DATUM_ENDE; QUALITAETS_NIVEAU; ART; NIEDERSCHLAGSHOEHE;NEUSCHNEEHOEHE;SCHNEEHOEHE; max(NIEDERSCHLAGSHOEHE);eor
   348;19900101;19900131;  10;   2;    18.2;      0;      0;    4.3;eor
   348;19900201;19900228;  10;   2;    69.7;      5;      5;   18.6;eor
   348;19900301;19900331;  10;   2;    29.5;      1;      2;    6.9;eor
   348;19900401;19900430;  10;   2;    47.9;      0;      0;   10.6;eor
   348;19900501;19900531;  10;   2;    20.3;      0;      0;    9.2;eor
   348;19900601;19900630;  10;   2;    86.2;      0;      0;   12.1;eor
   348;19900701;19900731;  10;   2;    25.6;      0;      0;   10.0;eor
   348;19900801;19900831;  10;   2;    59.9;      0;      0;   29.9;eor
   348;19900901;19900930;  10;   2;    59.9;      0;      0;   10.2;eor
   348;19901001;19901031;  10;   2;    41.8;      0;      0;   15.0;eor
   348;19901101;19901130;  10;   2;    81.4;      0;      0;   17.6;eor
   348;19901201;19901231;  10;   2;    49.5;      6;      9;   17.7;eor
   348;19910101;19910131;   9;   2;    34.1;      2;      2;    8.6;eor
   348;19910201;19910228;   9;   2;    13.5;     12;     48;    2.8;eor
   348;19910301;19910331;   9;   2;    48.4;      0;      0;   19.6;eor
   348;19910401;19910430;   9;   2;    39.1;      0;      0;   23.9;eor
   348;19910501;19910531;   9;   2;    19.3;      0;      0;    5.4;eor
   348;19910601;19910630;   9;   2;    77.3;      0;      0;   15.4;eor
   348;19910701;19910731;   9;   2;    38.7;      0;      0;   19.9;eor
   348;19910801;19910831;   9;   2;     6.8;      0;      0;    4.8;eor
   348;19910901;19910930;   9;   2;    40.1;      0;      0;   15.7;eor
   348;19911001;19911031;   9;   2;    31.7;      0;      0;    8.7;eor
   348;19911101;19911130;   9;   2;    58.5;      0;      0;    8.7;eor
   348;19911201;19911231;   9;   2;    69.7;      0;      0;   25.1;eor
   348;19920101;19920131;   9;   2;    25.1;      0;      0;    9.2;eor
   348;19920201;19920229;   9;   2;    29.5;      1;      1;    7.8;eor
   348;19920301;19920331;   9;   2;    39.4;      0;      0;    5.6;eor
   348;19920401;19920430;   9;   2;    25.7;      0;      0;    5.0;eor
   348;19920501;19920531;   9;   2;    37.6;      0;      0;   19.4;eor
   348;19920601;19920630;   9;   2;   168.7;      0;      0;   45.3;eor
   348;19920701;19920731;   9;   2;    78.3;      0;      0;   16.2;eor
   348;19920801;19920831;   9;   2;    61.4;      0;      0;    9.9;eor
   348;19920901;19920930;   9;   2;    48.9;      0;      0;   14.4;eor
   348;19921001;19921031;   9;   2;    56.3;      0;      0;   13.2;eor
   348;19921101;19921130;   9;   2;    52.9;      0;      0;   10.0;eor
   348;19921201;19921231;   9;   2;    59.5;      0;      0;   26.7;eor
   348;19930101;19930131;   9;   2;    71.3;      0;      0;   24.3;eor
   348;19930201;19930228;   9;   2;    20.3;      1;      1;    7.8;eor
   348;19930301;19930331;   9;   2;     6.3;      0;      0;    2.5;eor
   348;19930401;19930430;   9;   2;    40.3;      0;      0;    9.9;eor
   348;19930501;19930531;   9;   2;    56.9;      0;      0;   12.0;eor
   348;19930601;19930630;   9;   2;    26.5;      0;      0;   11.6;eor
   348;19930701;19930731;   9;   2;   113.5;      0;      0;   17.4;eor
   348;19930801;19930831;   9;   2;    28.5;      0;      0;   18.7;eor
   348;19930901;19930930;   9;   2;   131.8;      0;      0;   29.3;eor
   348;19931001;19931031;   9;   2;    78.1;      0;      0;   19.8;eor
   348;19931101;19931130;   9;   2;    17.2;      0;      0;   10.9;eor
   348;19931201;19931231;   9;   2;   113.2;      0;      0;   33.2;eor
   348;19940101;19940131;   9;   2;    43.8;      6;      8;    7.1;eor
   348;19940201;19940228;   9;   2;    23.7;      0;      0;    6.0;eor
   348;19940301;19940331;   9;   2;    48.5;      0;      0;    7.2;eor
   348;19940401;19940430;   9;   2;    35.4;      0;      0;    5.9;eor
   348;19940501;19940531;   9;   2;    75.9;      0;      0;   11.6;eor
   348;19940601;19940630;   9;   2;    51.7;      0;      0;   15.2;eor
   348;19940701;19940731;   9;   2;   101.5;      0;      0;   63.1;eor
   348;19940801;19940831;   9;   2;    69.3;      0;      0;   23.2;eor
   348;19940901;19940930;   9;   2;    65.8;      0;      0;   14.9;eor
   348;19941001;19941031;   9;   2;    20.5;      0;      0;    5.8;eor
   348;19941101;19941130;   9;   2;    41.9;      0;      0;    9.7;eor
   348;19941201;19941231;   9;   2;    44.6;      1;      1;    9.0;eor
   348;19950101;19950131;   9;   2;    85.7;     11;     18;   13.6;eor
   348;19950201;19950228;   9;   2;    47.2;      0;      0;    6.8;eor
   348;19950301;19950331;   9;   2;    52.8;      5;      5;    7.0;eor
   348;19950401;19950430;   9;   2;    52.0;      0;      0;   17.6;eor
   348;19950501;19950531;   9;   2;    38.0;      0;      0;    9.8;eor
   348;19950601;19950630;   9;   2;    57.6;      0;      0;   10.3;eor
   348;19950701;19950731;   9;   2;   100.0;      0;      0;   26.4;eor
   348;19950801;19950831;   9;   2;    24.7;      0;      0;    6.9;eor
   348;19950901;19950930;   9;   2;    54.8;      0;      0;   11.0;eor
   348;19951001;19951031;   9;   2;    14.9;      0;      0;    5.5;eor
   348;19951101;19951130;   9;   2;    39.4;      0;      0;    8.8;eor
   348;19951201;19951231;   9;   2;    48.6;      1;      1;   15.6;eor
   348;19960101;19960131;   9;   2;     7.3;      4;     18;    4.0;eor
   348;19960201;19960229;   9;   2;    28.3;      4;     23;   15.3;eor
   348;19960301;19960331;   9;   2;    23.5;      0;      0;    6.0;eor
   348;19960401;19960430;   9;   2;     5.0;      0;      0;    2.5;eor
   348;19960501;19960531;   9;   2;    86.6;      0;      0;   17.6;eor
   348;19960601;19960630;   9;   2;    42.9;      0;      0;   10.5;eor
   348;19960701;19960731;   9;   2;    42.0;      0;      0;    7.0;eor
   348;19960801;19960831;   9;   2;    65.8;      0;      0;   22.7;eor
   348;19960901;19960930;   9;   2;    40.4;      0;      0;    7.8;eor
   348;19961001;19961031;   9;   2;    89.6;      0;      0;   32.3;eor
   348;19961101;19961130;   9;   2;    53.2;      0;      0;    9.9;eor
   348;19961201;19961231;   9;   2;    34.4;      9;     17;   12.2;eor
   348;19970101;19970131;   9;   2;    17.0;      4;    128;    4.0;eor
   348;19970201;19970228;   9;   2;    36.8;      0;      0;    6.5;eor
   348;19970301;19970331;   9;   2;    46.0;      0;      0;   10.2;eor
   348;19970401;19970430;   9;   2;    53.1;      0;      0;   16.5;eor
   348;19970501;19970531;   9;   2;    52.2;      0;      0;   10.2;eor
   348;19970601;19970630;   9;   2;    83.6;      0;      0;   20.1;eor
   348;19970701;19970731;   9;   2;    69.2;      0;      0;   19.5;eor
   348;19970801;19970831;   9;   2;    22.5;      0;      0;    7.1;eor
   348;19970901;19970930;   9;   2;    33.9;      0;      0;   19.1;eor
   348;19971001;19971031;   9;   2;    30.1;      0;      0;   10.4;eor
   348;19971101;19971130;   9;   2;    44.5;      0;      0;   12.1;eor
   348;19971201;19971231;   9;   2;    65.6;      9;     17;   13.1;eor
   348;19980101;19980131;   9;   2;    23.7;      0;      0;    4.3;eor
   348;19980201;19980228;   9;   2;    13.0;      2;      2;    5.6;eor
   348;19980301;19980331;   9;   2;    44.9;      0;      0;   16.7;eor
   348;19980401;19980430;   9;   2;    59.9;      0;      0;    8.4;eor
   348;19980501;19980531;   9;   2;    95.7;      0;      0;   61.3;eor
   348;19980601;19980630;   9;   2;    76.7;      0;      0;   21.8;eor
   348;19980701;19980731;   9;   2;    71.0;      0;      0;   10.3;eor
   348;19980801;19980831;   9;   2;    33.0;      0;      0;   11.5;eor
   348;19980901;19980930;   9;   2;   143.1;      0;      0;   28.5;eor
   348;19981001;19981031;   9;   2;   103.9;      0;      0;   14.1;eor
   348;19981101;19981130;   9;   2;    67.1;      0;      0;   16.0;eor
   348;19981201;19981231;   9;   2;    36.6;     17;     44;   10.7;eor
   348;19990101;19990131;   9;   2;    66.6;      3;      3;   16.8;eor
   348;19990201;19990228;   9;   2;    61.8;     16;     17;   12.1;eor
   348;19990301;19990331;   9;   2;    58.4;      0;      0;   20.6;eor
   348;19990401;19990430;   9;   2;    51.9;      0;      0;   17.9;eor
   348;19990501;19990531;   9;   2;    25.5;      0;      0;    7.5;eor
   348;19990601;19990630;   9;   2;    68.2;      0;      0;   22.3;eor
   348;19990701;19990731;   9;   2;    36.8;      0;      0;   17.4;eor
   348;20000601;20000630;   9;   2;    46.1;   -999;   -999;    9.0;eor
   348;20000701;20000731;   9;   2;   131.7;   -999;   -999;   13.8;eor
   348;20000801;20000831;   9;   2;    81.0;   -999;   -999;   27.0;eor
   348;20000901;20000930;   9;   2;    87.3;   -999;   -999;   21.1;eor
   348;20001001;20001031;   9;   2;    55.3;   -999;   -999;    9.2;eor
   348;20001101;20001130;   9;   2;    31.4;   -999;   -999;    7.3;eor
   348;20001201;20001231;-999;-999;    -999;   -999;   -999;    4.9;eor
   348;20010101;20010131;   9;   2;    49.0;   -999;   -999;   13.3;eor
   348;20010201;20010228;-999;-999;    -999;   -999;   -999;   11.9;eor
   348;20010301;20010331;-999;-999;    -999;   -999;   -999;   10.1;eor
   348;20010419;20010430;-999;-999;    -999;   -999;   -999;   16.2;eor
   348;20010501;20010531;-999;-999;    -999;   -999;   -999;    5.9;eor
   348;20010601;20010629;-999;-999;    -999;   -999;   -999;   17.8;eor
   348;20010601;20010630;  10;   2;    61.2;   -999;   -999;   -999;eor
   348;20010701;20010723;-999;-999;    -999;   -999;   -999;    0.5;eor
   348;20011003;20011031;-999;-999;    -999;   -999;   -999;    8.1;eor
   348;20011101;20011130;   9;   2;    92.9;   -999;   -999;   26.9;eor
   348;20011201;20011231;-999;-999;    -999;   -999;   -999;    5.7;eor
   348;20020101;20020131;   9;   2;    37.2;   -999;   -999;   24.2;eor
   348;20020201;20020228;-999;-999;    -999;   -999;   -999;   12.0;eor
   348;20020301;20020331;   9;   2;    44.1;   -999;   -999;    7.7;eor
   348;20020401;20020430;-999;-999;    -999;   -999;   -999;   10.3;eor
   348;20020501;20020531;-999;-999;    -999;   -999;   -999;   26.2;eor
   348;20020601;20020630;-999;-999;    -999;   -999;   -999;   16.6;eor
   348;20020701;20020731;   9;   2;    77.4;   -999;   -999;   21.3;eor
   348;20020801;20020831;   9;   2;    95.6;   -999;   -999;   25.5;eor
   348;20020901;20020930;   9;   2;    22.5;   -999;   -999;    8.9;eor
   348;20021001;20021031;   9;   2;    76.2;   -999;   -999;   19.1;eor
   348;20021101;20021130;   9;   2;   115.3;   -999;   -999;   23.2;eor
   348;20021201;20021231;   9;   2;    63.0;   -999;   -999;   15.3;eor
   348;20030101;20030131;   9;   2;    58.7;   -999;   -999;   17.5;eor
   348;20030201;20030228;   9;   2;    16.0;   -999;   -999;    5.1;eor
   348;20030301;20030302;-999;-999;    -999;   -999;   -999;    6.7;eor
   348;20030425;20030430;-999;-999;    -999;   -999;   -999;    7.6;eor
   348;20030501;20030531;   9;   2;    73.6;   -999;   -999;   17.4;eor
   348;20030601;20030630;   9;   2;    49.1;   -999;   -999;   20.3;eor
   348;20030701;20030731;   9;   2;    82.6;   -999;   -999;   49.9;eor
   348;20030801;20030831;   9;   2;    26.1;   -999;   -999;    7.1;eor
   348;20030901;20030930;   9;   2;    46.2;   -999;   -999;   25.1;eor
   348;20031001;20031031;-999;-999;    -999;   -999;   -999;   11.4;eor
   348;20031101;20031130;   9;   2;    40.0;   -999;   -999;   12.4;eor
   348;20031201;20031231;   9;   2;    28.9;   -999;   -999;   10.1;eor
   348;20040101;20040131;-999;-999;    -999;   -999;   -999;   19.5;eor
   348;20040201;20040229;   9;   2;    30.3;   -999;   -999;    7.1;eor
   348;20040302;20040331;-999;-999;    -999;   -999;   -999;    5.2;eor
   348;20040401;20040430;-999;-999;    -999;   -999;   -999;   11.3;eor
   348;20040501;20040531;   9;   2;    58.1;   -999;   -999;   27.6;eor
   348;20040601;20040630;-999;-999;    -999;   -999;   -999;   10.2;eor
   348;20040701;20040731;-999;-999;    -999;   -999;   -999;   23.9;eor
   348;20040801;20040831;   9;   2;   100.8;   -999;   -999;   14.3;eor
   348;20040901;20040930;   9;   2;    69.1;   -999;   -999;   36.4;eor
   348;20041001;20041031;   9;   2;    32.9;   -999;   -999;    8.3;eor
   348;20041101;20041130;-999;-999;    -999;   -999;   -999;    6.8;eor
   348;20041201;20041231;-999;-999;    -999;   -999;   -999;    9.3;eor
   348;20050101;20050130;-999;-999;    -999;   -999;   -999;   11.8;eor
   348;20050201;20050228;   9;   2;    53.6;   -999;   -999;   17.1;eor
   348;20050301;20050308;-999;-999;    -999;   -999;   -999;    0.0;eor
   348;20050414;20050430;-999;-999;    -999;   -999;   -999;   24.9;eor
   348;20050501;20050531;   9;   2;    85.7;   -999;   -999;   21.1;eor
   348;20050601;20050630;-999;-999;    -999;   -999;   -999;    4.3;eor
   348;20050701;20050731;-999;-999;    -999;   -999;   -999;    9.9;eor
   348;20050801;20050831;   9;   2;    53.3;   -999;   -999;   20.5;eor
   348;20050901;20050930;   9;   2;    71.0;   -999;   -999;   27.7;eor
   348;20051001;20051031;   9;   2;    27.1;   -999;   -999;    8.4;eor
   348;20051101;20051130;   9;   2;    32.2;   -999;   -999;    7.1;eor
   348;20051201;20051231;   9;   2;    43.9;   -999;   -999;    7.1;eor
   348;20060101;20060131;   9;   2;    21.5;   -999;   -999;    5.8;eor
   348;20060201;20060228;   9;   2;    41.2;   -999;   -999;    7.1;eor
   348;20060301;20060331;   9;   2;    65.5;   -999;   -999;   18.4;eor
   348;20060401;20060430;   9;   2;    34.3;   -999;   -999;    6.6;eor
   348;20060501;20060531;   9;   2;    90.9;   -999;   -999;   19.8;eor
   348;20060601;20060630;   9;   2;    35.4;   -999;   -999;   10.7;eor
   348;20060701;20060731;-999;-999;    -999;   -999;   -999;   18.0;eor
   348;20060801;20060831;   9;   2;   106.8;   -999;   -999;   12.9;eor
   348;20060901;20060930;   9;   2;    25.0;   -999;   -999;   18.0;eor
   348;20061001;20061031;   9;   2;    43.0;   -999;   -999;   10.7;eor
   348;20061101;20061130;   9;   2;    44.2;   -999;   -999;    5.8;eor
   348;20061201;20061231;   9;   2;    35.9;   -999;   -999;   12.6;eor
   348;20070101;20070131;   9;   2;    51.1;   -999;   -999;    8.9;eor
   348;20070201;20070228;   9;   2;    52.6;   -999;   -999;    6.4;eor
   348;20070301;20070331;   9;   2;    36.9;   -999;   -999;   11.1;eor
   348;20070401;20070430;   9;   2;     0.0;   -999;   -999;    0.0;eor
   348;20070501;20070531;   9;   2;    79.4;   -999;   -999;   12.1;eor
   348;20070601;20070630;   9;   2;    58.0;   -999;   -999;   18.3;eor
   348;20070701;20070731;   9;   2;    67.1;   -999;   -999;   20.1;eor
   348;20070801;20070831;   9;   2;    98.8;   -999;   -999;   20.6;eor
   348;20070901;20070930;   9;   2;    77.5;   -999;   -999;   32.9;eor
   348;20071001;20071031;   9;   2;    22.5;   -999;   -999;   14.4;eor
   348;20071101;20071130;   9;   2;    64.9;   -999;   -999;   14.1;eor
   348;20071201;20071231;   9;   2;    29.8;   -999;   -999;    7.6;eor
   348;20080101;20080131;   9;   2;    16.9;   -999;   -999;    4.2;eor
   348;20080201;20080229;   9;   2;    39.6;   -999;   -999;   15.4;eor
   348;20080301;20080331;   9;   2;    56.8;   -999;   -999;   10.1;eor
   348;20080401;20080430;   9;   2;    65.4;   -999;   -999;   18.6;eor
   348;20080501;20080531;   9;   2;    21.8;   -999;   -999;    9.7;eor
   348;20080601;20080630;   9;   2;    73.2;   -999;   -999;   21.5;eor
   348;20080701;20080731;   9;   2;    89.9;   -999;   -999;   27.8;eor
   348;20080801;20080831;   9;   2;    42.1;   -999;   -999;    9.6;eor
   348;20080901;20080930;   9;   2;    47.8;   -999;   -999;   16.5;eor
   348;20081001;20081031;   9;   2;    68.4;   -999;   -999;   16.7;eor
   348;20081101;20081130;   9;   2;    32.6;   -999;   -999;    7.9;eor
   348;20081201;20081231;   9;   2;    41.4;   -999;   -999;   12.1;eor
   348;20090101;20090131;   9;   2;    24.9;   -999;   -999;   10.8;eor
   348;20090201;20090228;   9;   2;    53.4;   -999;   -999;    9.9;eor
   348;20090301;20090331;   9;   2;    69.6;   -999;   -999;   11.0;eor
   348;20090401;20090430;   9;   2;    57.2;   -999;   -999;   33.7;eor
   348;20090501;20090531;   9;   2;    70.7;   -999;   -999;   14.3;eor
   348;20090601;20090630;   9;   2;    79.7;   -999;   -999;   15.8;eor
   348;20090701;20090731;   9;   2;    83.4;   -999;   -999;   19.7;eor
   348;20090801;20090831;   9;   2;    31.1;   -999;   -999;    9.6;eor
   348;20090901;20090930;   9;   2;    35.0;   -999;   -999;   13.8;eor
   348;20091001;20091031;   9;   2;    47.7;   -999;   -999;    9.2;eor
   348;20091101;20091130;   9;   2;    82.2;   -999;   -999;   23.6;eor
   348;20091201;20091231;   9;   2;    61.2;   -999;   -999;   12.0;eor
   348;20100101;20100131;   9;   2;    45.2;   -999;   -999;    7.0;eor
   348;20100201;20100228;   9;   2;    29.1;   -999;   -999;    3.6;eor
   348;20100301;20100331;   9;   2;    58.5;   -999;   -999;   14.1;eor
   348;20100401;20100430;   9;   2;     2.5;   -999;   -999;    0.9;eor
   348;20100501;20100531;   9;   2;    72.8;   -999;   -999;   15.2;eor
   348;20100601;20100630;   9;   2;    37.3;   -999;   -999;   12.4;eor
   348;20100701;20100731;   9;   2;    68.1;   -999;   -999;   25.4;eor
   348;20100801;20100831;   9;   2;   139.6;   -999;   -999;   43.5;eor
   348;20100901;20100930;   9;   2;    87.0;   -999;   -999;   28.8;eor
   348;20101001;20101031;  10;   2;    39.8;   -999;   -999;   11.3;eor
   348;20101101;20101130;   7;   2;    36.1;   -999;   -999;    8.2;eor
   348;20101201;20101231;   7;   2;    68.1;   -999;   -999;    9.7;eor
   348;20110101;20110131;   3;   2;    67.2;   -999;   -999;   20.7;eor
   348;20110201;20110228;   3;   2;    29.1;   -999;   -999;    4.6;eor
   348;20110301;20110331;   3;   2;    14.3;   -999;   -999;    5.8;eor
   348;20110401;20110430;   3;   2;    19.4;   -999;   -999;    7.4;eor
   348;20110501;20110531;   3;   2;    23.3;   -999;   -999;   12.7;eor
   348;20110601;20110630;   3;   2;    86.8;   -999;   -999;   28.7;eor
   348;20110701;20110731;   3;   2;    38.7;   -999;   -999;   10.4;eor
   348;20110801;20110831;   3;   2;    93.5;   -999;   -999;   30.4;eor
