STATIONS_ID; MESS_DATUM_BEGINN; MESS_DATUM_ENDE; QUALITAETS_NIVEAU; ART; NIEDERSCHLAGSHOEHE;NEUSCHNEEHOEHE;SCHNEEHOEHE; max(NIEDERSCHLAGSHOEHE);eor
  5568;19000101;19000131;   5;   2;    57.0;   -999;   -999;-999;eor
  5568;19000201;19000228;   5;   2;    44.0;   -999;   -999;-999;eor
  5568;19000301;19000331;   5;   2;    24.0;   -999;   -999;-999;eor
  5568;19000401;19000430;   5;   2;    34.0;   -999;   -999;-999;eor
  5568;19000501;19000531;   5;   2;    44.0;   -999;   -999;-999;eor
  5568;19000601;19000630;   5;   2;    84.0;   -999;   -999;-999;eor
  5568;19000701;19000731;   5;   2;    82.0;   -999;   -999;-999;eor
  5568;19000801;19000831;   5;   2;    62.0;   -999;   -999;-999;eor
  5568;19000901;19000930;   5;   2;    54.0;   -999;   -999;-999;eor
  5568;19001001;19001031;   5;   2;   100.0;   -999;   -999;-999;eor
  5568;19001101;19001130;   5;   2;    36.0;   -999;   -999;-999;eor
  5568;19001201;19001231;   5;   2;    69.0;   -999;   -999;-999;eor
  5568;19010101;19010131;   5;   2;    66.0;   -999;   -999;-999;eor
  5568;19010201;19010228;   5;   2;    27.0;   -999;   -999;-999;eor
  5568;19010301;19010331;   5;   2;    45.0;   -999;   -999;-999;eor
  5568;19010401;19010430;   5;   2;    71.0;   -999;   -999;-999;eor
  5568;19010501;19010531;   5;   2;    39.0;   -999;   -999;-999;eor
  5568;19010601;19010630;   5;   2;    48.0;   -999;   -999;-999;eor
  5568;19010701;19010731;   5;   2;    53.0;   -999;   -999;-999;eor
  5568;19010801;19010831;   5;   2;    34.0;   -999;   -999;-999;eor
  5568;19010901;19010930;   5;   2;    66.0;   -999;   -999;-999;eor
  5568;19011001;19011031;   5;   2;    58.0;   -999;   -999;-999;eor
  5568;19011101;19011130;   5;   2;    48.0;   -999;   -999;-999;eor
  5568;19011201;19011231;   5;   2;    51.0;   -999;   -999;-999;eor
  5568;19020101;19020131;   5;   2;    38.0;   -999;   -999;-999;eor
  5568;19020201;19020228;   5;   2;    22.0;   -999;   -999;-999;eor
  5568;19020301;19020331;   5;   2;    40.0;   -999;   -999;-999;eor
  5568;19020401;19020430;   5;   2;     7.0;   -999;   -999;-999;eor
  5568;19020501;19020531;   5;   2;    58.0;   -999;   -999;-999;eor
  5568;19020601;19020630;   5;   2;    30.0;   -999;   -999;-999;eor
  5568;19020701;19020731;   5;   2;    31.0;   -999;   -999;-999;eor
  5568;19020801;19020831;   5;   2;    86.0;   -999;   -999;-999;eor
  5568;19020901;19020930;   5;   2;    23.0;   -999;   -999;-999;eor
  5568;19021001;19021031;   5;   2;    43.0;   -999;   -999;-999;eor
  5568;19021101;19021130;   5;   2;     6.0;   -999;   -999;-999;eor
  5568;19021201;19021231;   5;   2;    68.0;   -999;   -999;-999;eor
  5568;19030101;19030131;   5;   2;    31.0;   -999;   -999;-999;eor
  5568;19030201;19030228;   5;   2;    19.0;   -999;   -999;-999;eor
  5568;19030301;19030331;   5;   2;    37.0;   -999;   -999;-999;eor
  5568;19030401;19030430;   5;   2;    68.0;   -999;   -999;-999;eor
  5568;19030501;19030531;   5;   2;    43.0;   -999;   -999;-999;eor
  5568;19030601;19030630;   5;   2;    43.0;   -999;   -999;-999;eor
  5568;19030701;19030731;   5;   2;    93.0;   -999;   -999;-999;eor
  5568;19030801;19030831;   5;   2;   100.0;   -999;   -999;-999;eor
  5568;19030901;19030930;   5;   2;    52.0;   -999;   -999;-999;eor
  5568;19031001;19031031;   5;   2;    46.0;   -999;   -999;-999;eor
  5568;19031101;19031130;   5;   2;    58.0;   -999;   -999;-999;eor
  5568;19031201;19031231;   5;   2;    12.0;   -999;   -999;-999;eor
  5568;19040101;19040131;   5;   2;    45.0;   -999;   -999;-999;eor
  5568;19040201;19040229;   5;   2;    67.0;   -999;   -999;-999;eor
  5568;19040301;19040331;   5;   2;    42.0;   -999;   -999;-999;eor
  5568;19040401;19040430;   5;   2;    24.0;   -999;   -999;-999;eor
  5568;19040501;19040531;   5;   2;    64.0;   -999;   -999;-999;eor
  5568;19040601;19040630;   5;   2;    65.0;   -999;   -999;-999;eor
  5568;19040701;19040731;   5;   2;     9.0;   -999;   -999;-999;eor
  5568;19040801;19040831;   5;   2;    27.0;   -999;   -999;-999;eor
  5568;19040901;19040930;   5;   2;    51.0;   -999;   -999;-999;eor
  5568;19041001;19041031;   5;   2;    25.0;   -999;   -999;-999;eor
  5568;19041101;19041130;   5;   2;    63.0;   -999;   -999;-999;eor
  5568;19041201;19041231;   5;   2;    52.0;   -999;   -999;-999;eor
  5568;19050101;19050131;   5;   2;    34.0;   -999;   -999;-999;eor
  5568;19050201;19050228;   5;   2;    22.0;   -999;   -999;-999;eor
  5568;19050301;19050331;   5;   2;    60.0;   -999;   -999;-999;eor
  5568;19050401;19050430;   5;   2;    36.0;   -999;   -999;-999;eor
  5568;19050501;19050531;   5;   2;    19.0;   -999;   -999;-999;eor
  5568;19050601;19050630;   5;   2;    64.0;   -999;   -999;-999;eor
  5568;19050701;19050731;   5;   2;    71.0;   -999;   -999;-999;eor
  5568;19050801;19050831;   5;   2;    43.0;   -999;   -999;-999;eor
  5568;19050901;19050930;   5;   2;    38.0;   -999;   -999;-999;eor
  5568;19051001;19051031;   5;   2;    74.0;   -999;   -999;-999;eor
  5568;19051101;19051130;   5;   2;    43.0;   -999;   -999;-999;eor
  5568;19051201;19051231;   5;   2;    10.0;   -999;   -999;-999;eor
  5568;19060101;19060131;   5;   2;    62.0;   -999;   -999;-999;eor
  5568;19060201;19060228;   5;   2;    52.0;   -999;   -999;-999;eor
  5568;19060301;19060331;   5;   2;    64.0;   -999;   -999;-999;eor
  5568;19060401;19060430;   5;   2;    34.0;   -999;   -999;-999;eor
  5568;19060501;19060531;   5;   2;    65.0;   -999;   -999;-999;eor
  5568;19060601;19060630;   5;   2;    41.0;   -999;   -999;-999;eor
  5568;19060701;19060731;   5;   2;    90.0;   -999;   -999;-999;eor
  5568;19060801;19060831;   5;   2;    67.0;   -999;   -999;-999;eor
  5568;19060901;19060930;   5;   2;    31.0;   -999;   -999;-999;eor
  5568;19061001;19061031;   5;   2;    24.0;   -999;   -999;-999;eor
  5568;19061101;19061130;   5;   2;    42.0;   -999;   -999;-999;eor
  5568;19061201;19061231;   5;   2;    44.0;   -999;   -999;-999;eor
  5568;19070101;19070131;   5;   2;    33.0;   -999;   -999;-999;eor
  5568;19070201;19070228;   5;   2;    38.0;   -999;   -999;-999;eor
  5568;19070301;19070331;   5;   2;    42.0;   -999;   -999;-999;eor
  5568;19070401;19070430;   5;   2;    18.0;   -999;   -999;-999;eor
  5568;19070501;19070531;   5;   2;    61.0;   -999;   -999;-999;eor
  5568;19070601;19070630;   5;   2;    87.0;   -999;   -999;-999;eor
  5568;19070701;19070731;   5;   2;    64.0;   -999;   -999;-999;eor
  5568;19070801;19070831;   5;   2;    71.0;   -999;   -999;-999;eor
  5568;19070901;19070930;   5;   2;    23.0;   -999;   -999;-999;eor
  5568;19071001;19071031;   5;   2;    24.0;   -999;   -999;-999;eor
  5568;19071101;19071130;   5;   2;    23.0;   -999;   -999;-999;eor
  5568;19071201;19071231;   5;   2;    49.0;   -999;   -999;-999;eor
  5568;19080101;19080131;   5;   2;    24.0;   -999;   -999;-999;eor
  5568;19080201;19080229;   5;   2;    56.0;   -999;   -999;-999;eor
  5568;19080301;19080331;   5;   2;    27.0;   -999;   -999;-999;eor
  5568;19080401;19080430;   5;   2;    64.0;   -999;   -999;-999;eor
  5568;19080501;19080531;   5;   2;    92.0;   -999;   -999;-999;eor
  5568;19080601;19080630;   5;   2;    26.0;   -999;   -999;-999;eor
  5568;19080701;19080731;   5;   2;    35.0;   -999;   -999;-999;eor
  5568;19080801;19080831;   5;   2;    69.0;   -999;   -999;-999;eor
  5568;19080901;19080930;   5;   2;    39.0;   -999;   -999;-999;eor
  5568;19081001;19081031;   5;   2;     4.0;   -999;   -999;-999;eor
  5568;19081101;19081130;   5;   2;    21.0;   -999;   -999;-999;eor
  5568;19081201;19081231;   5;   2;    19.0;   -999;   -999;-999;eor
  5568;19090101;19090131;   5;   2;    37.0;   -999;   -999;-999;eor
  5568;19090201;19090228;   5;   2;    40.0;   -999;   -999;-999;eor
  5568;19090301;19090331;   5;   2;    25.0;   -999;   -999;-999;eor
  5568;19090401;19090430;   5;   2;    32.0;   -999;   -999;-999;eor
  5568;19090501;19090531;   5;   2;    20.0;   -999;   -999;-999;eor
  5568;19090601;19090630;   5;   2;    36.0;   -999;   -999;-999;eor
  5568;19090701;19090731;   5;   2;    60.0;   -999;   -999;-999;eor
  5568;19090801;19090831;   5;   2;    17.0;   -999;   -999;-999;eor
  5568;19090901;19090930;   5;   2;    55.0;   -999;   -999;-999;eor
  5568;19091001;19091031;   5;   2;    41.0;   -999;   -999;-999;eor
  5568;19091101;19091130;   5;   2;    31.0;   -999;   -999;-999;eor
  5568;19091201;19091231;   5;   2;    88.0;   -999;   -999;-999;eor
  5568;19100101;19100131;   5;   2;    40.0;   -999;   -999;-999;eor
  5568;19100201;19100228;   5;   2;    41.0;   -999;   -999;-999;eor
  5568;19100301;19100331;   5;   2;    13.0;   -999;   -999;-999;eor
  5568;19100401;19100430;   5;   2;    24.0;   -999;   -999;-999;eor
  5568;19100501;19100531;   5;   2;    59.0;   -999;   -999;-999;eor
  5568;19100601;19100630;   5;   2;    66.0;   -999;   -999;-999;eor
  5568;19100701;19100731;   5;   2;    70.0;   -999;   -999;-999;eor
  5568;19100801;19100831;   5;   2;    48.0;   -999;   -999;-999;eor
  5568;19100901;19100930;   5;   2;    34.0;   -999;   -999;-999;eor
  5568;19101001;19101031;   5;   2;     4.0;   -999;   -999;-999;eor
  5568;19101101;19101130;   5;   2;    67.0;   -999;   -999;-999;eor
  5568;19101201;19101231;   5;   2;    34.0;   -999;   -999;-999;eor
  5568;19110101;19110131;   5;   2;    10.0;   -999;   -999;-999;eor
  5568;19110201;19110228;   5;   2;    48.0;   -999;   -999;-999;eor
  5568;19110301;19110331;   5;   2;    35.0;   -999;   -999;-999;eor
  5568;19110401;19110430;   5;   2;    23.0;   -999;   -999;-999;eor
  5568;19110501;19110531;   5;   2;    32.0;   -999;   -999;-999;eor
  5568;19110601;19110630;   5;   2;    17.0;   -999;   -999;-999;eor
  5568;19110701;19110731;   5;   2;    28.0;   -999;   -999;-999;eor
  5568;19110801;19110831;   5;   2;    13.0;   -999;   -999;-999;eor
  5568;19110901;19110930;   5;   2;    18.0;   -999;   -999;-999;eor
  5568;19111001;19111031;   5;   2;    49.0;   -999;   -999;-999;eor
  5568;19111101;19111130;   5;   2;    28.0;   -999;   -999;-999;eor
  5568;19111201;19111231;   5;   2;    71.0;   -999;   -999;-999;eor
  5568;19120101;19120131;   5;   2;    55.0;   -999;   -999;-999;eor
  5568;19120201;19120229;   5;   2;    23.0;   -999;   -999;-999;eor
  5568;19120301;19120331;   5;   2;    50.0;   -999;   -999;-999;eor
  5568;19120401;19120430;   5;   2;    17.0;   -999;   -999;-999;eor
  5568;19120501;19120531;   5;   2;    69.0;   -999;   -999;-999;eor
  5568;19120601;19120630;   5;   2;    56.0;   -999;   -999;-999;eor
  5568;19120701;19120731;   5;   2;    93.0;   -999;   -999;-999;eor
  5568;19120801;19120831;   5;   2;   111.0;   -999;   -999;-999;eor
  5568;19120901;19120930;   5;   2;    56.0;   -999;   -999;-999;eor
  5568;19121001;19121031;   5;   2;    75.0;   -999;   -999;-999;eor
  5568;19121101;19121130;   5;   2;    67.0;   -999;   -999;-999;eor
  5568;19121201;19121231;   5;   2;    54.0;   -999;   -999;-999;eor
  5568;19130101;19130131;   5;   2;    40.0;   -999;   -999;-999;eor
  5568;19130201;19130228;   5;   2;    37.0;   -999;   -999;-999;eor
  5568;19130301;19130331;   5;   2;    45.0;   -999;   -999;-999;eor
  5568;19130401;19130430;   5;   2;    38.0;   -999;   -999;-999;eor
  5568;19130501;19130531;   5;   2;   101.0;   -999;   -999;-999;eor
  5568;19130601;19130630;   5;   2;   120.0;   -999;   -999;-999;eor
  5568;19130701;19130731;   5;   2;    71.0;   -999;   -999;-999;eor
  5568;19130801;19130831;   5;   2;    30.0;   -999;   -999;-999;eor
  5568;19130901;19130930;   5;   2;    59.0;   -999;   -999;-999;eor
  5568;19131001;19131031;   5;   2;    22.0;   -999;   -999;-999;eor
  5568;19131101;19131130;   5;   2;    46.0;   -999;   -999;-999;eor
  5568;19131201;19131231;   5;   2;    78.0;   -999;   -999;-999;eor
  5568;19140101;19140131;   5;   2;    13.0;   -999;   -999;-999;eor
  5568;19140201;19140228;   5;   2;    14.0;   -999;   -999;-999;eor
  5568;19140301;19140331;   5;   2;    77.0;   -999;   -999;-999;eor
  5568;19140401;19140430;   5;   2;    28.0;   -999;   -999;-999;eor
  5568;19140501;19140531;   5;   2;    84.0;   -999;   -999;-999;eor
  5568;19140601;19140630;   5;   2;    72.0;   -999;   -999;-999;eor
  5568;19140701;19140731;   5;   2;   143.0;   -999;   -999;-999;eor
  5568;19140801;19140831;   5;   2;    22.0;   -999;   -999;-999;eor
  5568;19140901;19140930;   5;   2;    61.0;   -999;   -999;-999;eor
  5568;19141001;19141031;   5;   2;    49.0;   -999;   -999;-999;eor
  5568;19141101;19141130;   5;   2;    49.0;   -999;   -999;-999;eor
  5568;19141201;19141231;   5;   2;    70.0;   -999;   -999;-999;eor
  5568;19150101;19150131;   5;   2;    73.0;   -999;   -999;-999;eor
  5568;19150201;19150228;   5;   2;    37.0;   -999;   -999;-999;eor
  5568;19150301;19150331;   5;   2;    51.0;   -999;   -999;-999;eor
  5568;19150401;19150430;   5;   2;    32.0;   -999;   -999;-999;eor
  5568;19150501;19150531;   5;   2;     5.0;   -999;   -999;-999;eor
  5568;19150601;19150630;   5;   2;     8.0;   -999;   -999;-999;eor
  5568;19150701;19150731;   5;   2;    72.0;   -999;   -999;-999;eor
  5568;19150801;19150831;   5;   2;    66.0;   -999;   -999;-999;eor
  5568;19150901;19150930;   5;   2;    27.0;   -999;   -999;-999;eor
  5568;19151001;19151031;   5;   2;    27.0;   -999;   -999;-999;eor
  5568;19151101;19151130;   5;   2;    37.0;   -999;   -999;-999;eor
  5568;19151201;19151231;   5;   2;   100.0;   -999;   -999;-999;eor
  5568;19160101;19160131;   5;   2;    54.0;   -999;   -999;-999;eor
  5568;19160201;19160229;   5;   2;    66.0;   -999;   -999;-999;eor
  5568;19160301;19160331;   5;   2;    62.0;   -999;   -999;-999;eor
  5568;19160401;19160430;   5;   2;    54.0;   -999;   -999;-999;eor
  5568;19160501;19160531;   5;   2;    67.0;   -999;   -999;-999;eor
  5568;19160601;19160630;   5;   2;    49.0;   -999;   -999;-999;eor
  5568;19160701;19160731;   5;   2;    90.0;   -999;   -999;-999;eor
  5568;19160801;19160831;   5;   2;    60.0;   -999;   -999;-999;eor
  5568;19160901;19160930;   5;   2;    38.0;   -999;   -999;-999;eor
  5568;19161001;19161031;   5;   2;    46.0;   -999;   -999;-999;eor
  5568;19161101;19161130;   5;   2;    50.0;   -999;   -999;-999;eor
  5568;19161201;19161231;   5;   2;    80.0;   -999;   -999;-999;eor
  5568;19170101;19170131;   5;   2;    38.0;   -999;   -999;-999;eor
  5568;19170201;19170228;   5;   2;     6.0;   -999;   -999;-999;eor
  5568;19170301;19170331;   5;   2;    38.0;   -999;   -999;-999;eor
  5568;19170401;19170430;   5;   2;    33.0;   -999;   -999;-999;eor
  5568;19170501;19170531;   5;   2;    30.0;   -999;   -999;-999;eor
  5568;19170601;19170630;   5;   2;    23.0;   -999;   -999;-999;eor
  5568;19170701;19170731;   5;   2;    42.0;   -999;   -999;-999;eor
  5568;19170801;19170831;   5;   2;    83.0;   -999;   -999;-999;eor
  5568;19170901;19170930;   5;   2;    10.0;   -999;   -999;-999;eor
  5568;19171001;19171031;   5;   2;   109.0;   -999;   -999;-999;eor
  5568;19171101;19171130;   5;   2;    37.0;   -999;   -999;-999;eor
  5568;19171201;19171231;   5;   2;    29.0;   -999;   -999;-999;eor
  5568;19180101;19180131;   5;   2;    53.0;   -999;   -999;-999;eor
  5568;19180201;19180228;   5;   2;    24.0;   -999;   -999;-999;eor
  5568;19180301;19180331;   5;   2;    15.0;   -999;   -999;-999;eor
  5568;19180401;19180430;   5;   2;    63.0;   -999;   -999;-999;eor
  5568;19180501;19180531;   5;   2;    12.0;   -999;   -999;-999;eor
  5568;19180601;19180630;   5;   2;    37.0;   -999;   -999;-999;eor
  5568;19180701;19180731;   5;   2;    64.0;   -999;   -999;-999;eor
  5568;19180801;19180831;   5;   2;    65.0;   -999;   -999;-999;eor
  5568;19180901;19180930;   5;   2;    76.0;   -999;   -999;-999;eor
  5568;19181001;19181031;   5;   2;    66.0;   -999;   -999;-999;eor
  5568;19181101;19181130;   5;   2;    11.0;   -999;   -999;-999;eor
  5568;19181201;19181231;   5;   2;    60.0;   -999;   -999;-999;eor
  5568;19190101;19190131;   5;   2;    28.0;   -999;   -999;-999;eor
  5568;19190201;19190228;   5;   2;    23.0;   -999;   -999;-999;eor
  5568;19190301;19190331;   5;   2;    31.0;   -999;   -999;-999;eor
  5568;19190401;19190430;   5;   2;    37.0;   -999;   -999;-999;eor
  5568;19190501;19190531;   5;   2;     4.0;   -999;   -999;-999;eor
  5568;19190601;19190630;   5;   2;    23.0;   -999;   -999;-999;eor
  5568;19190701;19190731;   5;   2;    56.0;   -999;   -999;-999;eor
  5568;19190801;19190831;   5;   2;    53.0;   -999;   -999;-999;eor
  5568;19190901;19190930;   5;   2;    36.0;   -999;   -999;-999;eor
  5568;19191001;19191031;   5;   2;    26.0;   -999;   -999;-999;eor
  5568;19191101;19191130;   5;   2;    89.0;   -999;   -999;-999;eor
  5568;19191201;19191231;   5;   2;    99.0;   -999;   -999;-999;eor
  5568;19200101;19200131;   5;   2;   100.0;   -999;   -999;-999;eor
  5568;19200201;19200229;   5;   2;    22.0;   -999;   -999;-999;eor
  5568;19200301;19200331;   5;   2;    23.0;   -999;   -999;-999;eor
  5568;19200401;19200430;   5;   2;    34.0;   -999;   -999;-999;eor
  5568;19200501;19200531;   5;   2;    33.0;   -999;   -999;-999;eor
  5568;19200601;19200630;   5;   2;    11.0;   -999;   -999;-999;eor
  5568;19200701;19200731;   5;   2;    67.0;   -999;   -999;-999;eor
  5568;19200801;19200831;   5;   2;    80.0;   -999;   -999;-999;eor
  5568;19200901;19200930;   5;   2;    54.0;   -999;   -999;-999;eor
  5568;19201001;19201031;   5;   2;    25.0;   -999;   -999;-999;eor
  5568;19201101;19201130;   5;   2;    17.0;   -999;   -999;-999;eor
  5568;19201201;19201231;   5;   2;    43.0;   -999;   -999;-999;eor
  5568;19210101;19210131;   5;   2;    75.0;   -999;   -999;-999;eor
  5568;19210201;19210228;   5;   2;    14.0;   -999;   -999;-999;eor
  5568;19210301;19210331;   5;   2;     4.0;   -999;   -999;-999;eor
  5568;19210401;19210430;   5;   2;    34.0;   -999;   -999;-999;eor
  5568;19210501;19210531;   5;   2;    56.0;   -999;   -999;-999;eor
  5568;19210601;19210630;   5;   2;    26.0;   -999;   -999;-999;eor
  5568;19210701;19210731;   5;   2;    51.0;   -999;   -999;-999;eor
  5568;19210801;19210831;   5;   2;    45.0;   -999;   -999;-999;eor
  5568;19210901;19210930;   5;   2;    20.0;   -999;   -999;-999;eor
  5568;19211001;19211031;   5;   2;    21.0;   -999;   -999;-999;eor
  5568;19211101;19211130;   5;   2;    29.0;   -999;   -999;-999;eor
  5568;19211201;19211231;   5;   2;    47.0;   -999;   -999;-999;eor
  5568;19220101;19220131;   5;   2;    45.0;   -999;   -999;-999;eor
  5568;19220201;19220228;   5;   2;    42.0;   -999;   -999;-999;eor
  5568;19220301;19220331;   5;   2;    44.0;   -999;   -999;-999;eor
  5568;19220401;19220430;   5;   2;    80.0;   -999;   -999;-999;eor
  5568;19220501;19220531;   5;   2;    34.0;   -999;   -999;-999;eor
  5568;19220601;19220630;   5;   2;    27.0;   -999;   -999;-999;eor
  5568;19220701;19220731;   5;   2;    58.0;   -999;   -999;-999;eor
  5568;19220801;19220831;   5;   2;    78.0;   -999;   -999;-999;eor
  5568;19220901;19220930;   5;   2;    57.0;   -999;   -999;-999;eor
  5568;19221001;19221031;   5;   2;    45.0;   -999;   -999;-999;eor
  5568;19221101;19221130;   5;   2;    71.0;   -999;   -999;-999;eor
  5568;19221201;19221231;   5;   2;    61.0;   -999;   -999;-999;eor
  5568;19230101;19230131;   5;   2;    30.0;   -999;   -999;-999;eor
  5568;19230201;19230228;   5;   2;    34.0;   -999;   -999;-999;eor
  5568;19230301;19230331;   5;   2;    53.0;   -999;   -999;-999;eor
  5568;19230401;19230430;   5;   2;    20.0;   -999;   -999;-999;eor
  5568;19230501;19230531;   5;   2;   167.0;   -999;   -999;-999;eor
  5568;19230601;19230630;   5;   2;    63.0;   -999;   -999;-999;eor
  5568;19230701;19230731;   5;   2;    54.0;   -999;   -999;-999;eor
  5568;19230801;19230831;   5;   2;    55.0;   -999;   -999;-999;eor
  5568;19230901;19230930;   5;   2;    64.0;   -999;   -999;-999;eor
  5568;19231001;19231031;   5;   2;   179.0;   -999;   -999;-999;eor
  5568;19231101;19231130;   5;   2;    31.0;   -999;   -999;-999;eor
  5568;19231201;19231231;   5;   2;    68.0;   -999;   -999;-999;eor
  5568;19240101;19240131;   5;   2;    28.0;   -999;   -999;-999;eor
  5568;19240201;19240229;   5;   2;    43.0;   -999;   -999;-999;eor
  5568;19240301;19240331;   5;   2;    24.0;   -999;   -999;-999;eor
  5568;19240401;19240430;   5;   2;    62.0;   -999;   -999;-999;eor
  5568;19240501;19240531;   5;   2;    60.0;   -999;   -999;-999;eor
  5568;19240601;19240630;   5;   2;   110.0;   -999;   -999;-999;eor
  5568;19240701;19240731;   5;   2;    60.0;   -999;   -999;-999;eor
  5568;19240801;19240831;   5;   2;   107.0;   -999;   -999;-999;eor
  5568;19240901;19240930;   5;   2;    88.0;   -999;   -999;-999;eor
  5568;19241001;19241031;   5;   2;    31.0;   -999;   -999;-999;eor
  5568;19241101;19241130;   5;   2;    30.0;   -999;   -999;-999;eor
  5568;19241201;19241231;   5;   2;    15.0;   -999;   -999;-999;eor
  5568;19250101;19250131;   5;   2;    67.0;   -999;   -999;-999;eor
  5568;19250201;19250228;   5;   2;    51.0;   -999;   -999;-999;eor
  5568;19250301;19250331;   5;   2;    59.0;   -999;   -999;-999;eor
  5568;19250401;19250430;   5;   2;    60.0;   -999;   -999;-999;eor
  5568;19250501;19250531;   5;   2;    38.0;   -999;   -999;-999;eor
  5568;19250601;19250630;   5;   2;    24.0;   -999;   -999;-999;eor
  5568;19250701;19250731;   5;   2;    60.0;   -999;   -999;-999;eor
  5568;19250801;19250831;   5;   2;    84.0;   -999;   -999;-999;eor
  5568;19250901;19250930;   5;   2;    78.0;   -999;   -999;-999;eor
  5568;19251001;19251031;   5;   2;    44.0;   -999;   -999;-999;eor
  5568;19251101;19251130;   5;   2;    49.0;   -999;   -999;-999;eor
  5568;19251201;19251231;   5;   2;    98.0;   -999;   -999;-999;eor
  5568;19260101;19260131;   5;   2;    53.0;   -999;   -999;-999;eor
  5568;19260201;19260228;   5;   2;    71.0;   -999;   -999;-999;eor
  5568;19260301;19260331;   5;   2;    50.0;   -999;   -999;-999;eor
  5568;19260401;19260430;   5;   2;    46.0;   -999;   -999;-999;eor
  5568;19260501;19260531;   5;   2;    58.0;   -999;   -999;-999;eor
  5568;19260601;19260630;   5;   2;    69.0;   -999;   -999;-999;eor
  5568;19260701;19260731;   5;   2;    88.0;   -999;   -999;-999;eor
  5568;19260801;19260831;   5;   2;    42.0;   -999;   -999;-999;eor
  5568;19260901;19260930;   5;   2;    25.0;   -999;   -999;-999;eor
  5568;19261001;19261031;   5;   2;   155.0;   -999;   -999;-999;eor
  5568;19261101;19261130;   5;   2;    72.0;   -999;   -999;-999;eor
  5568;19261201;19261231;   5;   2;    29.0;   -999;   -999;-999;eor
  5568;19270101;19270131;   5;   2;    46.0;   -999;   -999;-999;eor
  5568;19270201;19270228;   5;   2;    33.0;   -999;   -999;-999;eor
  5568;19270301;19270331;   5;   2;    53.0;   -999;   -999;-999;eor
  5568;19270401;19270430;   5;   2;    75.0;   -999;   -999;-999;eor
  5568;19270501;19270531;   5;   2;    33.0;   -999;   -999;-999;eor
  5568;19270601;19270630;   5;   2;    54.0;   -999;   -999;-999;eor
  5568;19270701;19270731;   5;   2;    66.0;   -999;   -999;-999;eor
  5568;19270801;19270831;   5;   2;   103.0;   -999;   -999;-999;eor
  5568;19270901;19270930;   5;   2;    64.0;   -999;   -999;-999;eor
  5568;19271001;19271031;   5;   2;    25.0;   -999;   -999;-999;eor
  5568;19271101;19271130;   5;   2;    48.0;   -999;   -999;-999;eor
  5568;19271201;19271231;   5;   2;    43.0;   -999;   -999;-999;eor
  5568;19280101;19280131;   5;   2;    33.0;   -999;   -999;-999;eor
  5568;19280201;19280229;   5;   2;    59.0;   -999;   -999;-999;eor
  5568;19280301;19280331;   5;   2;    23.0;   -999;   -999;-999;eor
  5568;19280401;19280430;   5;   2;    77.0;   -999;   -999;-999;eor
  5568;19280501;19280531;   5;   2;    33.0;   -999;   -999;-999;eor
  5568;19280601;19280630;   5;   2;    31.0;   -999;   -999;-999;eor
  5568;19280701;19280731;   5;   2;    56.0;   -999;   -999;-999;eor
  5568;19280801;19280831;   5;   2;    60.0;   -999;   -999;-999;eor
  5568;19280901;19280930;   5;   2;    28.0;   -999;   -999;-999;eor
  5568;19281001;19281031;   5;   2;    52.0;   -999;   -999;-999;eor
  5568;19281101;19281130;   5;   2;   119.0;   -999;   -999;-999;eor
  5568;19281201;19281231;   5;   2;    36.0;   -999;   -999;-999;eor
  5568;19290101;19290131;   5;   2;    32.0;   -999;   -999;-999;eor
  5568;19290201;19290228;   5;   2;    29.0;   -999;   -999;-999;eor
  5568;19290301;19290331;   5;   2;     5.0;   -999;   -999;-999;eor
  5568;19290401;19290430;   5;   2;    65.0;   -999;   -999;-999;eor
  5568;19290501;19290531;   5;   2;    53.0;   -999;   -999;-999;eor
  5568;19290601;19290630;   5;   2;    42.0;   -999;   -999;-999;eor
  5568;19290701;19290731;   5;   2;    70.0;   -999;   -999;-999;eor
  5568;19290801;19290831;   5;   2;    20.0;   -999;   -999;-999;eor
  5568;19290901;19290930;   5;   2;    56.0;   -999;   -999;-999;eor
  5568;19291001;19291031;   5;   2;    77.0;   -999;   -999;-999;eor
  5568;19291101;19291130;   5;   2;    35.0;   -999;   -999;-999;eor
  5568;19291201;19291231;   5;   2;    87.0;   -999;   -999;-999;eor
  5568;19300101;19300131;   5;   2;    43.0;   -999;   -999;-999;eor
  5568;19300201;19300228;   5;   2;    11.0;   -999;   -999;-999;eor
  5568;19300301;19300331;   5;   2;    33.0;   -999;   -999;-999;eor
  5568;19300401;19300430;   5;   2;    52.0;   -999;   -999;-999;eor
  5568;19300501;19300531;   5;   2;    69.0;   -999;   -999;-999;eor
  5568;19300601;19300630;   5;   2;    66.0;   -999;   -999;-999;eor
  5568;19300701;19300731;   5;   2;    53.0;   -999;   -999;-999;eor
  5568;19300801;19300831;   5;   2;    69.0;   -999;   -999;-999;eor
  5568;19300901;19300930;   5;   2;    54.0;   -999;   -999;-999;eor
  5568;19301001;19301031;   5;   2;    65.0;   -999;   -999;-999;eor
  5568;19301101;19301130;   5;   2;   100.0;   -999;   -999;-999;eor
  5568;19301201;19301231;   5;   2;    23.0;   -999;   -999;-999;eor
  5568;19310101;19310131;   5;   2;   108.0;   -999;   -999;-999;eor
  5568;19310201;19310228;   5;   2;    58.0;   -999;   -999;-999;eor
  5568;19310301;19310331;   5;   2;    22.0;   -999;   -999;-999;eor
  5568;19310401;19310430;   5;   2;    41.0;   -999;   -999;-999;eor
  5568;19310501;19310531;   5;   2;    35.0;   -999;   -999;-999;eor
  5568;19310601;19310630;   5;   2;    61.0;   -999;   -999;-999;eor
  5568;19310701;19310731;   5;   2;    86.0;   -999;   -999;-999;eor
  5568;19310801;19310831;   5;   2;    78.0;   -999;   -999;-999;eor
  5568;19310901;19310930;   5;   2;    58.0;   -999;   -999;-999;eor
  5568;19311001;19311031;   5;   2;    36.0;   -999;   -999;-999;eor
  5568;19311101;19311130;   5;   2;    27.0;   -999;   -999;-999;eor
  5568;19311201;19311231;   5;   2;    53.0;   -999;   -999;-999;eor
  5568;19320101;19320131;   5;   2;    30.0;   -999;   -999;-999;eor
  5568;19320201;19320229;   5;   2;    15.0;   -999;   -999;-999;eor
  5568;19320301;19320331;   5;   2;    18.0;   -999;   -999;-999;eor
  5568;19320401;19320430;   5;   2;    79.0;   -999;   -999;-999;eor
  5568;19320501;19320531;   5;   2;    76.0;   -999;   -999;-999;eor
  5568;19320601;19320630;   5;   2;    50.0;   -999;   -999;-999;eor
  5568;19320701;19320731;   5;   2;    38.0;   -999;   -999;-999;eor
  5568;19320801;19320831;   5;   2;    35.0;   -999;   -999;-999;eor
  5568;19320901;19320930;   5;   2;    99.0;   -999;   -999;-999;eor
  5568;19321001;19321031;   5;   2;   108.0;   -999;   -999;-999;eor
  5568;19321101;19321130;   5;   2;    50.0;   -999;   -999;-999;eor
  5568;19321201;19321231;   5;   2;     3.0;   -999;   -999;-999;eor
  5568;19330101;19330131;   5;   2;     9.0;   -999;   -999;-999;eor
  5568;19330201;19330228;   5;   2;    21.0;   -999;   -999;-999;eor
  5568;19330301;19330331;   5;   2;    31.0;   -999;   -999;-999;eor
  5568;19330401;19330430;   5;   2;    14.0;   -999;   -999;-999;eor
  5568;19330501;19330531;   5;   2;    30.0;   -999;   -999;-999;eor
  5568;19330601;19330630;   5;   2;   169.0;   -999;   -999;-999;eor
  5568;19330701;19330731;   5;   2;    63.0;   -999;   -999;-999;eor
  5568;19330801;19330831;   5;   2;    39.0;   -999;   -999;-999;eor
  5568;19330901;19330930;   5;   2;    27.0;   -999;   -999;-999;eor
  5568;19331001;19331031;   5;   2;    47.0;   -999;   -999;-999;eor
  5568;19331101;19331130;   5;   2;    27.0;   -999;   -999;-999;eor
  5568;19331201;19331231;   5;   2;     8.0;   -999;   -999;-999;eor
  5568;19340101;19340131;   5;   2;    50.0;   -999;   -999;-999;eor
  5568;19340201;19340228;   5;   2;    21.0;   -999;   -999;-999;eor
  5568;19340301;19340331;   5;   2;    38.0;   -999;   -999;-999;eor
  5568;19340401;19340430;   5;   2;    32.0;   -999;   -999;-999;eor
  5568;19340501;19340531;   5;   2;    20.0;   -999;   -999;-999;eor
  5568;19340601;19340630;   5;   2;    37.0;   -999;   -999;-999;eor
  5568;19340701;19340731;   5;   2;    43.0;   -999;   -999;-999;eor
  5568;19340801;19340831;   5;   2;    52.0;   -999;   -999;-999;eor
  5568;19340901;19340930;   5;   2;    28.0;   -999;   -999;-999;eor
  5568;19341001;19341031;   5;   2;    65.0;   -999;   -999;-999;eor
  5568;19341101;19341130;   5;   2;    54.0;   -999;   -999;-999;eor
  5568;19341201;19341231;   5;   2;    29.0;   -999;   -999;-999;eor
  5568;19350101;19350131;   5;   2;    52.0;   -999;   -999;-999;eor
  5568;19350201;19350228;   5;   2;    62.0;   -999;   -999;-999;eor
  5568;19350301;19350331;   5;   2;    24.0;   -999;   -999;-999;eor
  5568;19350401;19350430;   5;   2;    93.0;   -999;   -999;-999;eor
  5568;19350501;19350531;   5;   2;    44.0;   -999;   -999;-999;eor
  5568;19350601;19350630;   5;   2;    91.0;   -999;   -999;-999;eor
  5568;19350701;19350731;   5;   2;    21.0;   -999;   -999;-999;eor
  5568;19350801;19350831;   5;   2;    56.0;   -999;   -999;-999;eor
  5568;19350901;19350930;   5;   2;    78.0;   -999;   -999;-999;eor
  5568;19351001;19351031;   5;   2;    61.0;   -999;   -999;-999;eor
  5568;19351101;19351130;   5;   2;    19.0;   -999;   -999;-999;eor
  5568;19351201;19351231;   5;   2;    70.0;   -999;   -999;-999;eor
  5568;19360101;19360131;   5;   2;    52.0;   -999;   -999;-999;eor
  5568;19360201;19360229;   5;   2;    69.0;   -999;   -999;-999;eor
  5568;19360301;19360331;   5;   2;    10.0;   -999;   -999;-999;eor
  5568;19360401;19360430;   5;   2;    83.0;   -999;   -999;-999;eor
  5568;19360501;19360531;   5;   2;    42.0;   -999;   -999;-999;eor
  5568;19360601;19360630;   5;   2;    58.0;   -999;   -999;-999;eor
  5568;19360701;19360731;   5;   2;   115.0;   -999;   -999;-999;eor
  5568;19360801;19360831;   5;   2;    53.0;   -999;   -999;-999;eor
  5568;19360901;19360930;   5;   2;    71.0;   -999;   -999;-999;eor
  5568;19361001;19361031;   5;   2;    52.0;   -999;   -999;-999;eor
  5568;19361101;19361130;   5;   2;    61.0;   -999;   -999;-999;eor
  5568;19361201;19361231;   5;   2;    71.0;   -999;   -999;-999;eor
  5568;19370101;19370131;   5;   2;    72.0;   -999;   -999;-999;eor
  5568;19370201;19370228;   5;   2;   111.0;   -999;   -999;-999;eor
  5568;19370301;19370331;   5;   2;    58.0;   -999;   -999;-999;eor
  5568;19370401;19370430;   5;   2;    56.0;   -999;   -999;-999;eor
  5568;19370501;19370531;   5;   2;    43.0;   -999;   -999;-999;eor
  5568;19370601;19370630;   5;   2;    80.0;   -999;   -999;-999;eor
  5568;19370701;19370731;   5;   2;    29.0;   -999;   -999;-999;eor
  5568;19370801;19370831;   5;   2;    42.0;   -999;   -999;-999;eor
  5568;19370901;19370930;   5;   2;    27.0;   -999;   -999;-999;eor
  5568;19371001;19371031;   5;   2;    15.0;   -999;   -999;-999;eor
  5568;19371101;19371130;   5;   2;    32.0;   -999;   -999;-999;eor
  5568;19371201;19371231;   5;   2;    35.0;   -999;   -999;-999;eor
  5568;19380101;19380131;   5;   2;   128.0;   -999;   -999;-999;eor
  5568;19380201;19380228;   5;   2;    36.0;   -999;   -999;-999;eor
  5568;19380301;19380331;   5;   2;    18.0;   -999;   -999;-999;eor
  5568;19380401;19380430;   5;   2;    67.0;   -999;   -999;-999;eor
  5568;19380501;19380531;   5;   2;    97.0;   -999;   -999;-999;eor
  5568;19380601;19380630;   5;   2;    29.0;   -999;   -999;-999;eor
  5568;19380701;19380731;   5;   2;    64.0;   -999;   -999;-999;eor
  5568;19380801;19380831;   5;   2;   158.0;   -999;   -999;-999;eor
  5568;19380901;19380930;   5;   2;    46.0;   -999;   -999;-999;eor
  5568;19381001;19381031;   5;   2;    72.0;   -999;   -999;-999;eor
  5568;19381101;19381130;   5;   2;    74.0;   -999;   -999;-999;eor
  5568;19381201;19381231;   5;   2;    39.0;   -999;   -999;-999;eor
  5568;19390101;19390131;   5;   2;    72.0;   -999;   -999;-999;eor
  5568;19390201;19390228;   5;   2;    29.0;   -999;   -999;-999;eor
  5568;19390301;19390331;   5;   2;    59.0;   -999;   -999;-999;eor
  5568;19390401;19390430;   5;   2;    68.0;   -999;   -999;-999;eor
  5568;19390501;19390531;   5;   2;    48.0;   -999;   -999;-999;eor
  5568;19390601;19390630;   5;   2;    67.0;   -999;   -999;-999;eor
  5568;19390701;19390731;   5;   2;    76.0;   -999;   -999;-999;eor
  5568;19390801;19390831;   5;   2;    91.0;   -999;   -999;-999;eor
  5568;19390901;19390930;   5;   2;    43.0;   -999;   -999;-999;eor
  5568;19391001;19391031;   5;   2;   160.0;   -999;   -999;-999;eor
  5568;19391101;19391130;   5;   2;   137.0;   -999;   -999;-999;eor
  5568;19391201;19391231;   5;   2;    25.0;   -999;   -999;-999;eor
  5568;19400101;19400131;   5;   2;    22.0;   -999;   -999;-999;eor
  5568;19400201;19400229;   5;   2;    18.0;   -999;   -999;-999;eor
  5568;19400301;19400331;   5;   2;   109.0;   -999;   -999;-999;eor
  5568;19400401;19400430;   5;   2;    53.0;   -999;   -999;-999;eor
  5568;19400501;19400531;   5;   2;    33.0;   -999;   -999;-999;eor
  5568;19400601;19400630;   5;   2;    52.0;   -999;   -999;-999;eor
  5568;19400701;19400731;   5;   2;    87.0;   -999;   -999;-999;eor
  5568;19400801;19400831;   5;   2;    50.0;   -999;   -999;-999;eor
  5568;19400901;19400930;   5;   2;    91.0;   -999;   -999;-999;eor
  5568;19401001;19401031;   5;   2;    35.0;   -999;   -999;-999;eor
  5568;19401101;19401130;   5;   2;   170.0;   -999;   -999;-999;eor
  5568;19401201;19401231;   5;   2;    60.0;   -999;   -999;-999;eor
  5568;19410101;19410131;   5;   2;    51.0;   -999;   -999;-999;eor
  5568;19410201;19410228;   5;   2;    48.0;   -999;   -999;-999;eor
  5568;19410301;19410331;   5;   2;    55.0;   -999;   -999;-999;eor
  5568;19410401;19410430;   5;   2;    31.0;   -999;   -999;-999;eor
  5568;19410501;19410531;   5;   2;    98.0;   -999;   -999;-999;eor
  5568;19410601;19410630;   5;   2;    54.0;   -999;   -999;-999;eor
  5568;19410701;19410731;   5;   2;    70.0;   -999;   -999;-999;eor
  5568;19410801;19410831;   5;   2;   108.0;   -999;   -999;-999;eor
  5568;19410901;19410930;   5;   2;    29.0;   -999;   -999;-999;eor
  5568;19411001;19411031;   5;   2;    96.0;   -999;   -999;-999;eor
  5568;19411101;19411130;   5;   2;    40.0;   -999;   -999;-999;eor
  5568;19411201;19411231;   5;   2;    69.0;   -999;   -999;-999;eor
  5568;19420101;19420131;   5;   2;    35.0;   -999;   -999;-999;eor
  5568;19420201;19420228;   5;   2;    17.0;   -999;   -999;-999;eor
  5568;19420301;19420331;   5;   2;    56.0;   -999;   -999;-999;eor
  5568;19420401;19420430;   5;   2;    37.0;   -999;   -999;-999;eor
  5568;19420501;19420531;   5;   2;    92.0;   -999;   -999;-999;eor
  5568;19420601;19420630;   5;   2;    87.0;   -999;   -999;-999;eor
  5568;19420701;19420731;   5;   2;    91.0;   -999;   -999;-999;eor
  5568;19420801;19420831;   5;   2;    31.0;   -999;   -999;-999;eor
  5568;19420901;19420930;   5;   2;    81.0;   -999;   -999;-999;eor
  5568;19421001;19421031;   5;   2;    60.0;   -999;   -999;-999;eor
  5568;19421101;19421130;   5;   2;    46.0;   -999;   -999;-999;eor
  5568;19421201;19421231;   5;   2;    43.0;   -999;   -999;-999;eor
  5568;19430101;19430131;   5;   2;    47.0;   -999;   -999;-999;eor
  5568;19430201;19430228;   5;   2;    38.0;   -999;   -999;-999;eor
  5568;19430301;19430331;   5;   2;    37.0;   -999;   -999;-999;eor
  5568;19430401;19430430;   5;   2;    97.0;   -999;   -999;-999;eor
  5568;19430501;19430531;   5;   2;    42.0;   -999;   -999;-999;eor
  5568;19430601;19430630;   5;   2;    56.0;   -999;   -999;-999;eor
  5568;19430701;19430731;   5;   2;    42.0;   -999;   -999;-999;eor
  5568;19430801;19430831;   5;   2;   103.0;   -999;   -999;-999;eor
  5568;19430901;19430930;   5;   2;    61.0;   -999;   -999;-999;eor
  5568;19431001;19431031;   5;   2;    19.0;   -999;   -999;-999;eor
  5568;19431101;19431130;   5;   2;    65.0;   -999;   -999;-999;eor
  5568;19431201;19431231;   5;   2;    33.0;   -999;   -999;-999;eor
  5568;19440101;19440131;   5;   2;    78.0;   -999;   -999;-999;eor
  5568;19440201;19440229;   5;   2;    34.0;   -999;   -999;-999;eor
  5568;19440301;19440331;   5;   2;    54.0;   -999;   -999;-999;eor
  5568;19440401;19440430;   5;   2;    17.0;   -999;   -999;-999;eor
  5568;19440501;19440531;   5;   2;    27.0;   -999;   -999;-999;eor
  5568;19440601;19440630;   5;   2;    72.0;   -999;   -999;-999;eor
  5568;19440701;19440731;   5;   2;   239.0;   -999;   -999;-999;eor
  5568;19440801;19440831;   5;   2;    37.0;   -999;   -999;-999;eor
  5568;19440901;19440930;   5;   2;    56.0;   -999;   -999;-999;eor
  5568;19441001;19441031;   5;   2;    88.0;   -999;   -999;-999;eor
  5568;19441101;19441130;   5;   2;   109.0;   -999;   -999;-999;eor
  5568;19441201;19441231;   5;   2;   109.0;   -999;   -999;-999;eor
  5568;19450101;19450131;   5;   2;    51.0;   -999;   -999;-999;eor
  5568;19450201;19450228;   5;   2;    75.0;   -999;   -999;-999;eor
  5568;19450301;19450331;   5;   2;    20.0;   -999;   -999;-999;eor
  5568;19450401;19450430;   5;   2;    60.0;   -999;   -999;-999;eor
  5568;19450501;19450531;   5;   2;    60.0;   -999;   -999;-999;eor
  5568;19450601;19450630;   5;   2;    50.0;   -999;   -999;-999;eor
  5568;19450701;19450731;   5;   2;    50.0;   -999;   -999;-999;eor
  5568;19450801;19450831;   5;   2;   115.0;   -999;   -999;-999;eor
  5568;19450901;19450930;   5;   2;    20.0;   -999;   -999;-999;eor
  5568;19451001;19451031;   5;   2;    30.0;   -999;   -999;-999;eor
  5568;19451101;19451130;   5;   2;    35.0;   -999;   -999;-999;eor
  5568;19451201;19451231;   5;   2;    50.0;   -999;   -999;-999;eor
  5568;19460101;19460131;   5;   2;    35.0;   -999;   -999;-999;eor
  5568;19460201;19460228;   5;   2;   155.0;   -999;   -999;-999;eor
  5568;19460301;19460331;   5;   2;    30.0;   -999;   -999;-999;eor
  5568;19460401;19460430;   5;   2;    40.0;   -999;   -999;-999;eor
  5568;19460501;19460531;   5;   2;   100.0;   -999;   -999;-999;eor
  5568;19460601;19460630;   5;   2;   105.0;   -999;   -999;-999;eor
  5568;19460701;19460731;   5;   2;    17.0;   -999;   -999;-999;eor
  5568;19460801;19460831;   5;   2;    38.0;   -999;   -999;-999;eor
  5568;19460901;19460930;   5;   2;    72.0;   -999;   -999;-999;eor
  5568;19461001;19461031;   5;   2;    60.0;   -999;   -999;-999;eor
  5568;19461101;19461130;   5;   2;    25.0;   -999;   -999;-999;eor
  5568;19461201;19461231;   5;   2;    16.0;   -999;   -999;-999;eor
  5568;19470101;19470131;   5;   2;    20.3;   -999;     35;    4.8;eor
  5568;19470201;19470228;   5;   2;    47.7;   -999;    583;    8.6;eor
  5568;19470301;19470331;   5;   2;    64.1;   -999;    225;   11.2;eor
  5568;19470401;19470430;   5;   2;    69.4;   -999;      0;   22.4;eor
  5568;19470501;19470531;   5;   2;    36.6;   -999;      0;   14.0;eor
  5568;19470601;19470630;   5;   2;    47.0;   -999;      0;   11.4;eor
  5568;19470701;19470731;   5;   2;   129.2;   -999;      0;   56.6;eor
  5568;19470801;19470831;   5;   2;     6.7;   -999;      0;    4.1;eor
  5568;19470901;19470930;   5;   2;    19.2;   -999;      0;    6.4;eor
  5568;19471001;19471031;   5;   2;    11.1;   -999;      0;    4.1;eor
  5568;19471101;19471130;   5;   2;    75.1;   -999;      9;   10.7;eor
  5568;19471201;19471231;   5;   2;   114.3;   -999;     21;   31.9;eor
  5568;19480101;19480131;   5;   2;   110.6;   -999;     34;   19.2;eor
  5568;19480201;19480229;   5;   2;    42.9;   -999;     16;    9.0;eor
  5568;19480301;19480331;   5;   2;    18.2;   -999;      0;    5.8;eor
  5568;19480401;19480430;   5;   2;    63.3;   -999;      0;   20.2;eor
  5568;19480501;19480531;   5;   2;    62.7;   -999;      0;   13.6;eor
  5568;19480601;19480630;   5;   2;    66.8;   -999;      0;   16.1;eor
  5568;19480701;19480731;   5;   2;   153.8;   -999;      0;   57.5;eor
  5568;19480801;19480831;   5;   2;    48.5;   -999;      0;   12.8;eor
  5568;19480901;19480930;   5;   2;    16.3;   -999;      0;    6.1;eor
  5568;19481001;19481031;   5;   2;    48.2;   -999;      0;    9.7;eor
  5568;19481101;19481130;   5;   2;    33.4;   -999;      0;   11.7;eor
  5568;19481201;19481231;   5;   2;    26.6;   -999;      0;    7.8;eor
  5568;19490101;19490131;   5;   2;    32.7;   -999;     14;    9.2;eor
  5568;19490201;19490228;   5;   2;    34.0;   -999;      2;   10.1;eor
  5568;19490301;19490331;   5;   2;    39.5;   -999;     78;    9.1;eor
  5568;19490401;19490430;   5;   2;    66.2;   -999;      0;   26.1;eor
  5568;19490501;19490531;   5;   2;    88.3;   -999;      0;   20.9;eor
  5568;19490601;19490630;   5;   2;    45.6;   -999;      0;    7.5;eor
  5568;19490701;19490731;   5;   2;    23.8;   -999;      0;    8.7;eor
  5568;19490801;19490831;   5;   2;    49.0;   -999;      0;   14.5;eor
  5568;19490901;19490930;   5;   2;    19.0;   -999;      0;    7.0;eor
  5568;19491001;19491031;   5;   2;    18.3;   -999;      0;    9.7;eor
  5568;19491101;19491130;   5;   2;    51.4;   -999;      0;   12.8;eor
  5568;19491201;19491231;   5;   2;    66.8;   -999;     21;   13.2;eor
  5568;19500101;19500131;   5;   2;    27.8;   -999;      3;    6.3;eor
  5568;19500201;19500228;   5;   2;    93.9;   -999;     25;   13.1;eor
  5568;19500301;19500331;   5;   2;    11.6;   -999;      6;    3.6;eor
  5568;19500401;19500430;   5;   2;    85.7;   -999;      0;   18.3;eor
  5568;19500501;19500531;   5;   2;    76.8;   -999;      0;   13.5;eor
  5568;19500601;19500630;   5;   2;    55.5;   -999;      0;   14.0;eor
  5568;19500701;19500731;   5;   2;   109.7;   -999;      0;   20.6;eor
  5568;19500801;19500831;   5;   2;    53.8;   -999;      0;   15.6;eor
  5568;19500901;19500930;   5;   2;    58.2;   -999;      0;   14.9;eor
  5568;19501001;19501031;   5;   2;    22.1;   -999;      4;    9.8;eor
  5568;19501101;19501130;   5;   2;   113.4;   -999;      2;   22.2;eor
  5568;19501201;19501231;   5;   2;    58.1;   -999;    287;   16.0;eor
  5568;19510101;19510131;   5;   2;    47.7;   -999;    149;    9.2;eor
  5568;19510201;19510228;   5;   2;    60.3;   -999;      7;   15.0;eor
  5568;19510301;19510331;   5;   2;    61.6;   -999;     15;    8.3;eor
  5568;19510401;19510430;   5;   2;    54.5;   -999;      0;   13.7;eor
  5568;19510501;19510531;   5;   2;    69.0;   -999;      0;   42.0;eor
  5568;19510601;19510630;   5;   2;    76.1;   -999;      0;   11.3;eor
  5568;19510701;19510731;   5;   2;    32.7;   -999;      0;    6.5;eor
  5568;19510801;19510831;   5;   2;    99.5;   -999;      0;   30.7;eor
  5568;19510901;19510930;   5;   2;    56.7;   -999;      0;   14.9;eor
  5568;19511001;19511031;   5;   2;    11.1;   -999;      0;    8.9;eor
  5568;19511101;19511130;   5;   2;    81.5;   -999;      0;   33.1;eor
  5568;19511201;19511231;   5;   2;    38.8;   -999;      8;    9.2;eor
  5568;19520101;19520131;   5;   2;    97.0;   -999;    139;   30.5;eor
  5568;19520201;19520229;   5;   2;    37.9;   -999;    226;    8.8;eor
  5568;19520301;19520331;   5;   2;    72.0;   -999;     29;   14.7;eor
  5568;19520401;19520430;   5;   2;     8.9;   -999;      2;    3.3;eor
  5568;19520501;19520531;   5;   2;    32.2;   -999;      0;    5.3;eor
  5568;19520601;19520630;   5;   2;    33.9;   -999;      0;   11.0;eor
  5568;19520701;19520731;   5;   2;    62.4;   -999;      0;   35.7;eor
  5568;19520801;19520831;   5;   2;    65.3;   -999;      0;   14.9;eor
  5568;19520901;19520930;   5;   2;    93.8;   -999;      0;   13.3;eor
  5568;19521001;19521031;   5;   2;    58.6;   -999;      0;   12.2;eor
  5568;19521101;19521130;   5;   2;    94.4;   -999;     21;   23.0;eor
  5568;19521201;19521231;   5;   2;    68.8;   -999;     81;   16.7;eor
  5568;19530101;19530131;   5;   2;    36.1;   -999;    134;   15.0;eor
  5568;19530201;19530228;   5;   2;    31.3;   -999;    267;    9.6;eor
  5568;19530301;19530331;   5;   2;     8.6;   -999;      0;    4.2;eor
  5568;19530401;19530430;   5;   2;    42.7;   -999;      0;   16.9;eor
  5568;19530501;19530531;   5;   2;    37.1;   -999;      0;    8.8;eor
  5568;19530601;19530630;   5;   2;   113.8;   -999;      0;   43.6;eor
  5568;19530701;19530731;   5;   2;    83.6;   -999;      0;   28.6;eor
  5568;19530801;19530831;   5;   2;    33.0;   -999;      0;   13.3;eor
  5568;19530901;19530930;   5;   2;    17.7;   -999;      0;    5.7;eor
  5568;19531001;19531031;   5;   2;    32.4;   -999;      0;   11.8;eor
  5568;19531101;19531130;   5;   2;     2.2;   -999;      0;    0.7;eor
  5568;19531201;19531231;-999;-999;    -999;   -999;   -999;    6.1;eor
  5568;19550101;19550131;   5;   2;    49.9;   -999;     93;   13.0;eor
  5568;19550201;19550228;   5;   2;    53.4;   -999;    297;   12.2;eor
  5568;19550301;19550331;   5;   2;    37.9;   -999;    258;    9.0;eor
  5568;19550401;19550430;   5;   2;    25.6;   -999;      0;    3.8;eor
  5568;19550501;19550531;   5;   2;    80.3;   -999;      0;   11.8;eor
  5568;19550601;19550630;   5;   2;    78.5;   -999;      0;   45.6;eor
  5568;19550701;19550731;   5;   2;    70.2;   -999;      0;   17.9;eor
  5568;19550801;19550831;   5;   2;    61.8;   -999;      0;    8.6;eor
  5568;19550901;19550930;   5;   2;    46.1;   -999;      0;   11.5;eor
  5568;19551001;19551031;   5;   2;    26.3;   -999;      0;    9.5;eor
  5568;19551101;19551130;   5;   2;    16.4;   -999;      0;    3.4;eor
  5568;19551201;19551231;   5;   2;    75.6;   -999;      0;   15.7;eor
  5568;19560101;19560131;   5;   2;    55.8;   -999;     26;    9.7;eor
  5568;19560201;19560229;   5;   2;    20.7;   -999;    288;    6.4;eor
  5568;19560301;19560331;   5;   2;    42.7;   -999;      0;   10.5;eor
  5568;19560401;19560430;   5;   2;    60.3;   -999;      0;   17.1;eor
  5568;19560501;19560531;   5;   2;    15.1;   -999;      0;    5.8;eor
  5568;19560601;19560630;   5;   2;   138.3;   -999;      0;   24.6;eor
  5568;19560701;19560731;   5;   2;   231.8;   -999;      0;   47.2;eor
  5568;19560801;19560831;   5;   2;    83.9;   -999;      0;   11.7;eor
  5568;19560901;19560930;   5;   2;    55.2;   -999;      0;   11.3;eor
  5568;19561001;19561031;   5;   2;    59.7;   -999;      0;   10.9;eor
  5568;19561101;19561130;   5;   2;    32.2;   -999;      0;    7.1;eor
  5568;19561201;19561231;   5;   2;    43.6;   -999;     73;    8.7;eor
  5568;19570101;19570131;   5;   2;    38.7;   -999;      6;    8.4;eor
  5568;19570201;19570228;   5;   2;   101.7;   -999;      7;   29.9;eor
  5568;19570301;19570331;   5;   2;    31.3;   -999;      0;    6.5;eor
  5568;19570401;19570430;   5;   2;    26.6;   -999;      0;    9.7;eor
  5568;19570501;19570531;   5;   2;    32.1;   -999;      3;   12.6;eor
  5568;19570601;19570630;   5;   2;    60.3;   -999;      0;   17.8;eor
  5568;19570701;19570731;   5;   2;    61.3;   -999;      0;   14.4;eor
  5568;19570801;19570831;   5;   2;    65.7;   -999;      0;   13.6;eor
  5568;19570901;19570930;   5;   2;   120.4;   -999;      0;   22.9;eor
  5568;19571001;19571031;   5;   2;    26.8;   -999;      0;   13.5;eor
  5568;19571101;19571130;   5;   2;    39.2;   -999;      0;   12.0;eor
  5568;19571201;19571231;   5;   2;    47.0;   -999;     89;   18.8;eor
  5568;19580101;19580131;   5;   2;    94.0;   -999;     53;   18.2;eor
  5568;19580201;19580228;   5;   2;    91.4;   -999;     51;   12.9;eor
  5568;19580301;19580331;   5;   2;    28.5;   -999;    133;    6.5;eor
  5568;19580401;19580430;   5;   2;    30.4;   -999;      2;   13.3;eor
  5568;19580501;19580531;   5;   2;   114.9;   -999;      0;   18.0;eor
  5568;19580601;19580630;   5;   2;    66.2;   -999;      0;   18.8;eor
  5568;19580701;19580731;   5;   2;    50.0;   -999;      0;   15.6;eor
  5568;19580801;19580831;   5;   2;   109.3;   -999;      0;   35.2;eor
  5568;19580901;19580930;   5;   2;    58.9;   -999;      0;   19.2;eor
  5568;19581001;19581031;   5;   2;    67.1;   -999;      0;   20.5;eor
  5568;19581101;19581130;   5;   2;    27.6;   -999;      0;    5.6;eor
  5568;19581201;19581231;   5;   2;    62.6;   -999;     14;   10.2;eor
  5568;19590101;19590131;   5;   2;    54.5;   -999;    258;   10.3;eor
  5568;19590201;19590228;   5;   2;     8.2;   -999;      2;    3.1;eor
  5568;19590301;19590331;   5;   2;    36.3;   -999;      0;   15.0;eor
  5568;19590401;19590430;   5;   2;    33.2;   -999;      0;    6.8;eor
  5568;19590501;19590531;   5;   2;    58.6;   -999;      0;   21.3;eor
  5568;19590601;19590630;   5;   2;    39.1;   -999;      0;    8.5;eor
  5568;19590701;19590731;   5;   2;    34.0;   -999;      0;    7.5;eor
  5568;19590801;19590831;   5;   2;    18.6;   -999;      0;    8.3;eor
  5568;19590901;19590930;   5;   2;     0.6;   -999;      0;    0.5;eor
  5568;19591001;19591031;   5;   2;    31.9;   -999;      0;   13.1;eor
  5568;19591101;19591130;   5;   2;    36.7;   -999;      0;    8.8;eor
  5568;19591201;19591231;   5;   2;    83.1;   -999;      4;   17.2;eor
  5568;19600101;19600131;   5;   2;    70.2;     30;    108;   11.0;eor
  5568;19600201;19600229;   5;   2;    25.9;      9;     25;    9.2;eor
  5568;19600301;19600331;   5;   2;    27.2;      0;      0;   16.8;eor
  5568;19600401;19600430;   5;   2;    49.6;      0;      0;    8.6;eor
  5568;19600501;19600531;   5;   2;   107.1;      0;      0;   21.6;eor
  5568;19600601;19600630;   5;   2;    22.8;      0;      0;    7.0;eor
  5568;19600701;19600731;   5;   2;   108.8;      0;      0;   43.3;eor
  5568;19600801;19600831;   5;   2;   104.4;      0;      0;   23.6;eor
  5568;19600901;19600930;   5;   2;    42.6;      0;      0;   17.9;eor
  5568;19601001;19601031;   5;   2;    69.8;      0;      0;    9.8;eor
  5568;19601101;19601130;   5;   2;    60.5;      0;      0;    7.8;eor
  5568;19601201;19601231;   5;   2;   111.4;     33;    144;   32.3;eor
  5568;19610101;19610131;   5;   2;    86.5;     11;     54;   15.1;eor
  5568;19610201;19610228;   5;   2;    39.9;      0;      0;   10.9;eor
  5568;19610301;19610331;   5;   2;    24.1;      2;      2;    7.2;eor
  5568;19610401;19610430;   5;   2;   122.3;      0;      0;   46.2;eor
  5568;19610501;19610531;   5;   2;    67.0;      0;      0;   13.2;eor
  5568;19610601;19610630;   5;   2;    70.3;      0;      0;   22.7;eor
  5568;19610701;19610731;   5;   2;    75.1;      0;      0;   15.6;eor
  5568;19610801;19610831;   5;   2;    52.1;      0;      0;    9.1;eor
  5568;19610901;19610930;   5;   2;    32.7;      0;      0;   11.0;eor
  5568;19611001;19611031;   5;   2;    73.3;      0;      0;   13.8;eor
  5568;19611101;19611130;   5;   2;    78.1;      0;      0;   22.4;eor
  5568;19611201;19611231;   5;   2;    77.5;      1;      5;   16.8;eor
  5568;19620101;19620131;   5;   2;    60.2;      2;      5;   10.0;eor
  5568;19620201;19620228;   5;   2;    56.8;     18;     51;   30.3;eor
  5568;19620301;19620331;   5;   2;    41.0;     25;     87;   12.0;eor
  5568;19620401;19620430;   5;   2;    67.3;      0;      0;   10.3;eor
  5568;19620501;19620531;   5;   2;    60.9;      0;      0;    9.1;eor
  5568;19620601;19620630;   5;   2;    14.7;      0;      0;    6.7;eor
  5568;19620701;19620731;   5;   2;    82.0;      0;      0;   25.0;eor
  5568;19620801;19620831;   5;   2;    62.9;      0;      0;   13.0;eor
  5568;19620901;19620930;   5;   2;    47.1;      0;      0;   21.7;eor
  5568;19621001;19621031;   5;   2;    10.5;      0;      0;    8.7;eor
  5568;19621101;19621130;   5;   2;    46.2;     18;     77;   16.2;eor
  5568;19621201;19621231;   5;   2;    83.2;     29;    170;   18.4;eor
  5568;19630101;19630131;   5;   2;    19.4;     21;    877;    7.8;eor
  5568;19630201;19630228;   5;   2;     2.7;      6;    618;    0.5;eor
  5568;19630301;19630331;   5;   2;    40.0;      0;     73;   16.0;eor
  5568;19630401;19630430;   5;   2;    24.0;      0;      0;    7.1;eor
  5568;19630501;19630531;   5;   2;    36.4;      0;      0;   13.3;eor
  5568;19630601;19630630;   5;   2;    93.5;      0;      0;   17.6;eor
  5568;19630701;19630731;   5;   2;    27.3;      0;      0;    9.1;eor
  5568;19630801;19630831;-999;-999;    -999;   -999;   -999;   14.4;eor
  5568;19650201;19650228;   5;   2;    14.5;     10;     12;    7.0;eor
  5568;19650301;19650331;   5;   2;    42.4;      1;     44;    7.3;eor
  5568;19650401;19650430;   5;   2;    69.2;      0;      0;    6.8;eor
  5568;19650501;19650531;   5;   2;    74.1;      0;      0;    7.4;eor
  5568;19650601;19650630;   5;   2;    66.6;      0;      0;   19.6;eor
  5568;19650701;19650731;-999;-999;    -999;   -999;   -999;   65.3;eor
  5568;19651101;19651130;-999;-999;    -999;   -999;   -999;    6.0;eor
  5568;19651201;19651231;-999;-999;    -999;   -999;   -999;   -999;eor
  5568;19660501;19660531;   5;   2;    47.3;      0;      0;   10.7;eor
  5568;19660601;19660630;   5;   2;    57.2;      0;      0;   10.4;eor
  5568;19660701;19660731;   5;   2;   122.3;      0;      0;   37.8;eor
  5568;19660801;19660831;   5;   2;    75.6;      0;      0;   23.2;eor
  5568;19660901;19660930;   5;   2;    22.9;      0;      0;    9.8;eor
  5568;19661001;19661031;   5;   2;    82.4;      0;      0;   34.4;eor
  5568;19661101;19661130;   5;   2;    83.5;     16;     16;   17.8;eor
  5568;19661201;19661231;   5;   2;   145.6;     14;     16;   26.1;eor
  5568;19670101;19670131;   5;   2;    29.7;     14;    112;    6.8;eor
  5568;19670201;19670228;   5;   2;    67.2;      4;      7;   19.5;eor
  5568;19670301;19670331;   5;   2;    75.3;     12;     12;   14.3;eor
  5568;19670401;19670430;   5;   2;    40.8;      0;      0;   12.5;eor
  5568;19670501;19670531;   5;   2;   112.1;      0;      0;   26.2;eor
  5568;19670601;19670630;   5;   2;    42.9;      0;      0;   11.6;eor
  5568;19670701;19670731;   5;   2;    67.0;      0;      0;   26.4;eor
  5568;19670801;19670831;   5;   2;    39.5;      0;      0;   13.8;eor
  5568;19670901;19670930;   5;   2;    63.5;      0;      0;   19.4;eor
  5568;19671001;19671031;   5;   2;    63.6;      0;      0;   15.1;eor
  5568;19671101;19671130;   5;   2;    43.4;      1;      1;   10.3;eor
  5568;19671201;19671231;   5;   2;    62.6;      7;     22;   20.2;eor
  5568;19680101;19680131;   5;   2;    53.1;     28;    153;   10.1;eor
  5568;19680201;19680229;   5;   2;    50.6;     13;     63;   10.9;eor
  5568;19680301;19680331;   5;   2;    61.3;      6;     34;   17.1;eor
  5568;19680401;19680430;   5;   2;    37.8;      0;      0;    7.1;eor
  5568;19680501;19680531;   5;   2;    41.7;      0;      0;   10.5;eor
  5568;19680601;19680630;   5;   2;    84.2;      0;      0;   23.0;eor
  5568;19680701;19680731;   5;   2;    47.7;      0;      0;    8.3;eor
  5568;19680801;19680831;   5;   2;   121.2;      0;      0;   34.5;eor
  5568;19680901;19680930;   5;   2;    73.0;      0;      0;   11.0;eor
  5568;19681001;19681031;   5;   2;    30.0;      0;      0;   10.1;eor
  5568;19681101;19681130;   5;   2;    19.7;      0;      0;    4.5;eor
  5568;19681201;19681231;   5;   2;    22.2;      9;     25;    5.4;eor
  5568;19690101;19690131;   5;   2;    27.5;      1;     11;    5.6;eor
  5568;19690201;19690228;   5;   2;    39.7;     20;    169;    7.6;eor
  5568;19690301;19690331;   5;   2;    55.1;      9;     29;   16.1;eor
  5568;19690401;19690430;   5;   2;    62.2;      2;      2;   10.9;eor
  5568;19690501;19690531;   5;   2;    71.1;      0;      0;   10.8;eor
  5568;19690601;19690630;   5;   2;    45.5;      0;      0;   12.5;eor
  5568;19690701;19690731;   5;   2;    55.7;      0;      0;   24.4;eor
  5568;19690801;19690831;   5;   2;   103.4;      0;      0;   27.6;eor
  5568;19690901;19690930;   5;   2;    24.4;      0;      0;   17.4;eor
  5568;19691001;19691031;   5;   2;    14.0;      0;      0;    8.4;eor
  5568;19691101;19691130;   5;   2;   111.5;      5;     17;   14.7;eor
  5568;19691201;19691231;   5;   2;    25.5;     19;    210;    7.1;eor
  5568;19700101;19700131;   5;   2;    37.5;     17;    569;    7.0;eor
  5568;19700201;19700228;   5;   2;    92.1;     19;    167;   15.6;eor
  5568;19700301;19700331;   5;   2;    53.0;     26;    130;   12.1;eor
  5568;19700401;19700430;   5;   2;    59.7;     10;     10;   11.0;eor
  5568;19700501;19700531;   5;   2;    45.1;      0;      0;    8.2;eor
  5568;19700601;19700630;   5;   2;    74.3;      0;      0;   24.5;eor
  5568;19700701;19700731;   5;   2;    82.7;      0;      0;   13.6;eor
  5568;19700801;19700831;   5;   2;    77.9;      0;      0;   22.2;eor
  5568;19700901;19700930;   5;   2;    70.7;      0;      0;   31.3;eor
  5568;19701001;19701031;   5;   2;    63.2;      0;      0;   10.9;eor
  5568;19701101;19701130;   5;   2;    46.4;      0;      0;    6.3;eor
  5568;19701201;19701231;   5;   2;    38.3;   -999;   -999;    8.9;eor
  5568;19710101;19710131;   5;   2;    49.6;      2;    290;   16.3;eor
  5568;19710201;19710228;   5;   2;    17.7;      2;      3;    3.2;eor
  5568;19710301;19710331;   5;   2;    14.3;      0;      0;    6.9;eor
  5568;19710401;19710430;   5;   2;    78.6;      4;      4;   46.7;eor
  5568;19710501;19710531;   5;   2;    83.5;      0;      0;   29.2;eor
  5568;19710601;19710630;   5;   2;    73.2;      0;      0;   15.4;eor
  5568;19710701;19710731;   5;   2;    28.9;      0;      0;   13.1;eor
  5568;19710801;19710831;   5;   2;    33.0;      0;      0;    7.4;eor
  5568;19710901;19710930;   5;   2;    19.7;      0;      0;   10.1;eor
  5568;19711001;19711031;   5;   2;    35.9;      0;      0;   15.0;eor
  5568;19711101;19711130;   5;   2;    87.5;      7;     30;   46.6;eor
  5568;19711201;19711231;   5;   2;    13.3;      0;      0;    7.2;eor
  5568;19720101;19720131;   5;   2;     8.1;      5;     15;    2.3;eor
  5568;19720201;19720229;   5;   2;    12.4;      0;      8;    6.5;eor
  5568;19720301;19720331;   5;   2;    70.8;      4;     10;   27.7;eor
  5568;19720401;19720430;   5;   2;    75.9;      0;      0;   15.5;eor
  5568;19720501;19720531;   5;   2;   101.5;      0;      0;   17.3;eor
  5568;19720601;19720630;   5;   2;   113.8;      0;      0;   21.1;eor
  5568;19720701;19720731;   5;   2;    63.9;      0;      0;   31.3;eor
  5568;19720801;19720831;   5;   2;    92.3;      0;      0;   27.0;eor
  5568;19720901;19720930;   5;   2;    37.2;      0;      0;   15.8;eor
  5568;19721001;19721031;   5;   2;    12.8;      0;      0;    5.1;eor
  5568;19721101;19721130;   5;   2;    60.5;      7;     13;   13.5;eor
  5568;19721201;19721231;   5;   2;    11.2;      0;      0;    6.1;eor
  5568;19730101;19730131;   5;   2;    19.0;      3;      4;    6.9;eor
  5568;19730201;19730228;   5;   2;    45.2;     27;     91;   12.8;eor
  5568;19730301;19730331;   5;   2;     8.2;      0;     24;    2.2;eor
  5568;19730401;19730430;   5;   2;    69.4;      7;      7;   16.2;eor
  5568;19730501;19730531;   5;   2;    42.2;      0;      0;   11.6;eor
  5568;19730601;19730630;   5;   2;    23.4;      0;      0;   10.1;eor
  5568;19730701;19730731;   5;   2;    35.2;      0;      0;   10.6;eor
  5568;19730801;19730831;   5;   2;    21.2;      0;      0;   14.1;eor
  5568;19730901;19730930;   5;   2;    29.0;      0;      0;    9.4;eor
  5568;19731001;19731031;   5;   2;    80.8;      0;      0;   21.8;eor
  5568;19731101;19731130;   5;   2;    50.6;     14;     40;   14.2;eor
  5568;19731201;19731231;   5;   2;    49.6;     17;    150;   13.8;eor
  5568;19740101;19740131;   5;   2;    35.9;      0;      0;    7.3;eor
  5568;19740201;19740228;   5;   2;    45.3;      2;      3;   12.8;eor
  5568;19740301;19740331;   5;   2;    45.6;      0;      0;   14.8;eor
  5568;19740401;19740430;   5;   2;    10.0;      0;      0;    6.7;eor
  5568;19740501;19740531;   5;   2;    50.7;      0;      0;    7.8;eor
  5568;19740901;19740930;   5;   2;    44.9;      0;      0;    8.0;eor
  5568;19741001;19741031;   5;   2;   110.5;      0;      0;   17.9;eor
  5568;19741101;19741130;   5;   2;    48.3;      2;      2;    8.9;eor
  5568;19741201;19741231;   5;   2;    88.1;      6;     18;   18.7;eor
  5568;19750101;19750131;   5;   2;    40.2;      1;      1;    8.7;eor
  5568;19750201;19750228;   5;   2;    15.5;      6;     22;   12.7;eor
  5568;19750301;19750331;   5;   2;    62.3;      1;      1;   15.0;eor
  5568;19750401;19750430;   5;   2;    51.9;      9;     12;   15.0;eor
  5568;19750501;19750531;   5;   2;    44.3;      0;      0;   19.9;eor
  5568;19750601;19750630;   5;   2;    66.8;      0;      0;   16.1;eor
  5568;19750701;19750731;   5;   2;    31.7;      0;      0;   10.8;eor
  5568;19750801;19750831;   5;   2;    37.0;      0;      0;   14.0;eor
  5568;19750901;19750930;   5;   2;    83.1;      0;      0;   24.5;eor
  5568;19751001;19751031;   5;   2;    34.1;      0;      0;    9.7;eor
  5568;19751101;19751130;   5;   2;    69.5;     16;     36;   13.9;eor
  5568;19751201;19751231;   5;   2;    19.9;      0;      0;   11.6;eor
  5568;19760101;19760131;   5;   2;   106.7;      9;     41;   15.5;eor
  5568;19760301;19760331;   5;   2;    16.8;      2;      3;    4.8;eor
  5568;19760401;19760430;   5;   2;     8.2;      0;      0;    2.3;eor
  5568;19760501;19760531;   5;   2;    28.6;      0;      0;    5.7;eor
  5568;19760601;19760630;   5;   2;    14.8;      0;      0;   10.9;eor
  5568;19760701;19760731;   5;   2;    34.4;      0;      0;   14.5;eor
  5568;19760801;19760831;   5;   2;    19.5;      0;      0;    9.2;eor
  5568;19760901;19760930;   5;   2;    51.1;      0;      0;   20.8;eor
  5568;19761001;19761031;   5;   2;    30.4;      0;      0;    9.9;eor
  5568;19761101;19761130;   5;   2;    64.7;      3;      6;   21.6;eor
  5568;19761201;19761231;   5;   2;    24.5;      6;     39;    7.5;eor
  5568;19770101;19770131;   5;   2;    40.1;     17;    133;    5.9;eor
  5568;19770201;19770228;   5;   2;    71.6;      2;      2;   23.6;eor
  5568;19770301;19770331;   5;   2;    21.1;      1;      1;    5.1;eor
  5568;19770401;19770430;   5;   2;    45.0;      2;      2;   11.1;eor
  5568;19770501;19770531;   5;   2;    36.8;      0;      0;   10.4;eor
  5568;19770601;19770630;   5;   2;   113.7;      0;      0;   23.0;eor
  5568;19770701;19770731;   5;   2;    36.9;      0;      0;   11.9;eor
  5568;19770801;19770831;   5;   2;    72.3;      0;      0;   18.5;eor
  5568;19770901;19770930;   5;   2;    13.5;      0;      0;   10.5;eor
  5568;19771001;19771031;   5;   2;    44.1;      0;      0;   19.3;eor
  5568;19771101;19771130;   5;   2;    84.7;      1;      3;   13.9;eor
  5568;19771201;19771231;   5;   2;    48.3;      3;      3;   12.9;eor
  5568;19780101;19780131;   5;   2;    18.8;      5;     12;    3.4;eor
  5568;19780201;19780228;   5;   2;    19.3;     14;    240;    5.2;eor
  5568;19780301;19780331;   5;   2;    65.9;      2;      2;   12.0;eor
  5568;19780401;19780430;   5;   2;    13.3;      0;      0;    6.9;eor
  5568;19780501;19780531;   5;   2;    83.0;      0;      0;   17.5;eor
  5568;19780601;19780630;   5;   2;    48.1;      0;      0;   11.4;eor
  5568;19780701;19780731;   5;   2;    35.8;      0;      0;    8.1;eor
  5568;19780801;19780831;   5;   2;    28.0;      0;      0;   10.0;eor
  5568;19780901;19780930;   5;   2;    60.6;      0;      0;   22.4;eor
  5568;19781001;19781031;   5;   2;    11.2;      0;      0;    5.6;eor
  5568;19781101;19781130;   5;   2;     3.0;      2;      6;    1.8;eor
  5568;19781201;19781231;   5;   2;    93.0;     16;     47;   15.1;eor
  5568;19790101;19790131;   5;   2;    39.8;     21;    665;    8.8;eor
  5568;19790201;19790228;   5;   2;    30.0;      9;    679;    8.8;eor
  5568;19790301;19790331;   5;   2;    69.9;      2;     69;   16.7;eor
  5568;19790401;19790430;   5;   2;    57.7;      0;      0;   11.2;eor
  5568;19790501;19790531;   5;   2;    52.7;      3;      3;   11.1;eor
  5568;19790601;19790630;   5;   2;   122.9;      0;      0;   70.3;eor
  5568;19790701;19790731;   5;   2;    31.5;      0;      0;   13.1;eor
  5568;19790801;19790831;   5;   2;    70.5;      0;      0;   17.2;eor
  5568;19790901;19790930;   5;   2;    23.2;      0;      0;   10.2;eor
  5568;19791001;19791031;   5;   2;     9.2;      0;      0;    4.2;eor
  5568;19791101;19791130;   5;   2;    66.6;      0;      0;   25.5;eor
  5568;19791201;19791231;   5;   2;    87.8;      2;      2;   23.8;eor
  5568;19800101;19800131;   5;   2;    24.0;     11;     53;    4.8;eor
  5568;19800201;19800229;   5;   2;    45.9;      4;      4;    9.8;eor
  5568;19800301;19800331;   5;   2;    37.7;     10;     26;    5.8;eor
  5568;19800401;19800430;   5;   2;    47.3;      3;      3;   10.1;eor
  5568;19800501;19800531;   5;   2;    51.6;      0;      0;   23.3;eor
  5568;19800601;19800630;   5;   2;    82.4;      0;      0;   13.5;eor
  5568;19800701;19800731;   5;   2;   102.0;      0;      0;   16.0;eor
  5568;19800801;19800831;   5;   2;    54.2;      0;      0;   11.5;eor
  5568;19800901;19800930;   5;   2;    27.9;      0;      0;    8.6;eor
  5568;19801001;19801031;   5;   2;    34.1;      0;      0;   17.1;eor
  5568;19801101;19801130;   5;   2;    47.7;     20;     88;   12.0;eor
  5568;19801201;19801231;   5;   2;    39.8;     16;    146;   11.3;eor
  5568;19810101;19810131;  10;   2;    56.6;     33;    390;   12.1;eor
  5568;19810201;19810228;  10;   2;    17.0;     12;    166;    6.0;eor
  5568;19810301;19810331;  10;   2;    63.0;      4;     12;   16.8;eor
  5568;19810401;19810430;  10;   2;    33.7;      0;      0;   10.3;eor
  5568;19810501;19810531;  10;   2;    90.9;      0;      0;   24.9;eor
  5568;19810601;19810630;  10;   2;   146.8;      0;      0;   23.3;eor
  5568;19810701;19810731;  10;   2;    45.0;      0;      0;   13.6;eor
  5568;19810801;19810831;  10;   2;    75.3;      0;      0;   55.5;eor
  5568;19810901;19810930;  10;   2;    61.0;      0;      0;   23.7;eor
  5568;19811001;19811031;  10;   2;    63.1;      0;      0;   11.2;eor
  5568;19811101;19811130;  10;   2;    56.7;      5;      6;   11.0;eor
  5568;19811201;19811231;  10;   2;    71.3;     43;    474;   10.1;eor
  5568;19820101;19820131;  10;   2;    50.5;     14;    199;   14.0;eor
  5568;19820201;19820228;  10;   2;    10.1;      2;      4;    4.9;eor
  5568;19820301;19820331;  10;   2;    43.8;      3;      3;   12.0;eor
  5568;19820401;19820430;  10;   2;    31.6;      3;      3;   10.4;eor
  5568;19820501;19820531;  10;   2;    60.0;      0;      0;   19.3;eor
  5568;19820601;19820630;  10;   2;    45.1;      0;      0;   12.5;eor
  5568;19820701;19820731;  10;   2;    22.3;      0;      0;   15.8;eor
  5568;19820801;19820831;  10;   2;    32.3;      0;      0;   15.0;eor
  5568;19820901;19820930;  10;   2;    10.3;      0;      0;    3.8;eor
  5568;19821001;19821031;  10;   2;    74.9;      0;      0;   18.4;eor
  5568;19821101;19821130;  10;   2;    28.0;      0;      0;    5.0;eor
  5568;19821201;19821231;  10;   2;    81.7;     13;     30;   24.2;eor
  5568;19830101;19830131;  10;   2;    59.9;     13;     18;   14.6;eor
  5568;19830201;19830228;  10;   2;    26.5;     18;    287;    4.8;eor
  5568;19830301;19830331;  10;   2;    32.7;      5;      5;    8.1;eor
  5568;19830401;19830430;  10;   2;    81.1;      0;      0;   13.8;eor
  5568;19830501;19830531;  10;   2;    89.2;      0;      0;   24.0;eor
  5568;19830601;19830630;  10;   2;    39.5;      0;      0;   21.9;eor
  5568;19830701;19830731;  10;   2;    18.4;      0;      0;   10.9;eor
  5568;19830801;19830831;  10;   2;    44.2;      0;      0;   17.1;eor
  5568;19830901;19830930;  10;   2;    38.0;      0;      0;    9.0;eor
  5568;19831001;19831031;  10;   2;    16.8;      0;      0;    6.6;eor
  5568;19831101;19831130;  10;   2;    31.9;      0;      0;   14.2;eor
  5568;19831201;19831231;  10;   2;    40.4;      3;     27;    8.2;eor
  5568;19840101;19840131;  10;   2;    95.3;     45;    244;   16.9;eor
  5568;19840201;19840229;  10;   2;    54.2;      4;     17;   32.0;eor
  5568;19840301;19840331;  10;   2;    14.2;      1;      2;    6.0;eor
  5568;19840401;19840430;  10;   2;    39.2;     18;     76;   14.9;eor
  5568;19840501;19840531;  10;   2;   159.0;      0;      0;   21.6;eor
  5568;19840601;19840630;  10;   2;    23.0;      0;      0;    9.4;eor
  5568;19840701;19840731;  10;   2;    58.0;      0;      0;   13.4;eor
  5568;19840801;19840831;  10;   2;    51.8;      0;      0;   13.2;eor
  5568;19840901;19840930;  10;   2;   123.2;      0;      0;   26.0;eor
  5568;19841001;19841031;  10;   2;    58.7;      0;      0;    8.2;eor
  5568;19841101;19841130;  10;   2;    67.6;      1;      1;   39.9;eor
  5568;19841201;19841231;  10;   2;    28.1;      1;      2;    8.9;eor
  5568;19850101;19850131;  10;   2;    39.4;     26;    382;    7.8;eor
  5568;19850201;19850228;  10;   2;     8.6;     12;    171;    6.8;eor
  5568;19850301;19850331;  10;   2;    42.5;     14;     48;    7.4;eor
  5568;19850401;19850430;  10;   2;    44.2;      1;      1;    7.3;eor
  5568;19850501;19850531;  10;   2;    51.9;      0;      0;    9.2;eor
  5568;19850601;19850630;  10;   2;   100.7;      0;      0;   27.1;eor
  5568;19850701;19850731;  10;   2;    72.8;      0;      0;   20.3;eor
  5568;19850801;19850831;  10;   2;    45.6;      0;      0;   10.7;eor
  5568;19850901;19850930;  10;   2;    35.2;      0;      0;   15.9;eor
  5568;19851001;19851031;  10;   2;    21.0;      0;      0;   12.5;eor
  5568;19851101;19851130;  10;   2;    62.0;     29;    180;   23.4;eor
  5568;19851201;19851231;  10;   2;    44.4;      7;     48;    9.7;eor
  5568;19860101;19860131;  10;   2;    82.6;     32;    144;    9.1;eor
  5568;19860201;19860228;  10;   2;    10.2;     27;    407;    2.7;eor
  5568;19860301;19860331;  10;   2;    75.3;      4;     96;   17.2;eor
  5568;19860401;19860430;  10;   2;    39.5;      9;     11;    9.8;eor
  5568;19860501;19860531;  10;   2;    51.5;      0;      0;    9.1;eor
  5568;19860601;19860630;  10;   2;    48.3;      0;      0;   14.1;eor
  5568;19860701;19860731;  10;   2;    46.9;      0;      0;   23.9;eor
  5568;19860801;19860831;  10;   2;    40.1;      0;      0;   10.4;eor
  5568;19860901;19860930;  10;   2;    83.0;      0;      0;   55.8;eor
  5568;19861001;19861031;  10;   2;    74.7;      0;      0;   20.6;eor
  5568;19861101;19861130;  10;   2;    21.0;      0;      0;    6.0;eor
  5568;19861201;19861231;  10;   2;    56.1;     14;     42;   10.9;eor
  5568;19870101;19870131;  10;   2;    59.3;     37;    497;   17.0;eor
  5568;19870201;19870228;  10;   2;    40.2;     15;    286;   11.6;eor
  5568;19870301;19870331;  10;   2;    66.9;     19;     77;   12.5;eor
  5568;19870401;19870430;  10;   2;    19.5;      0;      0;    9.2;eor
  5568;19870501;19870531;  10;   2;    76.1;      0;      0;   14.2;eor
  5568;19870601;19870630;  10;   2;   138.5;      0;      0;   31.2;eor
  5568;19870701;19870731;  10;   2;    36.3;      0;      0;    7.0;eor
  5568;19870801;19870831;  10;   2;    62.5;      0;      0;   26.6;eor
  5568;19870901;19870930;  10;   2;    54.1;      0;      0;   18.5;eor
  5568;19871001;19871031;  10;   2;    63.3;      0;      0;   11.8;eor
  5568;19871101;19871130;  10;   2;    54.0;      1;      1;    9.2;eor
  5568;19871201;19871231;  10;   2;    35.3;      0;      0;   19.6;eor
  5568;19880101;19880131;  10;   2;    78.0;      3;      6;    7.8;eor
  5568;19880201;19880229;  10;   2;    82.6;     29;    117;   15.0;eor
  5568;19880301;19880331;  10;   2;    97.2;     19;    149;   12.9;eor
  5568;19880401;19880430;  10;   2;    21.9;      0;      0;    7.2;eor
  5568;19880501;19880531;  10;   2;    23.4;      0;      0;   12.6;eor
  5568;19880601;19880630;  10;   2;    14.9;      0;      0;    5.2;eor
  5568;19880701;19880731;  10;   2;    52.4;      0;      0;    8.8;eor
  5568;19880801;19880831;  10;   2;    49.3;      0;      0;   34.2;eor
  5568;19880901;19880930;  10;   2;    52.3;      0;      0;   10.8;eor
  5568;19881001;19881031;  10;   2;    41.6;      0;      0;   12.4;eor
  5568;19881101;19881130;  10;   2;    48.9;     11;     22;   25.1;eor
  5568;19881201;19881231;  10;   2;    73.9;      5;      6;   13.9;eor
  5568;19890101;19890131;  10;   2;    19.0;   -999;   -999;    7.0;eor
  5568;19890201;19890228;  10;   2;    35.1;   -999;   -999;    6.6;eor
  5568;19890301;19890331;  10;   2;    48.5;   -999;   -999;   10.1;eor
  5568;19890401;19890430;  10;   2;    62.8;   -999;   -999;   15.6;eor
  5568;19890501;19890531;  10;   2;    24.1;   -999;   -999;   16.3;eor
  5568;19890601;19890630;  10;   2;    50.8;   -999;   -999;   10.9;eor
  5568;19890701;19890731;  10;   2;    46.1;   -999;   -999;   13.3;eor
  5568;19890801;19890831;  10;   2;    39.0;   -999;   -999;   10.8;eor
  5568;19890901;19890930;  10;   2;    86.5;   -999;   -999;   20.2;eor
  5568;19891001;19891031;  10;   2;    49.6;   -999;   -999;    9.4;eor
  5568;19891101;19891130;  10;   2;    37.9;   -999;   -999;   16.6;eor
  5568;19891201;19891231;  10;   2;    81.9;   -999;   -999;   15.1;eor
  5568;19900101;19900131;  10;   2;    61.7;      3;     10;   25.3;eor
  5568;19900201;19900228;  10;   2;   107.7;      6;      7;   19.3;eor
  5568;19900301;19900331;  10;   2;    24.2;      4;      7;    5.6;eor
  5568;19900401;19900430;  10;   2;    27.4;      0;      0;    5.8;eor
  5568;19900501;19900531;  10;   2;    29.8;      0;      0;   21.8;eor
  5568;19900601;19900630;  10;   2;    62.9;      0;      0;   15.1;eor
  5568;19900701;19900731;  10;   2;    30.3;      0;      0;   11.8;eor
  5568;19900801;19900831;  10;   2;    52.9;      0;      0;   19.3;eor
  5568;19900901;19900930;  10;   2;    69.9;      0;      0;   19.3;eor
  5568;19901001;19901031;  10;   2;    49.4;      0;      0;   26.5;eor
  5568;19901101;19901130;  10;   2;    64.2;      5;      8;   10.6;eor
  5568;19901201;19901231;  10;   2;    67.2;     15;    102;   14.2;eor
  5568;19910101;19910131;  10;   2;    52.1;   -999;   -999;   12.5;eor
  5568;19910201;19910228;  10;   2;    14.8;   -999;   -999;    4.0;eor
  5568;19910301;19910331;  10;   2;    32.2;   -999;   -999;   21.8;eor
  5568;19910401;19910430;  10;   2;    29.4;   -999;   -999;   13.4;eor
  5568;19910501;19910531;  10;   2;    22.2;   -999;   -999;    4.4;eor
  5568;19910601;19910630;  10;   2;    72.2;   -999;   -999;   29.7;eor
  5568;19910701;19910731;  10;   2;    20.2;   -999;   -999;    7.6;eor
  5568;19910801;19910831;  10;   2;    22.8;   -999;   -999;    9.3;eor
  5568;19910901;19910930;  10;   2;    55.1;   -999;   -999;   19.5;eor
  5568;19911001;19911031;  10;   2;    38.7;   -999;   -999;    9.0;eor
  5568;19911101;19911130;  10;   2;    83.8;   -999;   -999;   13.7;eor
  5568;19911201;19911231;  10;   2;    66.0;   -999;   -999;   18.2;eor
  5568;19920101;19920131;  10;   2;    23.0;   -999;   -999;    5.3;eor
  5568;19920201;19920229;  10;   2;    17.3;   -999;   -999;    3.6;eor
  5568;19920301;19920331;  10;   2;    71.9;   -999;   -999;   14.6;eor
  5568;19920401;19920430;  10;   2;    32.7;   -999;   -999;   11.8;eor
  5568;19920501;19920531;  10;   2;    31.9;   -999;   -999;   14.0;eor
  5568;19920601;19920630;  10;   2;   140.0;   -999;   -999;   34.0;eor
  5568;19920701;19920731;  10;   2;   127.3;   -999;   -999;   43.5;eor
  5568;19920801;19920831;  10;   2;    57.1;   -999;   -999;    9.0;eor
  5568;19920901;19920930;  10;   2;    31.7;   -999;   -999;   13.3;eor
  5568;19921001;19921031;  10;   2;    72.9;   -999;   -999;   18.2;eor
  5568;19921101;19921130;  10;   2;    91.9;   -999;   -999;   17.6;eor
  5568;19921201;19921231;  10;   2;    58.3;   -999;   -999;   12.8;eor
  5568;19930101;19930131;  10;   2;   116.2;   -999;   -999;   32.0;eor
  5568;19930201;19930228;  10;   2;    14.0;   -999;   -999;    4.3;eor
  5568;19930301;19930331;  10;   2;     4.4;   -999;   -999;    3.0;eor
  5568;19930401;19930430;  10;   2;    36.3;   -999;   -999;   12.1;eor
  5568;19930501;19930531;  10;   2;    65.0;   -999;   -999;   17.8;eor
  5568;19930601;19930630;  10;   2;    33.1;   -999;   -999;    8.9;eor
  5568;19930701;19930731;  10;   2;   106.5;   -999;   -999;   26.2;eor
  5568;19930801;19930831;  10;   2;    26.2;   -999;   -999;    6.5;eor
  5568;19930901;19930930;  10;   2;   114.9;   -999;   -999;   23.2;eor
  5568;19931001;19931031;  10;   2;    75.6;   -999;   -999;   26.7;eor
  5568;19931101;19931130;  10;   2;    21.4;   -999;   -999;    7.5;eor
  5568;19931201;19931231;  10;   2;   155.6;   -999;   -999;   23.9;eor
  5568;19940101;19940131;  10;   2;   109.9;   -999;   -999;   15.0;eor
  5568;19940201;19940228;  10;   2;    22.3;   -999;   -999;    5.0;eor
  5568;19940301;19940331;  10;   2;    85.9;   -999;   -999;   18.0;eor
  5568;19940401;19940430;  10;   2;    65.1;   -999;   -999;   20.0;eor
  5568;19940501;19940531;  10;   2;    80.1;   -999;   -999;   20.2;eor
  5568;19940601;19940630;  10;   2;    49.3;   -999;   -999;   15.7;eor
  5568;19940701;19940731;  10;   2;    47.3;   -999;   -999;   20.5;eor
  5568;19940801;19940831;  10;   2;    58.2;   -999;   -999;   11.8;eor
  5568;19940901;19940930;  10;   2;   106.5;   -999;   -999;   38.1;eor
  5568;19941001;19941031;  10;   2;    64.4;   -999;   -999;   11.9;eor
  5568;19941101;19941130;  10;   2;    42.3;   -999;   -999;    8.7;eor
  5568;19941201;19941231;  10;   2;    72.8;   -999;   -999;   17.2;eor
  5568;19950101;19950131;-999;-999;    -999;   -999;   -999;   33.0;eor
  5568;19950201;19950228;-999;-999;    -999;   -999;   -999;   12.4;eor
  5568;19950301;19950331;-999;-999;    -999;   -999;   -999;   14.2;eor
  5568;19950401;19950430;-999;-999;    -999;   -999;   -999;   13.2;eor
  5568;19950501;19950531;-999;-999;    -999;   -999;   -999;   34.1;eor
  5568;19950601;19950630;-999;-999;    -999;   -999;   -999;    9.5;eor
  5568;19950901;19950930;-999;-999;    -999;   -999;   -999;   12.9;eor
  5568;19951001;19951031;-999;-999;    -999;   -999;   -999;    5.6;eor
  5568;19951101;19951130;-999;-999;    -999;   -999;   -999;    6.1;eor
  5568;19951201;19951231;-999;-999;    -999;   -999;   -999;   10.6;eor
  5568;19960101;19960131;  10;   2;    12.9;   -999;   -999;    6.3;eor
  5568;19960201;19960229;  10;   2;    51.5;   -999;   -999;   12.6;eor
  5568;19960301;19960331;  10;   2;     9.9;   -999;   -999;    2.7;eor
  5568;19960401;19960430;  10;   2;    10.8;   -999;   -999;    2.9;eor
  5568;19960501;19960531;  10;   2;    64.4;   -999;   -999;   10.3;eor
  5568;19960601;19960630;  10;   2;    45.1;   -999;   -999;   11.5;eor
  5568;19960701;19960731;  10;   2;    60.1;   -999;   -999;   11.9;eor
  5568;19960801;19960831;  10;   2;    72.9;   -999;   -999;   22.0;eor
  5568;19960901;19960930;  10;   2;    31.2;   -999;   -999;    9.4;eor
  5568;19961001;19961031;  10;   2;    82.3;   -999;   -999;   21.1;eor
  5568;19961101;19961130;  10;   2;    76.4;   -999;   -999;   20.2;eor
  5568;19961201;19961231;  10;   2;    28.2;   -999;   -999;    6.2;eor
  5568;19970101;19970131;  10;   2;     2.3;   -999;   -999;    0.9;eor
  5568;19970201;19970228;  10;   2;   108.4;   -999;   -999;   30.7;eor
  5568;19970301;19970331;  10;   2;    37.8;   -999;   -999;   10.3;eor
  5568;19970401;19970430;  10;   2;    36.0;   -999;   -999;    8.5;eor
  5568;19970501;19970531;  10;   2;    38.2;   -999;   -999;   10.8;eor
  5568;19970601;19970630;  10;   2;    48.3;   -999;   -999;   10.0;eor
  5568;19970701;19970731;  10;   2;    44.0;   -999;   -999;   16.7;eor
  5568;19970801;19970831;  10;   2;    19.2;   -999;   -999;    6.5;eor
  5568;19970901;19970930;  10;   2;    18.5;   -999;   -999;   11.3;eor
  5568;19971001;19971031;  10;   2;    52.8;   -999;   -999;   17.0;eor
  5568;19971101;19971130;  10;   2;    35.3;   -999;   -999;    8.3;eor
  5568;19971201;19971231;  10;   2;    41.1;   -999;   -999;    7.0;eor
  5568;19980101;19980131;  10;   2;    54.8;   -999;   -999;   11.0;eor
  5568;19980201;19980228;  10;   2;    11.1;   -999;   -999;    4.0;eor
  5568;19980301;19980331;  10;   2;    32.1;   -999;   -999;    9.1;eor
  5568;19980401;19980430;  10;   2;    69.3;   -999;   -999;   25.1;eor
  5568;19980501;19980531;  10;   2;    60.7;   -999;   -999;   33.2;eor
  5568;19980601;19980630;  10;   2;    33.8;   -999;   -999;    7.6;eor
  5568;19980701;19980731;  10;   2;    54.7;   -999;   -999;    7.8;eor
  5568;19980801;19980831;  10;   2;    42.0;   -999;   -999;   14.7;eor
  5568;19980901;19980930;  10;   2;    98.1;   -999;   -999;   20.9;eor
  5568;19981001;19981031;  10;   2;   167.7;   -999;   -999;   20.5;eor
  5568;19981101;19981130;  10;   2;    50.5;   -999;   -999;    8.1;eor
  5568;19981201;19981231;  10;   2;    43.3;   -999;   -999;   11.8;eor
  5568;19990101;19990131;  10;   2;    42.3;   -999;   -999;    7.6;eor
  5568;19990201;19990228;  10;   2;    30.2;   -999;   -999;    7.2;eor
  5568;19990301;19990331;  10;   2;    40.9;   -999;   -999;   12.5;eor
  5568;19990401;19990430;  10;   2;    50.8;   -999;   -999;   18.4;eor
  5568;19990501;19990531;  10;   2;    42.8;   -999;   -999;   20.4;eor
  5568;19990601;19990630;  10;   2;    39.4;   -999;   -999;    8.5;eor
  5568;19990701;19990731;  10;   2;    71.9;   -999;   -999;   45.1;eor
  5568;19990801;19990831;  10;   2;    79.7;   -999;   -999;   25.2;eor
  5568;19990901;19990930;  10;   2;    54.7;   -999;   -999;   17.1;eor
  5568;19991001;19991031;  10;   2;    15.2;   -999;   -999;    9.7;eor
  5568;19991101;19991130;  10;   2;    39.6;   -999;   -999;    7.6;eor
  5568;19991201;19991231;  10;   2;   115.5;   -999;   -999;   19.1;eor
  5568;20000101;20000131;  10;   2;    62.5;   -999;   -999;   27.5;eor
  5568;20000201;20000229;  10;   2;    61.2;   -999;   -999;   10.5;eor
  5568;20000301;20000331;  10;   2;    69.4;   -999;   -999;   16.7;eor
  5568;20000401;20000430;  10;   2;    17.0;   -999;   -999;    3.6;eor
  5568;20000501;20000531;  10;   2;    23.4;   -999;   -999;    7.0;eor
  5568;20000601;20000630;  10;   2;    27.2;   -999;   -999;    8.1;eor
  5568;20000701;20000731;  10;   2;   115.6;   -999;   -999;   24.5;eor
  5568;20000801;20000831;  10;   2;    57.7;   -999;   -999;   28.0;eor
  5568;20000901;20000930;  10;   2;    65.7;   -999;   -999;    9.7;eor
  5568;20001001;20001031;  10;   2;    44.4;   -999;   -999;   11.6;eor
  5568;20001101;20001130;  10;   2;    42.4;   -999;   -999;   11.5;eor
  5568;20001201;20001231;  10;   2;    25.7;   -999;   -999;    5.3;eor
  5568;20010101;20010131;  10;   2;    31.8;   -999;   -999;   35.3;eor
  5568;20010201;20010228;  10;   2;    37.5;   -999;   -999;   12.2;eor
  5568;20010301;20010331;  10;   2;    43.6;   -999;   -999;   12.7;eor
