STATIONS_ID; MESS_DATUM_BEGINN; MESS_DATUM_ENDE; QUALITAETS_NIVEAU; ART; NIEDERSCHLAGSHOEHE;NEUSCHNEEHOEHE;SCHNEEHOEHE; max(NIEDERSCHLAGSHOEHE);eor
  2405;19010101;19010131;   5;   2;   112.0;   -999;   -999;-999;eor
  2405;19010201;19010228;   5;   2;    39.0;   -999;   -999;-999;eor
  2405;19010301;19010331;   5;   2;   103.0;   -999;   -999;-999;eor
  2405;19010401;19010430;   5;   2;   194.0;   -999;   -999;-999;eor
  2405;19010501;19010531;   5;   2;    61.0;   -999;   -999;-999;eor
  2405;19010601;19010630;   5;   2;   203.0;   -999;   -999;-999;eor
  2405;19010701;19010731;   5;   2;   145.0;   -999;   -999;-999;eor
  2405;19010801;19010831;   5;   2;   256.0;   -999;   -999;-999;eor
  2405;19010901;19010930;   5;   2;    97.0;   -999;   -999;-999;eor
  2405;19011001;19011031;   5;   2;   124.0;   -999;   -999;-999;eor
  2405;19011101;19011130;   5;   2;    50.0;   -999;   -999;-999;eor
  2405;19011201;19011231;   5;   2;   130.0;   -999;   -999;-999;eor
  2405;19020101;19020131;   5;   2;   115.0;   -999;   -999;-999;eor
  2405;19020201;19020228;   5;   2;    45.0;   -999;   -999;-999;eor
  2405;19020301;19020331;   5;   2;   239.0;   -999;   -999;-999;eor
  2405;19020401;19020430;   5;   2;    92.0;   -999;   -999;-999;eor
  2405;19020501;19020531;   5;   2;   238.0;   -999;   -999;-999;eor
  2405;19020601;19020630;   5;   2;   173.0;   -999;   -999;-999;eor
  2405;19020701;19020731;   5;   2;   162.0;   -999;   -999;-999;eor
  2405;19020801;19020831;   5;   2;   238.0;   -999;   -999;-999;eor
  2405;19020901;19020930;   5;   2;   135.0;   -999;   -999;-999;eor
  2405;19021001;19021031;   5;   2;   172.0;   -999;   -999;-999;eor
  2405;19021101;19021130;   5;   2;    26.0;   -999;   -999;-999;eor
  2405;19021201;19021231;   5;   2;   210.0;   -999;   -999;-999;eor
  2405;19030101;19030131;   5;   2;    79.0;   -999;   -999;-999;eor
  2405;19030201;19030228;   5;   2;    99.0;   -999;   -999;-999;eor
  2405;19030301;19030331;   5;   2;   102.0;   -999;   -999;-999;eor
  2405;19030401;19030430;   5;   2;   235.0;   -999;   -999;-999;eor
  2405;19030501;19030531;   5;   2;    77.0;   -999;   -999;-999;eor
  2405;19030601;19030630;   5;   2;   174.0;   -999;   -999;-999;eor
  2405;19030701;19030731;   5;   2;   299.0;   -999;   -999;-999;eor
  2405;19030801;19030831;   5;   2;   217.0;   -999;   -999;-999;eor
  2405;19030901;19030930;   5;   2;    70.0;   -999;   -999;-999;eor
  2405;19031001;19031031;   5;   2;   195.0;   -999;   -999;-999;eor
  2405;19031101;19031130;   5;   2;   226.0;   -999;   -999;-999;eor
  2405;19031201;19031231;   5;   2;    29.0;   -999;   -999;-999;eor
  2405;19040101;19040131;   5;   2;    62.0;   -999;   -999;-999;eor
  2405;19040201;19040229;   5;   2;   152.0;   -999;   -999;-999;eor
  2405;19040301;19040331;   5;   2;    67.0;   -999;   -999;-999;eor
  2405;19040401;19040430;   5;   2;   245.0;   -999;   -999;-999;eor
  2405;19040501;19040531;   5;   2;   223.0;   -999;   -999;-999;eor
  2405;19040601;19040630;   5;   2;   152.0;   -999;   -999;-999;eor
  2405;19040701;19040731;   5;   2;    53.0;   -999;   -999;-999;eor
  2405;19040801;19040831;   5;   2;   136.0;   -999;   -999;-999;eor
  2405;19040901;19040930;   5;   2;   201.0;   -999;   -999;-999;eor
  2405;19041001;19041031;   5;   2;   157.0;   -999;   -999;-999;eor
  2405;19041101;19041130;   5;   2;   128.0;   -999;   -999;-999;eor
  2405;19041201;19041231;   5;   2;   103.0;   -999;   -999;-999;eor
  2405;19050101;19050131;   5;   2;    74.0;   -999;   -999;-999;eor
  2405;19050201;19050228;   5;   2;    50.0;   -999;   -999;-999;eor
  2405;19050301;19050331;   5;   2;   145.0;   -999;   -999;-999;eor
  2405;19050401;19050430;   5;   2;   258.0;   -999;   -999;-999;eor
  2405;19050501;19050531;   5;   2;   101.0;   -999;   -999;-999;eor
  2405;19050601;19050630;   5;   2;   149.0;   -999;   -999;-999;eor
  2405;19050701;19050731;   5;   2;   163.0;   -999;   -999;-999;eor
  2405;19050801;19050831;   5;   2;   281.0;   -999;   -999;-999;eor
  2405;19050901;19050930;   5;   2;   160.0;   -999;   -999;-999;eor
  2405;19051001;19051031;   5;   2;   321.0;   -999;   -999;-999;eor
  2405;19051101;19051130;   5;   2;   161.0;   -999;   -999;-999;eor
  2405;19051201;19051231;   5;   2;   105.0;   -999;   -999;-999;eor
  2405;19060101;19060131;   5;   2;   105.0;   -999;   -999;-999;eor
  2405;19060201;19060228;   5;   2;   100.0;   -999;   -999;-999;eor
  2405;19060301;19060331;   5;   2;   214.0;   -999;   -999;-999;eor
  2405;19060401;19060430;   5;   2;    64.0;   -999;   -999;-999;eor
  2405;19060501;19060531;   5;   2;   203.0;   -999;   -999;-999;eor
  2405;19060601;19060630;   5;   2;   248.0;   -999;   -999;-999;eor
  2405;19060701;19060731;   5;   2;   258.0;   -999;   -999;-999;eor
  2405;19060801;19060831;   5;   2;   130.0;   -999;   -999;-999;eor
  2405;19060901;19060930;   5;   2;   154.0;   -999;   -999;-999;eor
  2405;19061001;19061031;   5;   2;    24.0;   -999;   -999;-999;eor
  2405;19061101;19061130;   5;   2;   100.0;   -999;   -999;-999;eor
  2405;19061201;19061231;   5;   2;   162.0;   -999;   -999;-999;eor
  2405;19070101;19070131;   5;   2;   141.0;   -999;   -999;-999;eor
  2405;19070201;19070228;   5;   2;    66.0;   -999;   -999;-999;eor
  2405;19070301;19070331;   5;   2;   162.0;   -999;   -999;-999;eor
  2405;19070401;19070430;   5;   2;   162.0;   -999;   -999;-999;eor
  2405;19070501;19070531;   5;   2;   100.0;   -999;   -999;-999;eor
  2405;19070601;19070630;   5;   2;   202.0;   -999;   -999;-999;eor
  2405;19070701;19070731;   5;   2;   209.0;   -999;   -999;-999;eor
  2405;19070801;19070831;   5;   2;   166.0;   -999;   -999;-999;eor
  2405;19070901;19070930;   5;   2;    85.0;   -999;   -999;-999;eor
  2405;19071001;19071031;   5;   2;    36.0;   -999;   -999;-999;eor
  2405;19071101;19071130;   5;   2;    92.0;   -999;   -999;-999;eor
  2405;19071201;19071231;   5;   2;   226.0;   -999;   -999;-999;eor
  2405;19080101;19080131;   5;   2;    71.0;   -999;   -999;-999;eor
  2405;19080201;19080229;   5;   2;   202.0;   -999;   -999;-999;eor
  2405;19080301;19080331;   5;   2;    56.0;   -999;   -999;-999;eor
  2405;19080401;19080430;   5;   2;   197.0;   -999;   -999;-999;eor
  2405;19080501;19080531;   5;   2;   207.0;   -999;   -999;-999;eor
  2405;19080601;19080630;   5;   2;   134.0;   -999;   -999;-999;eor
  2405;19080701;19080731;   5;   2;   194.0;   -999;   -999;-999;eor
  2405;19080801;19080831;   5;   2;   144.0;   -999;   -999;-999;eor
  2405;19080901;19080930;   5;   2;   265.0;   -999;   -999;-999;eor
  2405;19081001;19081031;   5;   2;     1.0;   -999;   -999;-999;eor
  2405;19081101;19081130;   5;   2;    92.0;   -999;   -999;-999;eor
  2405;19081201;19081231;   5;   2;    70.0;   -999;   -999;-999;eor
  2405;19090101;19090131;   5;   2;   124.0;   -999;   -999;-999;eor
  2405;19090201;19090228;   5;   2;    44.0;   -999;   -999;-999;eor
  2405;19090301;19090331;   5;   2;   131.0;   -999;   -999;-999;eor
  2405;19090401;19090430;   5;   2;   169.0;   -999;   -999;-999;eor
  2405;19090501;19090531;   5;   2;   112.0;   -999;   -999;-999;eor
  2405;19090601;19090630;   5;   2;   214.0;   -999;   -999;-999;eor
  2405;19090701;19090731;   5;   2;   319.0;   -999;   -999;-999;eor
  2405;19090801;19090831;   5;   2;   194.0;   -999;   -999;-999;eor
  2405;19090901;19090930;   5;   2;   103.0;   -999;   -999;-999;eor
  2405;19091001;19091031;   5;   2;   145.0;   -999;   -999;-999;eor
  2405;19091101;19091130;   5;   2;    73.0;   -999;   -999;-999;eor
  2405;19091201;19091231;   5;   2;   200.0;   -999;   -999;-999;eor
  2405;19100101;19100131;   5;   2;   280.0;   -999;   -999;-999;eor
  2405;19100201;19100228;   5;   2;   150.0;   -999;   -999;-999;eor
  2405;19100301;19100331;   5;   2;    70.0;   -999;   -999;-999;eor
  2405;19100401;19100430;   5;   2;   185.0;   -999;   -999;-999;eor
  2405;19100501;19100531;   5;   2;   130.0;   -999;   -999;-999;eor
  2405;19100601;19100630;   5;   2;   355.0;   -999;   -999;-999;eor
  2405;19100701;19100731;   5;   2;   255.0;   -999;   -999;-999;eor
  2405;19100801;19100831;   5;   2;   191.0;   -999;   -999;-999;eor
  2405;19100901;19100930;   5;   2;   182.0;   -999;   -999;-999;eor
  2405;19101001;19101031;   5;   2;    61.0;   -999;   -999;-999;eor
  2405;19101101;19101130;   5;   2;   360.0;   -999;   -999;-999;eor
  2405;19101201;19101231;   5;   2;   121.0;   -999;   -999;-999;eor
  2405;19110101;19110131;   5;   2;    23.0;   -999;   -999;-999;eor
  2405;19110201;19110228;   5;   2;    64.0;   -999;   -999;-999;eor
  2405;19110301;19110331;   5;   2;    50.0;   -999;   -999;-999;eor
  2405;19110401;19110430;   5;   2;   130.0;   -999;   -999;-999;eor
  2405;19110501;19110531;   5;   2;   129.0;   -999;   -999;-999;eor
  2405;19110601;19110630;   5;   2;   231.0;   -999;   -999;-999;eor
  2405;19110701;19110731;   5;   2;    37.0;   -999;   -999;-999;eor
  2405;19110801;19110831;   5;   2;   134.0;   -999;   -999;-999;eor
  2405;19110901;19110930;   5;   2;   144.0;   -999;   -999;-999;eor
  2405;19111001;19111031;   5;   2;   137.0;   -999;   -999;-999;eor
  2405;19111101;19111130;   5;   2;    59.0;   -999;   -999;-999;eor
  2405;19111201;19111231;   5;   2;   156.0;   -999;   -999;-999;eor
  2405;19120101;19120131;   5;   2;   142.0;   -999;   -999;-999;eor
  2405;19120201;19120229;   5;   2;    85.0;   -999;   -999;-999;eor
  2405;19120301;19120331;   5;   2;   140.0;   -999;   -999;-999;eor
  2405;19120401;19120430;   5;   2;    93.0;   -999;   -999;-999;eor
  2405;19120501;19120531;   5;   2;   301.0;   -999;   -999;-999;eor
  2405;19120601;19120630;   5;   2;   209.0;   -999;   -999;-999;eor
  2405;19120701;19120731;   5;   2;   186.0;   -999;   -999;-999;eor
  2405;19120801;19120831;   5;   2;   262.0;   -999;   -999;-999;eor
  2405;19120901;19120930;   5;   2;   226.0;   -999;   -999;-999;eor
  2405;19121001;19121031;   5;   2;   158.0;   -999;   -999;-999;eor
  2405;19121101;19121130;   5;   2;   134.0;   -999;   -999;-999;eor
  2405;19121201;19121231;   5;   2;   101.0;   -999;   -999;-999;eor
  2405;19130101;19130131;   5;   2;   149.0;   -999;   -999;-999;eor
  2405;19130201;19130228;   5;   2;    56.0;   -999;   -999;-999;eor
  2405;19130301;19130331;   5;   2;    83.0;   -999;   -999;-999;eor
  2405;19130401;19130430;   5;   2;   116.0;   -999;   -999;-999;eor
  2405;19130501;19130531;   5;   2;   115.0;   -999;   -999;-999;eor
  2405;19130601;19130630;   5;   2;   278.0;   -999;   -999;-999;eor
  2405;19130701;19130731;   5;   2;   248.0;   -999;   -999;-999;eor
  2405;19130801;19130831;   5;   2;   177.0;   -999;   -999;-999;eor
  2405;19130901;19130930;   5;   2;   158.0;   -999;   -999;-999;eor
  2405;19131001;19131031;   5;   2;    56.0;   -999;   -999;-999;eor
  2405;19131101;19131130;   5;   2;   227.0;   -999;   -999;-999;eor
  2405;19131201;19131231;   5;   2;   152.0;   -999;   -999;-999;eor
  2405;19140101;19140131;   5;   2;   169.0;   -999;   -999;-999;eor
  2405;19140201;19140228;   5;   2;    35.0;   -999;   -999;-999;eor
  2405;19140301;19140331;   5;   2;   284.0;   -999;   -999;-999;eor
  2405;19140401;19140430;   5;   2;   125.0;   -999;   -999;-999;eor
  2405;19140501;19140531;   5;   2;   216.0;   -999;   -999;-999;eor
  2405;19140601;19140630;   5;   2;   189.0;   -999;   -999;-999;eor
  2405;19140701;19140731;   5;   2;   317.0;   -999;   -999;-999;eor
  2405;19140801;19140831;   5;   2;   122.0;   -999;   -999;-999;eor
  2405;19140901;19140930;   5;   2;   215.0;   -999;   -999;-999;eor
  2405;19141001;19141031;   5;   2;    63.0;   -999;   -999;-999;eor
  2405;19141101;19141130;   5;   2;    96.0;   -999;   -999;-999;eor
  2405;19141201;19141231;   5;   2;    60.0;   -999;   -999;-999;eor
  2405;19150101;19150131;   5;   2;   202.0;   -999;   -999;-999;eor
  2405;19150201;19150228;   5;   2;    80.0;   -999;   -999;-999;eor
  2405;19150301;19150331;   5;   2;   194.0;   -999;   -999;-999;eor
  2405;19150401;19150430;   5;   2;   128.0;   -999;   -999;-999;eor
  2405;19150501;19150531;   5;   2;    95.0;   -999;   -999;-999;eor
  2405;19150601;19150630;   5;   2;   171.0;   -999;   -999;-999;eor
  2405;19150701;19150731;   5;   2;   243.0;   -999;   -999;-999;eor
  2405;19150801;19150831;   5;   2;   256.0;   -999;   -999;-999;eor
  2405;19150901;19150930;   5;   2;   172.0;   -999;   -999;-999;eor
  2405;19151001;19151031;   5;   2;    75.0;   -999;   -999;-999;eor
  2405;19151101;19151130;   5;   2;   130.0;   -999;   -999;-999;eor
  2405;19151201;19151231;   5;   2;   225.0;   -999;   -999;-999;eor
  2405;19160101;19160131;   5;   2;   182.0;   -999;   -999;-999;eor
  2405;19160201;19160229;   5;   2;   164.0;   -999;   -999;-999;eor
  2405;19160301;19160331;   5;   2;    86.0;   -999;   -999;-999;eor
  2405;19160401;19160430;   5;   2;   171.0;   -999;   -999;-999;eor
  2405;19160501;19160531;   5;   2;   115.0;   -999;   -999;-999;eor
  2405;19160601;19160630;   5;   2;   239.0;   -999;   -999;-999;eor
  2405;19160701;19160731;   5;   2;   257.0;   -999;   -999;-999;eor
  2405;19160801;19160831;   5;   2;   167.0;   -999;   -999;-999;eor
  2405;19160901;19160930;   5;   2;   186.0;   -999;   -999;-999;eor
  2405;19161001;19161031;   5;   2;   198.0;   -999;   -999;-999;eor
  2405;19161101;19161130;   5;   2;    95.0;   -999;   -999;-999;eor
  2405;19161201;19161231;   5;   2;   119.0;   -999;   -999;-999;eor
  2405;19170101;19170131;   5;   2;   233.0;   -999;   -999;-999;eor
  2405;19170201;19170228;   5;   2;    38.0;   -999;   -999;-999;eor
  2405;19170301;19170331;   5;   2;   100.0;   -999;   -999;-999;eor
  2405;19170401;19170430;   5;   2;   200.0;   -999;   -999;-999;eor
  2405;19170501;19170531;   5;   2;    58.0;   -999;   -999;-999;eor
  2405;19170601;19170630;   5;   2;    96.0;   -999;   -999;-999;eor
  2405;19170701;19170731;   5;   2;   185.0;   -999;   -999;-999;eor
  2405;19170801;19170831;   5;   2;   265.0;   -999;   -999;-999;eor
  2405;19170901;19170930;   5;   2;   105.0;   -999;   -999;-999;eor
  2405;19171001;19171031;   5;   2;   287.0;   -999;   -999;-999;eor
  2405;19171101;19171130;   5;   2;   110.0;   -999;   -999;-999;eor
  2405;19171201;19171231;   5;   2;    46.0;   -999;   -999;-999;eor
  2405;19180101;19180131;   5;   2;    94.0;   -999;   -999;-999;eor
  2405;19180201;19180228;   5;   2;    77.0;   -999;   -999;-999;eor
  2405;19180301;19180331;   5;   2;    39.0;   -999;   -999;-999;eor
  2405;19180401;19180430;   5;   2;    71.0;   -999;   -999;-999;eor
  2405;19180501;19180531;   5;   2;    46.0;   -999;   -999;-999;eor
  2405;19180601;19180630;   5;   2;   184.0;   -999;   -999;-999;eor
  2405;19180701;19180731;   5;   2;   209.0;   -999;   -999;-999;eor
  2405;19180801;19180831;   5;   2;   203.0;   -999;   -999;-999;eor
  2405;19180901;19180930;   5;   2;   158.0;   -999;   -999;-999;eor
  2405;19181001;19181031;   5;   2;    73.0;   -999;   -999;-999;eor
  2405;19181101;19181130;   5;   2;    59.0;   -999;   -999;-999;eor
  2405;19181201;19181231;   5;   2;   465.0;   -999;   -999;-999;eor
  2405;19190101;19190131;   5;   2;    72.0;   -999;   -999;-999;eor
  2405;19190201;19190228;   5;   2;    84.0;   -999;   -999;-999;eor
  2405;19190301;19190331;   5;   2;   224.0;   -999;   -999;-999;eor
  2405;19190401;19190430;   5;   2;   195.0;   -999;   -999;-999;eor
  2405;19190501;19190531;   5;   2;   104.0;   -999;   -999;-999;eor
  2405;19190601;19190630;   5;   2;   275.0;   -999;   -999;-999;eor
  2405;19190701;19190731;   5;   2;   190.0;   -999;   -999;-999;eor
  2405;19190801;19190831;   5;   2;    81.0;   -999;   -999;-999;eor
  2405;19190901;19190930;   5;   2;    89.0;   -999;   -999;-999;eor
  2405;19191001;19191031;   5;   2;   110.0;   -999;   -999;-999;eor
  2405;19191101;19191130;   5;   2;   194.0;   -999;   -999;-999;eor
  2405;19191201;19191231;   5;   2;   347.0;   -999;   -999;-999;eor
  2405;19200101;19200131;   5;   2;   152.0;   -999;   -999;-999;eor
  2405;19200201;19200229;   5;   2;    89.0;   -999;   -999;-999;eor
  2405;19200301;19200331;   5;   2;    64.0;   -999;   -999;-999;eor
  2405;19200401;19200430;   5;   2;   163.0;   -999;   -999;-999;eor
  2405;19200501;19200531;   5;   2;   186.0;   -999;   -999;-999;eor
  2405;19200601;19200630;   5;   2;   194.0;   -999;   -999;-999;eor
  2405;19200701;19200731;   5;   2;   256.0;   -999;   -999;-999;eor
  2405;19200801;19200831;   5;   2;   175.0;   -999;   -999;-999;eor
  2405;19200901;19200930;   5;   2;   325.0;   -999;   -999;-999;eor
  2405;19201001;19201031;   5;   2;     6.0;   -999;   -999;-999;eor
  2405;19201101;19201130;   5;   2;    13.0;   -999;   -999;-999;eor
  2405;19201201;19201231;   5;   2;    92.0;   -999;   -999;-999;eor
  2405;19210101;19210131;   5;   2;   166.0;   -999;   -999;-999;eor
  2405;19210201;19210228;   5;   2;    20.0;   -999;   -999;-999;eor
  2405;19210301;19210331;   5;   2;    46.0;   -999;   -999;-999;eor
  2405;19210401;19210430;   5;   2;   117.0;   -999;   -999;-999;eor
  2405;19210501;19210531;   5;   2;   105.0;   -999;   -999;-999;eor
  2405;19210601;19210630;   5;   2;   285.0;   -999;   -999;-999;eor
  2405;19210701;19210731;   5;   2;   102.0;   -999;   -999;-999;eor
  2405;19210801;19210831;   5;   2;   268.0;   -999;   -999;-999;eor
  2405;19210901;19210930;   5;   2;   131.0;   -999;   -999;-999;eor
  2405;19211001;19211031;   5;   2;   116.0;   -999;   -999;-999;eor
  2405;19211101;19211130;   5;   2;   170.0;   -999;   -999;-999;eor
  2405;19211201;19211231;   5;   2;   110.0;   -999;   -999;-999;eor
  2405;19220101;19220131;   5;   2;   217.0;   -999;   -999;-999;eor
  2405;19220201;19220228;   5;   2;   132.0;   -999;   -999;-999;eor
  2405;19220301;19220331;   5;   2;   162.0;   -999;   -999;-999;eor
  2405;19220401;19220430;   5;   2;   223.0;   -999;   -999;-999;eor
  2405;19220501;19220531;   5;   2;   131.0;   -999;   -999;-999;eor
  2405;19220601;19220630;   5;   2;   343.0;   -999;   -999;-999;eor
  2405;19220701;19220731;   5;   2;   362.0;   -999;   -999;-999;eor
  2405;19220801;19220831;   5;   2;   306.0;   -999;   -999;-999;eor
  2405;19220901;19220930;   5;   2;   336.0;   -999;   -999;-999;eor
  2405;19221001;19221031;   5;   2;   163.0;   -999;   -999;-999;eor
  2405;19221101;19221130;   5;   2;   217.0;   -999;   -999;-999;eor
  2405;19221201;19221231;   5;   2;   130.0;   -999;   -999;-999;eor
  2405;19230101;19230131;   5;   2;   148.0;   -999;   -999;-999;eor
  2405;19230201;19230228;   5;   2;   193.0;   -999;   -999;-999;eor
  2405;19230301;19230331;   5;   2;    48.0;   -999;   -999;-999;eor
  2405;19230401;19230430;   5;   2;   127.0;   -999;   -999;-999;eor
  2405;19230501;19230531;   5;   2;   124.0;   -999;   -999;-999;eor
  2405;19230601;19230630;   5;   2;   284.0;   -999;   -999;-999;eor
  2405;19230701;19230731;   5;   2;    80.0;   -999;   -999;-999;eor
  2405;19230801;19230831;   5;   2;   159.0;   -999;   -999;-999;eor
  2405;19230901;19230930;   5;   2;   166.0;   -999;   -999;-999;eor
  2405;19231001;19231031;   5;   2;   241.0;   -999;   -999;-999;eor
  2405;19231101;19231130;   5;   2;   186.0;   -999;   -999;-999;eor
  2405;19231201;19231231;   5;   2;   261.0;   -999;   -999;-999;eor
  2405;19240101;19240131;   5;   2;    70.0;   -999;   -999;-999;eor
  2405;19240201;19240229;   5;   2;    57.0;   -999;   -999;-999;eor
  2405;19240301;19240331;   5;   2;    33.0;   -999;   -999;-999;eor
  2405;19240401;19240430;   5;   2;   232.0;   -999;   -999;-999;eor
  2405;19240501;19240531;   5;   2;   306.0;   -999;   -999;-999;eor
  2405;19240601;19240630;   5;   2;   335.0;   -999;   -999;-999;eor
  2405;19240701;19240731;   5;   2;   443.0;   -999;   -999;-999;eor
  2405;19240801;19240831;   5;   2;   365.0;   -999;   -999;-999;eor
  2405;19240901;19240930;   5;   2;   171.0;   -999;   -999;-999;eor
  2405;19241001;19241031;   5;   2;    81.0;   -999;   -999;-999;eor
  2405;19241101;19241130;   5;   2;    91.0;   -999;   -999;-999;eor
  2405;19241201;19241231;   5;   2;    65.0;   -999;   -999;-999;eor
  2405;19250101;19250131;   5;   2;    77.0;   -999;   -999;-999;eor
  2405;19250201;19250228;   5;   2;    72.0;   -999;   -999;-999;eor
  2405;19250301;19250331;   5;   2;   133.0;   -999;   -999;-999;eor
  2405;19250401;19250430;   5;   2;   192.0;   -999;   -999;-999;eor
  2405;19250501;19250531;   5;   2;    93.0;   -999;   -999;-999;eor
  2405;19250601;19250630;   5;   2;   158.0;   -999;   -999;-999;eor
  2405;19250701;19250731;   5;   2;   218.0;   -999;   -999;-999;eor
  2405;19250801;19250831;   5;   2;   352.0;   -999;   -999;-999;eor
  2405;19250901;19250930;   5;   2;   251.0;   -999;   -999;-999;eor
  2405;19251001;19251031;   5;   2;   147.0;   -999;   -999;-999;eor
  2405;19251101;19251130;   5;   2;   108.0;   -999;   -999;-999;eor
  2405;19251201;19251231;   5;   2;   230.0;   -999;   -999;-999;eor
  2405;19260101;19260131;   5;   2;   146.0;   -999;   -999;-999;eor
  2405;19260201;19260228;   5;   2;    96.0;   -999;   -999;-999;eor
  2405;19260301;19260331;   5;   2;   202.0;   -999;   -999;-999;eor
  2405;19260401;19260430;   5;   2;    88.0;   -999;   -999;-999;eor
  2405;19260501;19260531;   5;   2;   194.0;   -999;   -999;-999;eor
  2405;19260601;19260630;   5;   2;   479.0;   -999;   -999;-999;eor
  2405;19260701;19260731;   5;   2;   344.0;   -999;   -999;-999;eor
  2405;19260801;19260831;   5;   2;   130.0;   -999;   -999;-999;eor
  2405;19260901;19260930;   5;   2;    71.0;   -999;   -999;-999;eor
  2405;19261001;19261031;   5;   2;   152.0;   -999;   -999;-999;eor
  2405;19261101;19261130;   5;   2;   150.0;   -999;   -999;-999;eor
  2405;19261201;19261231;   5;   2;   120.0;   -999;   -999;-999;eor
  2405;19270101;19270131;   5;   2;   175.0;   -999;   -999;-999;eor
  2405;19270201;19270228;   5;   2;   105.0;   -999;   -999;-999;eor
  2405;19270301;19270331;   5;   2;   114.0;   -999;   -999;-999;eor
  2405;19270401;19270430;   5;   2;   282.0;   -999;   -999;-999;eor
  2405;19270501;19270531;   5;   2;   166.0;   -999;   -999;-999;eor
  2405;19270601;19270630;   5;   2;   228.0;   -999;   -999;-999;eor
  2405;19270701;19270731;   5;   2;   217.0;   -999;   -999;-999;eor
  2405;19270801;19270831;   5;   2;   288.0;   -999;   -999;-999;eor
  2405;19270901;19270930;   5;   2;   454.0;   -999;   -999;-999;eor
  2405;19271001;19271031;   5;   2;    67.0;   -999;   -999;-999;eor
  2405;19271101;19271130;   5;   2;   109.0;   -999;   -999;-999;eor
  2405;19271201;19271231;   5;   2;    71.0;   -999;   -999;-999;eor
  2405;19280101;19280131;   5;   2;   129.0;   -999;   -999;-999;eor
  2405;19280201;19280229;   5;   2;   215.0;   -999;   -999;-999;eor
  2405;19280301;19280331;   5;   2;    44.0;   -999;   -999;-999;eor
  2405;19280401;19280430;   5;   2;   122.0;   -999;   -999;-999;eor
  2405;19280501;19280531;   5;   2;   209.0;   -999;   -999;-999;eor
  2405;19280601;19280630;   5;   2;   242.0;   -999;   -999;-999;eor
  2405;19280701;19280731;   5;   2;    64.0;   -999;   -999;-999;eor
  2405;19280801;19280831;   5;   2;   274.0;   -999;   -999;-999;eor
  2405;19280901;19280930;   5;   2;    53.0;   -999;   -999;-999;eor
  2405;19281001;19281031;   5;   2;   142.0;   -999;   -999;-999;eor
  2405;19281101;19281130;   5;   2;   180.0;   -999;   -999;-999;eor
  2405;19281201;19281231;   5;   2;   118.0;   -999;   -999;-999;eor
  2405;19290101;19290131;   5;   2;    77.0;   -999;   -999;-999;eor
  2405;19290201;19290228;   5;   2;    18.0;   -999;   -999;-999;eor
  2405;19290301;19290331;   5;   2;    20.0;   -999;   -999;-999;eor
  2405;19290401;19290430;   5;   2;   140.0;   -999;   -999;-999;eor
  2405;19290501;19290531;   5;   2;   120.0;   -999;   -999;-999;eor
  2405;19290601;19290630;   5;   2;   203.0;   -999;   -999;-999;eor
  2405;19290701;19290731;   5;   2;   140.0;   -999;   -999;-999;eor
  2405;19290801;19290831;   5;   2;   165.0;   -999;   -999;-999;eor
  2405;19290901;19290930;   5;   2;    61.0;   -999;   -999;-999;eor
  2405;19291001;19291031;   5;   2;   126.0;   -999;   -999;-999;eor
  2405;19291101;19291130;   5;   2;    82.0;   -999;   -999;-999;eor
  2405;19291201;19291231;   5;   2;   177.0;   -999;   -999;-999;eor
  2405;19300101;19300131;   5;   2;    66.0;   -999;   -999;-999;eor
  2405;19300201;19300228;   5;   2;    26.0;   -999;   -999;-999;eor
  2405;19300301;19300331;   5;   2;   124.0;   -999;   -999;-999;eor
  2405;19300401;19300430;   5;   2;   177.0;   -999;   -999;-999;eor
  2405;19300501;19300531;   5;   2;   336.0;   -999;   -999;-999;eor
  2405;19300601;19300630;   5;   2;    36.0;   -999;   -999;-999;eor
  2405;19300701;19300731;   5;   2;   388.0;   -999;   -999;-999;eor
  2405;19300801;19300831;   5;   2;   197.0;   -999;   -999;-999;eor
  2405;19300901;19300930;   5;   2;   157.0;   -999;   -999;-999;eor
  2405;19301001;19301031;   5;   2;   243.0;   -999;   -999;-999;eor
  2405;19301101;19301130;   5;   2;   183.0;   -999;   -999;-999;eor
  2405;19301201;19301231;   5;   2;    72.0;   -999;   -999;-999;eor
  2405;19310101;19310131;   5;   2;   248.7;   -999;   -999;   41.2;eor
  2405;19310201;19310228;   5;   2;   164.6;   -999;   -999;   27.3;eor
  2405;19310301;19310331;   5;   2;   191.9;   -999;   -999;   33.5;eor
  2405;19310401;19310430;   5;   2;   131.0;   -999;   -999;   20.9;eor
  2405;19310501;19310531;   5;   2;   165.7;   -999;   -999;   41.9;eor
  2405;19310601;19310630;   5;   2;   182.9;   -999;   -999;   27.8;eor
  2405;19310701;19310731;   5;   2;   282.1;   -999;   -999;   44.4;eor
  2405;19310801;19310831;   5;   2;   266.9;   -999;   -999;   29.2;eor
  2405;19310901;19310930;   5;   2;   178.6;   -999;   -999;   25.0;eor
  2405;19311001;19311031;   5;   2;   110.3;   -999;   -999;   28.5;eor
  2405;19311101;19311130;   5;   2;    34.1;   -999;   -999;    8.5;eor
  2405;19311201;19311231;   5;   2;   103.5;   -999;   -999;   24.2;eor
  2405;19320101;19320131;   5;   2;   130.5;   -999;   -999;   49.3;eor
  2405;19320201;19320229;   5;   2;    12.1;   -999;   -999;    2.5;eor
  2405;19320301;19320331;   5;   2;    98.1;   -999;   -999;   37.1;eor
  2405;19320401;19320430;   5;   2;   139.7;   -999;   -999;   22.5;eor
  2405;19320501;19320531;   5;   2;   168.7;   -999;   -999;   18.7;eor
  2405;19320601;19320630;   5;   2;   178.8;   -999;   -999;   44.6;eor
  2405;19320701;19320731;   5;   2;   378.2;   -999;   -999;   70.8;eor
  2405;19320801;19320831;   5;   2;   111.3;   -999;   -999;   29.5;eor
  2405;19320901;19320930;   5;   2;   212.8;   -999;   -999;  130.0;eor
  2405;19321001;19321031;   5;   2;   225.5;   -999;   -999;   35.1;eor
  2405;19321101;19321130;   5;   2;   122.0;   -999;   -999;   27.0;eor
  2405;19321201;19321231;   5;   2;    18.1;   -999;   -999;   13.3;eor
  2405;19330101;19330131;   5;   2;    80.1;   -999;   -999;   16.6;eor
  2405;19330201;19330228;   5;   2;    89.8;   -999;   -999;   22.3;eor
  2405;19330301;19330331;   5;   2;    94.7;   -999;   -999;   22.8;eor
  2405;19330401;19330430;   5;   2;   108.8;   -999;   -999;   18.0;eor
  2405;19330501;19330531;   5;   2;   359.6;   -999;   -999;   50.7;eor
  2405;19330601;19330630;   5;   2;   308.8;   -999;   -999;   53.5;eor
  2405;19330701;19330731;   5;   2;   236.1;   -999;   -999;   50.0;eor
  2405;19330801;19330831;   5;   2;   130.2;   -999;   -999;   42.6;eor
  2405;19330901;19330930;   5;   2;    93.3;   -999;   -999;   22.7;eor
  2405;19331001;19331031;   5;   2;   157.7;   -999;   -999;   33.9;eor
  2405;19331101;19331130;   5;   2;    77.0;   -999;   -999;   23.3;eor
  2405;19331201;19331231;   5;   2;    35.9;   -999;   -999;    6.5;eor
  2405;19340101;19340131;   5;   2;   138.1;   -999;   -999;   19.6;eor
  2405;19340201;19340228;   5;   2;     4.7;   -999;   -999;    2.4;eor
  2405;19340301;19340331;   5;   2;    49.3;   -999;   -999;   14.1;eor
  2405;19340401;19340430;   5;   2;    28.1;   -999;   -999;   10.2;eor
  2405;19340501;19340531;   5;   2;    65.0;   -999;   -999;   17.4;eor
  2405;19340601;19340630;   5;   2;   321.9;   -999;   -999;   63.3;eor
  2405;19340701;19340731;   5;   2;   243.2;   -999;   -999;   95.7;eor
  2405;19340801;19340831;   5;   2;   316.0;   -999;   -999;   48.1;eor
  2405;19340901;19340930;   5;   2;   151.7;   -999;   -999;   40.7;eor
  2405;19341001;19341031;   5;   2;   167.3;   -999;   -999;   26.5;eor
  2405;19341101;19341130;   5;   2;    27.7;   -999;   -999;   12.4;eor
  2405;19341201;19341231;   5;   2;   100.4;   -999;   -999;   24.9;eor
  2405;19350101;19350131;   5;   2;    94.9;   -999;   -999;   26.8;eor
  2405;19350201;19350228;   5;   2;   292.8;   -999;   -999;   46.8;eor
  2405;19350301;19350331;   5;   2;   107.4;   -999;   -999;   23.6;eor
  2405;19350401;19350430;   5;   2;   199.1;   -999;   -999;   26.9;eor
  2405;19350501;19350531;   5;   2;   170.1;   -999;   -999;   27.5;eor
  2405;19350601;19350630;   5;   2;   118.8;   -999;   -999;   21.8;eor
  2405;19350701;19350731;   5;   2;   114.8;   -999;   -999;   52.5;eor
  2405;19350801;19350831;   5;   2;   168.3;   -999;   -999;   30.8;eor
  2405;19350901;19350930;   5;   2;    98.3;   -999;   -999;   21.3;eor
  2405;19351001;19351031;   5;   2;   229.6;   -999;   -999;   51.2;eor
  2405;19351101;19351130;   5;   2;    83.7;   -999;   -999;   21.0;eor
  2405;19351201;19351231;   5;   2;   118.9;   -999;   -999;   28.6;eor
  2405;19360101;19360131;   5;   2;   206.2;   -999;   -999;   73.7;eor
  2405;19360201;19360229;   5;   2;    95.7;   -999;   -999;   20.0;eor
  2405;19360301;19360331;   5;   2;    55.0;   -999;   -999;   14.5;eor
  2405;19360401;19360430;   5;   2;   183.3;   -999;   -999;   40.9;eor
  2405;19360501;19360531;   5;   2;   157.7;   -999;   -999;   48.2;eor
  2405;19360601;19360630;   5;   2;   312.5;   -999;   -999;   45.3;eor
  2405;19360701;19360731;   5;   2;   301.2;   -999;   -999;   38.5;eor
  2405;19360801;19360831;   5;   2;   101.5;   -999;   -999;   27.6;eor
  2405;19360901;19360930;   5;   2;   256.0;   -999;   -999;   47.0;eor
  2405;19361001;19361031;   5;   2;   162.5;   -999;   -999;   42.1;eor
  2405;19361101;19361130;   5;   2;    48.8;   -999;   -999;   12.0;eor
  2405;19361201;19361231;   5;   2;    89.6;   -999;   -999;   24.4;eor
  2405;19370101;19370131;   5;   2;    95.1;   -999;   -999;   21.8;eor
  2405;19370201;19370228;   5;   2;   303.4;   -999;   -999;   39.0;eor
  2405;19370301;19370331;   5;   2;    97.9;   -999;   -999;   21.4;eor
  2405;19370401;19370430;   5;   2;   218.2;   -999;   -999;   40.2;eor
  2405;19370501;19370531;   5;   2;    72.2;   -999;   -999;   20.0;eor
  2405;19370601;19370630;   5;   2;   234.3;   -999;   -999;   47.8;eor
  2405;19370701;19370731;   5;   2;   174.0;   -999;   -999;   42.1;eor
  2405;19370801;19370831;   5;   2;   267.0;   -999;   -999;   48.9;eor
  2405;19370901;19370930;   5;   2;   255.6;   -999;   -999;   43.5;eor
  2405;19371001;19371031;   5;   2;    78.7;   -999;   -999;   30.0;eor
  2405;19371101;19371130;   5;   2;   114.8;   -999;   -999;   24.3;eor
  2405;19371201;19371231;   5;   2;   115.1;   -999;   -999;   24.1;eor
  2405;19380101;19380131;   5;   2;   265.1;   -999;   -999;   35.4;eor
  2405;19380201;19380228;   5;   2;   115.6;   -999;   -999;   36.8;eor
  2405;19380301;19380331;   5;   2;   101.7;   -999;   -999;   37.0;eor
  2405;19380401;19380430;   5;   2;    88.0;   -999;   -999;   22.3;eor
  2405;19380501;19380531;   5;   2;   154.5;   -999;   -999;   32.2;eor
  2405;19380601;19380630;   5;   2;   179.2;   -999;   -999;   38.2;eor
  2405;19380701;19380731;   5;   2;   182.1;   -999;   -999;   24.0;eor
  2405;19380801;19380831;   5;   2;   254.6;   -999;   -999;   58.2;eor
  2405;19380901;19380930;   5;   2;   132.8;   -999;   -999;   30.1;eor
  2405;19381001;19381031;   5;   2;   105.9;   -999;   -999;   21.3;eor
  2405;19381101;19381130;   5;   2;    44.8;   -999;   -999;   10.4;eor
  2405;19381201;19381231;   5;   2;   116.4;   -999;   -999;   28.8;eor
  2405;19390101;19390131;   5;   2;    94.4;   -999;   -999;   16.1;eor
  2405;19390201;19390228;   5;   2;    72.5;   -999;   -999;   19.2;eor
  2405;19390301;19390331;   5;   2;   287.2;   -999;   -999;   39.8;eor
  2405;19390401;19390430;   5;   2;    92.1;   -999;   -999;   20.1;eor
  2405;19390501;19390531;   5;   2;   329.9;   -999;   -999;   41.0;eor
  2405;19390601;19390630;   5;   2;   125.1;   -999;   -999;   32.1;eor
  2405;19390701;19390731;   5;   2;   232.1;   -999;   -999;   35.1;eor
  2405;19390801;19390831;   5;   2;   152.3;   -999;   -999;   27.0;eor
  2405;19390901;19390930;   5;   2;   154.0;   -999;   -999;   45.5;eor
  2405;19391001;19391031;   5;   2;   296.9;   -999;   -999;   29.1;eor
  2405;19391101;19391130;   5;   2;   238.7;   -999;   -999;   31.0;eor
  2405;19391201;19391231;   5;   2;   139.9;   -999;   -999;   27.0;eor
  2405;19400101;19400131;   5;   2;   105.4;   -999;   -999;   41.0;eor
  2405;19400201;19400229;   5;   2;   168.8;   -999;   -999;   25.7;eor
  2405;19400301;19400331;   5;   2;   203.3;   -999;   -999;   28.0;eor
  2405;19400401;19400430;   5;   2;   113.7;   -999;   -999;   20.0;eor
  2405;19400501;19400531;   5;   2;   259.4;   -999;   -999;   71.5;eor
  2405;19400601;19400630;   5;   2;   174.2;   -999;   -999;   52.1;eor
  2405;19400701;19400731;   5;   2;   264.1;   -999;   -999;   39.2;eor
  2405;19400801;19400831;   5;   2;   200.6;   -999;   -999;   62.7;eor
  2405;19400901;19400930;   5;   2;   260.9;   -999;   -999;   62.0;eor
  2405;19401001;19401031;   5;   2;    58.7;   -999;   -999;   28.0;eor
  2405;19401101;19401130;   5;   2;   169.9;   -999;   -999;   32.1;eor
  2405;19401201;19401231;   5;   2;   188.4;   -999;   -999;   32.1;eor
  2405;19410101;19410131;   5;   2;   132.0;   -999;   -999;   28.7;eor
  2405;19410201;19410228;   5;   2;   129.1;   -999;   -999;   22.1;eor
  2405;19410301;19410331;   5;   2;   112.0;   -999;   -999;   38.7;eor
  2405;19410401;19410430;   5;   2;    66.0;   -999;   -999;   11.1;eor
  2405;19410501;19410531;   5;   2;   205.7;   -999;   -999;   41.0;eor
  2405;19410601;19410630;   5;   2;   174.4;   -999;   -999;   49.7;eor
  2405;19410701;19410731;   5;   2;   237.0;   -999;   -999;   62.0;eor
  2405;19410801;19410831;   5;   2;   324.7;   -999;   -999;   36.0;eor
  2405;19410901;19410930;   5;   2;   106.0;   -999;   -999;   22.0;eor
  2405;19411001;19411031;   5;   2;   291.9;   -999;   -999;   47.3;eor
  2405;19411101;19411130;   5;   2;    61.0;   -999;   -999;   18.5;eor
  2405;19411201;19411231;   5;   2;   118.4;   -999;   -999;   22.0;eor
  2405;19420101;19420131;   5;   2;   124.2;   -999;   -999;   28.5;eor
  2405;19420201;19420228;   5;   2;    75.3;   -999;   -999;   27.3;eor
  2405;19420301;19420331;   5;   2;   119.5;   -999;   -999;   30.3;eor
  2405;19420401;19420430;   5;   2;    88.4;   -999;   -999;   24.0;eor
  2405;19420501;19420531;   5;   2;   175.6;   -999;   -999;   27.1;eor
  2405;19420601;19420630;   5;   2;   144.3;   -999;   -999;   32.4;eor
  2405;19420701;19420731;   5;   2;   209.2;   -999;   -999;   30.5;eor
  2405;19420801;19420831;   5;   2;   172.3;   -999;   -999;   58.0;eor
  2405;19420901;19420930;   5;   2;    88.2;   -999;   -999;   16.5;eor
  2405;19421001;19421031;   5;   2;   120.1;   -999;   -999;   30.5;eor
  2405;19421101;19421130;   5;   2;    71.9;   -999;   -999;   21.0;eor
  2405;19421201;19421231;   5;   2;    52.0;   -999;   -999;   20.1;eor
  2405;19430101;19430131;   5;   2;   108.3;   -999;   -999;   16.1;eor
  2405;19430201;19430228;   5;   2;    77.3;   -999;   -999;   20.1;eor
  2405;19430301;19430331;   5;   2;    64.2;   -999;   -999;   22.1;eor
  2405;19430401;19430430;   5;   2;   133.1;   -999;   -999;   41.0;eor
  2405;19430501;19430531;   5;   2;    86.7;   -999;   -999;   20.2;eor
  2405;19430601;19430630;   5;   2;   239.2;   -999;   -999;   30.8;eor
  2405;19430701;19430731;   5;   2;   164.3;   -999;   -999;   31.6;eor
  2405;19430801;19430831;   5;   2;    66.8;   -999;   -999;   21.1;eor
  2405;19430901;19430930;   5;   2;   154.6;   -999;   -999;   38.2;eor
  2405;19431001;19431031;   5;   2;     1.0;   -999;   -999;    1.0;eor
  2405;19431101;19431130;   5;   2;   147.5;   -999;   -999;   30.0;eor
  2405;19431201;19431231;   5;   2;    48.7;   -999;   -999;   18.5;eor
  2405;19440101;19440131;   5;   2;   148.9;   -999;   -999;   28.0;eor
  2405;19440201;19440229;   5;   2;   151.8;   -999;   -999;   28.0;eor
  2405;19440301;19440331;   5;   2;   171.0;   -999;   -999;   27.0;eor
  2405;19440401;19440430;   5;   2;    87.0;   -999;   -999;   13.5;eor
  2405;19440501;19440531;   5;   2;   125.3;   -999;   -999;   38.0;eor
  2405;19440601;19440630;   5;   2;   214.1;   -999;   -999;   42.5;eor
  2405;19440701;19440731;   5;   2;   225.5;   -999;   -999;   50.5;eor
  2405;19440801;19440831;   5;   2;    85.4;   -999;   -999;   31.4;eor
  2405;19440901;19440930;   5;   2;   222.6;   -999;   -999;   48.0;eor
  2405;19441001;19441031;   5;   2;   126.4;   -999;   -999;   40.1;eor
  2405;19441101;19441130;   5;   2;   259.8;   -999;   -999;   45.6;eor
  2405;19441201;19441231;   5;   2;    82.5;   -999;   -999;   22.5;eor
  2405;19460101;19460131;   5;   2;    69.7;   -999;   -999;   17.7;eor
  2405;19460201;19460228;   5;   2;   165.8;   -999;   -999;   20.0;eor
  2405;19460301;19460331;   5;   2;    33.7;   -999;   -999;   10.0;eor
  2405;19460401;19460430;   5;   2;    34.9;   -999;   -999;   12.4;eor
  2405;19460501;19460531;   5;   2;   205.7;   -999;   -999;   35.0;eor
  2405;19460601;19460630;   5;   2;   234.3;   -999;   -999;   70.0;eor
  2405;19460701;19460731;   5;   2;   297.5;   -999;   -999;   45.4;eor
  2405;19460801;19460831;   5;   2;   121.2;   -999;   -999;   20.4;eor
  2405;19460901;19460930;   5;   2;    90.3;   -999;   -999;   24.0;eor
  2405;19461001;19461031;   5;   2;   128.0;   -999;   -999;   25.5;eor
  2405;19461101;19461130;   5;   2;    69.2;   -999;   -999;   21.4;eor
  2405;19461201;19461231;   5;   2;    60.0;   -999;   -999;   16.3;eor
  2405;19470101;19470131;   5;   2;    61.7;   -999;   -999;   18.2;eor
  2405;19470201;19470228;   5;   2;    31.6;   -999;   -999;    7.5;eor
  2405;19470301;19470331;   5;   2;   174.8;   -999;   -999;   22.3;eor
  2405;19470401;19470430;   5;   2;    57.7;   -999;   -999;   12.5;eor
  2405;19470501;19470531;   5;   2;    65.0;   -999;   -999;   22.1;eor
  2405;19470601;19470630;   5;   2;   124.2;   -999;   -999;   29.1;eor
  2405;19470701;19470731;   5;   2;   123.0;   -999;   -999;   34.9;eor
  2405;19470801;19470831;   5;   2;    61.0;   -999;   -999;   25.2;eor
  2405;19470901;19470930;   5;   2;    56.3;   -999;   -999;   12.9;eor
  2405;19471001;19471031;   5;   2;    27.9;   -999;   -999;   10.9;eor
  2405;19471101;19471130;   5;   2;   372.9;   -999;   -999;   80.1;eor
  2405;19471201;19471231;   5;   2;   227.0;   -999;   -999;   35.6;eor
  2405;19480101;19480131;   5;   2;   188.1;   -999;   -999;   27.1;eor
  2405;19480201;19480229;   5;   2;   190.0;   -999;   -999;   38.2;eor
  2405;19480301;19480331;   5;   2;    94.2;   -999;   -999;   48.2;eor
  2405;19480401;19480430;   5;   2;    60.3;   -999;   -999;   12.9;eor
  2405;19480501;19480531;   5;   2;    84.6;   -999;   -999;   23.5;eor
  2405;19480601;19480630;   5;   2;   255.1;   -999;   -999;   50.9;eor
  2405;19480701;19480731;   5;   2;   223.0;   -999;   -999;   41.5;eor
  2405;19480801;19480831;   5;   2;   151.0;   -999;   -999;   26.3;eor
  2405;19480901;19480930;   5;   2;    59.9;   -999;   -999;    9.8;eor
  2405;19481001;19481031;   5;   2;    19.7;   -999;   -999;    8.5;eor
  2405;19481101;19481130;   5;   2;    31.9;   -999;   -999;   13.4;eor
  2405;19481201;19481231;   5;   2;    44.8;   -999;   -999;   15.5;eor
  2405;19490101;19490131;   5;   2;   146.0;   -999;   -999;   28.1;eor
  2405;19490201;19490228;   5;   2;    40.5;   -999;   -999;   14.9;eor
  2405;19490301;19490331;   5;   2;    94.0;   -999;   -999;   19.9;eor
  2405;19490401;19490430;   5;   2;   147.3;   -999;   -999;   43.1;eor
  2405;19490501;19490531;   5;   2;   141.4;   -999;   -999;   30.3;eor
  2405;19490601;19490630;   5;   2;    62.5;   -999;   -999;   14.0;eor
  2405;19490701;19490731;   5;   2;    53.2;   -999;   -999;   18.4;eor
  2405;19490801;19490831;   5;   2;   116.1;   -999;   -999;   32.0;eor
  2405;19490901;19490930;   5;   2;    45.3;   -999;   -999;   15.9;eor
  2405;19491001;19491031;   5;   2;    38.5;   -999;   -999;   10.4;eor
  2405;19491101;19491130;   5;   2;   125.1;   -999;   -999;   24.5;eor
  2405;19491201;19491231;   5;   2;   155.2;   -999;   -999;   38.3;eor
  2405;19500101;19500131;   5;   2;    68.8;   -999;   -999;   16.8;eor
  2405;19500201;19500228;   5;   2;   123.7;   -999;   -999;   21.4;eor
  2405;19500301;19500331;   5;   2;    33.8;   -999;   -999;    8.8;eor
  2405;19500401;19500430;   5;   2;   164.8;   -999;   -999;   21.9;eor
  2405;19500501;19500531;   5;   2;    64.5;   -999;   -999;   18.3;eor
  2405;19500601;19500630;   5;   2;    46.5;   -999;   -999;    9.1;eor
  2405;19500701;19500731;   5;   2;   110.6;   -999;   -999;   21.9;eor
  2405;19500801;19500831;   5;   2;   220.1;   -999;   -999;   49.9;eor
  2405;19500901;19500930;   5;   2;   214.8;   -999;   -999;   43.4;eor
  2405;19501001;19501031;   5;   2;    34.3;   -999;   -999;    8.6;eor
  2405;19501101;19501130;   5;   2;   210.7;   -999;   -999;   47.1;eor
  2405;19501201;19501231;   5;   2;    20.7;   -999;   -999;    3.9;eor
  2405;19510101;19510131;   5;   2;    93.2;   -999;   -999;   28.1;eor
  2405;19510201;19510228;   5;   2;    78.6;   -999;   -999;   11.2;eor
  2405;19510301;19510331;   5;   2;   116.7;   -999;   -999;   30.2;eor
  2405;19510401;19510430;   5;   2;    47.0;   -999;   -999;   13.9;eor
  2405;19510501;19510531;   5;   2;    67.7;   -999;   -999;   24.2;eor
  2405;19510601;19510630;   5;   2;   169.9;   -999;   -999;   25.2;eor
  2405;19510701;19510731;   5;   2;   248.0;   -999;   -999;   47.4;eor
  2405;19510801;19510831;   5;   2;   120.9;   -999;   -999;   45.4;eor
  2405;19510901;19510930;   5;   2;    71.6;   -999;   -999;   24.6;eor
  2405;19511001;19511031;   5;   2;    14.8;   -999;   -999;    7.1;eor
  2405;19511101;19511130;   5;   2;   136.2;   -999;   -999;   22.1;eor
  2405;19511201;19511231;   5;   2;    63.5;   -999;   -999;   10.2;eor
  2405;19520101;19520131;   5;   2;   121.1;   -999;   -999;   20.1;eor
  2405;19520201;19520229;   5;   2;   209.2;   -999;   -999;   48.2;eor
  2405;19520301;19520331;   5;   2;   156.4;   -999;   -999;   26.8;eor
  2405;19520401;19520430;   5;   2;    42.3;   -999;   -999;   11.8;eor
  2405;19520501;19520531;   5;   2;   143.0;   -999;   -999;   62.0;eor
  2405;19520601;19520630;   5;   2;   147.0;   -999;   -999;   25.1;eor
  2405;19520701;19520731;   5;   2;    59.5;   -999;   -999;   31.5;eor
  2405;19520801;19520831;   5;   2;   105.3;   -999;   -999;   17.1;eor
  2405;19520901;19520930;   5;   2;   219.5;   -999;   -999;   38.4;eor
  2405;19521001;19521031;   5;   2;   200.9;   -999;   -999;   22.8;eor
  2405;19521101;19521130;   5;   2;   223.9;   -999;   -999;   33.5;eor
  2405;19521201;19521231;   5;   2;   137.8;   -999;   -999;   24.2;eor
  2405;19530101;19530131;   5;   2;    44.6;   -999;   -999;   15.6;eor
  2405;19530201;19530228;   5;   2;    66.3;   -999;   -999;   28.3;eor
  2405;19530301;19530331;   5;   2;    32.0;   -999;   -999;    8.8;eor
  2405;19530401;19530430;   5;   2;   130.9;   -999;   -999;   21.2;eor
  2405;19530501;19530531;   5;   2;   182.4;   -999;   -999;   41.3;eor
  2405;19530601;19530630;   5;   2;   254.0;   -999;   -999;   32.6;eor
  2405;19530701;19530731;   5;   2;   243.4;   -999;   -999;   47.8;eor
  2405;19530801;19530831;   5;   2;   108.8;   -999;   -999;   37.2;eor
  2405;19530901;19530930;   5;   2;    71.7;   -999;   -999;   17.1;eor
  2405;19531001;19531031;   5;   2;    53.9;   -999;   -999;   18.0;eor
  2405;19531101;19531130;   5;   2;    38.8;   -999;   -999;   32.1;eor
  2405;19531201;19531231;   5;   2;    39.2;   -999;   -999;   12.2;eor
  2405;19540101;19540131;   5;   2;   182.0;   -999;   -999;   39.8;eor
  2405;19540201;19540228;   5;   2;    41.3;   -999;   -999;   12.5;eor
  2405;19540301;19540331;   5;   2;    39.6;   -999;   -999;    9.1;eor
  2405;19540401;19540430;   5;   2;    99.2;   -999;   -999;   21.1;eor
  2405;19540501;19540531;   5;   2;   146.1;   -999;   -999;   24.6;eor
  2405;19540601;19540630;   5;   2;   121.5;   -999;   -999;   22.4;eor
  2405;19540701;19540731;   5;   2;   275.9;   -999;   -999;   76.7;eor
  2405;19540801;19540831;   5;   2;   183.0;   -999;   -999;   42.1;eor
  2405;19540901;19540930;   5;   2;   260.0;   -999;   -999;   52.9;eor
  2405;19541001;19541031;   5;   2;   134.7;   -999;   -999;   32.8;eor
  2405;19541101;19541130;   5;   2;    51.8;   -999;   -999;   10.3;eor
  2405;19541201;19541231;   5;   2;   149.9;   -999;   -999;   24.2;eor
  2405;19550101;19550131;   5;   2;   176.4;   -999;   -999;   55.9;eor
  2405;19550201;19550228;   5;   2;   159.1;   -999;   -999;   35.1;eor
  2405;19550301;19550331;   5;   2;    75.6;   -999;   -999;   17.3;eor
  2405;19550401;19550430;   5;   2;   117.7;   -999;   -999;   29.1;eor
  2405;19550501;19550531;   5;   2;   202.4;   -999;   -999;   31.1;eor
  2405;19550601;19550630;   5;   2;   177.2;   -999;   -999;   20.5;eor
  2405;19550701;19550731;   5;   2;   272.1;   -999;   -999;   37.9;eor
  2405;19550801;19550831;   5;   2;   100.2;   -999;   -999;   25.4;eor
  2405;19550901;19550930;   5;   2;   142.8;   -999;   -999;   31.7;eor
  2405;19551001;19551031;   5;   2;    74.9;   -999;   -999;   24.6;eor
  2405;19551101;19551130;   5;   2;    25.2;   -999;   -999;    9.5;eor
  2405;19551201;19551231;   5;   2;   161.1;   -999;   -999;   20.3;eor
  2405;19560101;19560131;   5;   2;   136.4;   -999;   -999;   33.5;eor
  2405;19560201;19560229;   5;   2;    59.4;   -999;   -999;   11.6;eor
  2405;19560301;19560331;   5;   2;   195.2;   -999;   -999;   69.1;eor
  2405;19560401;19560430;   5;   2;   101.5;   -999;   -999;   20.9;eor
  2405;19560501;19560531;   5;   2;   183.9;   -999;   -999;   41.5;eor
  2405;19560601;19560630;   5;   2;   250.0;   -999;   -999;   43.3;eor
  2405;19560701;19560731;   5;   2;   179.9;   -999;   -999;   25.2;eor
  2405;19560801;19560831;   5;   2;   324.9;   -999;   -999;   50.9;eor
  2405;19560901;19560930;   5;   2;   100.1;   -999;   -999;   34.9;eor
  2405;19561001;19561031;   5;   2;   172.9;   -999;   -999;   32.7;eor
  2405;19561101;19561130;   5;   2;    84.5;   -999;   -999;   16.6;eor
  2405;19561201;19561231;   5;   2;    52.8;   -999;   -999;    8.9;eor
  2405;19570101;19570131;   5;   2;    63.2;   -999;   -999;   20.1;eor
  2405;19570201;19570228;   5;   2;   214.4;   -999;   -999;   76.6;eor
  2405;19570301;19570331;   5;   2;    97.1;   -999;   -999;   45.7;eor
  2405;19570401;19570430;   5;   2;   116.9;   -999;   -999;   27.4;eor
  2405;19570501;19570531;   5;   2;    89.7;   -999;   -999;   15.6;eor
  2405;19570601;19570630;   5;   2;   235.0;   -999;   -999;   31.0;eor
  2405;19570701;19570731;   5;   2;   303.5;   -999;   -999;   60.8;eor
  2405;19570801;19570831;   5;   2;   239.2;   -999;   -999;   68.9;eor
  2405;19570901;19570930;   5;   2;   199.9;   -999;   -999;   47.5;eor
  2405;19571001;19571031;   5;   2;    29.9;   -999;   -999;   10.5;eor
  2405;19571101;19571130;   5;   2;    26.5;   -999;   -999;   17.3;eor
  2405;19571201;19571231;   5;   2;    64.0;   -999;   -999;   22.3;eor
  2405;19580101;19580131;   5;   2;   107.9;   -999;   -999;   20.9;eor
  2405;19580201;19580228;   5;   2;   250.0;   -999;   -999;   40.1;eor
  2405;19580301;19580331;   5;   2;   122.8;   -999;   -999;   35.9;eor
  2405;19580401;19580430;   5;   2;   199.3;   -999;   -999;   23.1;eor
  2405;19580501;19580531;   5;   2;    77.1;   -999;   -999;   17.5;eor
  2405;19580601;19580630;   5;   2;   195.0;   -999;   -999;   44.7;eor
  2405;19580701;19580731;   5;   2;   173.0;   -999;   -999;   27.9;eor
  2405;19580801;19580831;   5;   2;   147.4;   -999;   -999;   41.1;eor
  2405;19580901;19580930;   5;   2;    94.5;   -999;   -999;   32.3;eor
  2405;19581001;19581031;   5;   2;   225.9;   -999;   -999;   53.8;eor
  2405;19581101;19581130;   5;   2;    63.8;   -999;   -999;   19.1;eor
  2405;19581201;19581231;   5;   2;   105.4;   -999;   -999;   16.1;eor
  2405;19590101;19590131;   5;   2;   167.5;   -999;   -999;   26.1;eor
  2405;19590201;19590228;   5;   2;    23.4;   -999;   -999;   14.8;eor
  2405;19590301;19590331;   5;   2;    58.9;   -999;   -999;   24.9;eor
  2405;19590401;19590430;   5;   2;   119.8;   -999;   -999;   36.5;eor
  2405;19590501;19590531;   5;   2;   172.8;   -999;   -999;   64.5;eor
  2405;19590601;19590630;   5;   2;   285.4;   -999;   -999;   63.9;eor
  2405;19590701;19590731;   5;   2;   164.7;   -999;   -999;   32.3;eor
  2405;19590801;19590831;   5;   2;   119.1;   -999;   -999;   44.1;eor
  2405;19590901;19590930;   5;   2;    44.1;   -999;   -999;   23.1;eor
  2405;19591001;19591031;   5;   2;    85.4;   -999;   -999;   31.2;eor
  2405;19591101;19591130;   5;   2;    41.4;   -999;   -999;   19.0;eor
  2405;19591201;19591231;   5;   2;   122.9;   -999;   -999;   18.2;eor
  2405;19600101;19600131;   5;   2;   146.9;   -999;   -999;   39.4;eor
  2405;19600201;19600229;   5;   2;   122.9;   -999;   -999;   26.1;eor
  2405;19600301;19600331;   5;   2;   120.7;   -999;   -999;   23.4;eor
  2405;19600401;19600430;   5;   2;   125.0;   -999;   -999;   23.5;eor
  2405;19600501;19600531;   5;   2;   186.2;   -999;   -999;   57.4;eor
  2405;19600601;19600630;   5;   2;   216.1;   -999;   -999;   27.9;eor
  2405;19600701;19600731;   5;   2;   254.7;   -999;   -999;   35.3;eor
  2405;19600801;19600831;   5;   2;   304.2;   -999;   -999;   52.8;eor
  2405;19600901;19600930;   5;   2;   148.0;   -999;   -999;   43.1;eor
  2405;19601001;19601031;   5;   2;   192.6;   -999;   -999;   38.9;eor
  2405;19601101;19601130;   5;   2;   110.0;   -999;   -999;   15.8;eor
  2405;19601201;19601231;   5;   2;    92.8;   -999;   -999;   48.2;eor
  2405;19610101;19610131;   5;   2;   103.4;     61;   1158;   29.8;eor
  2405;19610201;19610228;   5;   2;   125.4;     39;    407;   26.9;eor
  2405;19610301;19610331;   5;   2;   132.2;     62;    176;   30.0;eor
  2405;19610401;19610430;   5;   2;   108.4;      0;      0;   26.1;eor
  2405;19610501;19610531;   5;   2;   286.1;      0;      0;   34.6;eor
  2405;19610601;19610630;   5;   2;   171.8;      0;      0;   31.2;eor
  2405;19610701;19610731;   5;   2;   185.0;      0;      0;   33.2;eor
  2405;19610801;19610831;   5;   2;   214.3;      0;      0;   44.4;eor
  2405;19610901;19610930;   5;   2;   135.2;      0;      0;   48.0;eor
  2405;19611001;19611031;   5;   2;    95.1;      8;      8;   34.1;eor
  2405;19611101;19611130;   5;   2;    64.3;     25;     75;   27.3;eor
  2405;19611201;19611231;   5;   2;   211.1;     25;    176;   45.2;eor
  2405;19620101;19620131;   5;   2;   205.5;     88;    508;   57.6;eor
  2405;19620201;19620228;   5;   2;   189.7;     72;    660;   52.4;eor
  2405;19620301;19620331;   5;   2;   115.6;     65;    653;   27.7;eor
  2405;19620401;19620430;   5;   2;   127.2;     88;    309;   22.5;eor
  2405;19620501;19620531;   5;   2;   308.9;     12;     15;   47.1;eor
  2405;19620601;19620630;   5;   2;   101.1;      9;      9;   26.1;eor
  2405;19620701;19620731;   5;   2;   175.1;      0;      0;   56.9;eor
  2405;19620801;19620831;   5;   2;   151.0;      0;      0;   21.4;eor
  2405;19620901;19620930;   5;   2;   114.1;      0;      0;   25.2;eor
  2405;19621001;19621031;   5;   2;    28.3;      6;     12;   10.2;eor
  2405;19621101;19621130;   5;   2;    61.8;     64;    379;   15.4;eor
  2405;19621201;19621231;   5;   2;   197.3;    136;   1326;   45.2;eor
  2405;19630101;19630131;   5;   2;    81.2;     80;   2081;   12.0;eor
  2405;19630201;19630228;   5;   2;    43.1;     48;   1973;   14.5;eor
  2405;19630301;19630331;   5;   2;   138.4;     54;   1081;   25.6;eor
  2405;19630401;19630430;   5;   2;    91.5;     20;    314;   24.0;eor
  2405;19630501;19630531;   5;   2;   195.0;      9;      9;   37.0;eor
  2405;19630601;19630630;   5;   2;   191.2;      0;      0;   45.0;eor
  2405;19630701;19630731;   5;   2;   125.9;      0;      0;   18.5;eor
  2405;19630801;19630831;   5;   2;   226.8;      0;      0;   39.8;eor
  2405;19630901;19630930;   5;   2;   175.8;      0;      0;   40.1;eor
  2405;19631001;19631031;   5;   2;    90.1;      0;      0;   44.8;eor
  2405;19631101;19631130;   5;   2;   171.3;      8;     10;   38.8;eor
  2405;19631201;19631231;   5;   2;    24.4;     12;    106;   16.3;eor
  2405;19640101;19640131;   5;   2;    48.8;     43;    248;   17.1;eor
  2405;19640201;19640229;   5;   2;    85.0;     71;    537;   25.5;eor
  2405;19640301;19640331;   5;   2;   108.1;     59;    209;   20.5;eor
  2405;19640401;19640430;   5;   2;   162.6;     20;     29;   32.5;eor
  2405;19640501;19640531;   5;   2;   272.1;      0;      0;  104.4;eor
  2405;19640601;19640630;   5;   2;   120.3;      0;      0;   42.2;eor
  2405;19640701;19640731;   5;   2;   110.4;      0;      0;   27.1;eor
  2405;19640801;19640831;   5;   2;   190.9;      0;      0;   38.1;eor
  2405;19640901;19640930;   5;   2;   180.0;      0;      0;   51.4;eor
  2405;19641001;19641031;   5;   2;   199.8;     18;     35;   37.9;eor
  2405;19641101;19641130;   5;   2;   230.3;     26;     37;   60.1;eor
  2405;19641201;19641231;   5;   2;   101.8;     86;    927;   23.5;eor
  2405;19650101;19650131;   5;   2;   130.7;     89;   1132;   22.3;eor
  2405;19650201;19650228;   5;   2;   127.2;    132;   1793;   18.5;eor
  2405;19650301;19650331;   5;   2;   132.9;     35;   1244;   36.4;eor
  2405;19650401;19650430;   5;   2;   271.5;    110;    277;   50.1;eor
  2405;19650501;19650531;   5;   2;   294.8;      1;      1;   40.2;eor
  2405;19650601;19650630;   5;   2;   253.4;      0;      0;   60.2;eor
  2405;19650701;19650731;   5;   2;   295.6;      0;      0;   44.7;eor
  2405;19650801;19650831;   5;   2;   144.7;      0;      0;   36.5;eor
  2405;19650901;19650930;   5;   2;   138.5;      0;      0;   53.2;eor
  2405;19651001;19651031;   5;   2;    14.7;      0;      0;    6.0;eor
  2405;19651101;19651130;   5;   2;   205.9;     77;    268;   29.9;eor
  2405;19651201;19651231;   5;   2;   279.7;    179;    752;   22.8;eor
  2405;19660101;19660131;   5;   2;   107.8;     70;   1296;   21.9;eor
  2405;19660201;19660228;   5;   2;   217.9;     15;    126;   52.3;eor
  2405;19660301;19660331;   5;   2;   211.8;    146;    655;   28.9;eor
  2405;19660401;19660430;   5;   2;   114.8;      0;     48;   28.4;eor
  2405;19660501;19660531;   5;   2;   239.3;      3;      3;   37.8;eor
  2405;19660601;19660630;   5;   2;   183.4;      0;      0;   28.2;eor
  2405;19660701;19660731;   5;   2;   318.8;      0;      0;   56.7;eor
  2405;19660801;19660831;   5;   2;   281.0;      0;      0;   54.3;eor
  2405;19660901;19660930;   5;   2;    81.1;      0;      0;   25.1;eor
  2405;19661001;19661031;   5;   2;    89.2;      8;      8;   25.1;eor
  2405;19661101;19661130;   5;   2;   141.1;    114;    529;   23.2;eor
  2405;19661201;19661231;   5;   2;   249.0;    121;   1190;   50.0;eor
  2405;19670101;19670131;   5;   2;   140.5;     76;   1286;   24.8;eor
  2405;19670201;19670228;   5;   2;   117.6;     37;    441;   38.1;eor
  2405;19670301;19670331;   5;   2;   176.5;    144;    509;   24.4;eor
  2405;19670401;19670430;   5;   2;   157.2;     76;    226;   38.1;eor
  2405;19670501;19670531;   5;   2;   187.9;     25;     40;   51.5;eor
  2405;19670601;19670630;   5;   2;   172.6;      0;      0;   33.8;eor
  2405;19670701;19670731;   5;   2;   140.9;      0;      0;   42.2;eor
  2405;19670801;19670831;   5;   2;   159.5;      0;      0;   40.6;eor
  2405;19670901;19670930;   5;   2;   178.1;      0;      0;   33.9;eor
  2405;19671001;19671031;   5;   2;    86.9;      0;      0;   34.5;eor
  2405;19671101;19671130;   5;   2;    80.5;      8;      9;   15.5;eor
  2405;19671201;19671231;   5;   2;   160.8;     88;    474;   35.6;eor
  2405;19680101;19680131;   5;   2;   311.0;    234;   1674;   39.1;eor
  2405;19680201;19680229;   5;   2;    99.2;     31;   1217;   29.2;eor
  2405;19680301;19680331;   5;   2;   153.4;    139;   1357;   28.8;eor
  2405;19680401;19680430;   5;   2;   111.2;     48;    331;   25.0;eor
  2405;19680501;19680531;   5;   2;   120.0;      1;      1;   30.1;eor
  2405;19680601;19680630;   5;   2;   170.8;      0;      0;   27.7;eor
  2405;19680701;19680731;   5;   2;   224.3;      0;      0;   49.1;eor
  2405;19680801;19680831;   5;   2;   232.3;      0;      0;   41.8;eor
  2405;19680901;19680930;   5;   2;   215.7;      0;      0;   63.2;eor
  2405;19681001;19681031;   5;   2;   131.9;      0;      0;   72.6;eor
  2405;19681101;19681130;   5;   2;    24.7;      6;     20;   13.5;eor
  2405;19681201;19681231;   5;   2;    70.5;     72;    247;   11.4;eor
  2405;19690101;19690131;   5;   2;    80.6;     50;   1052;   16.5;eor
  2405;19690201;19690228;   5;   2;   122.4;    128;   1510;   24.8;eor
  2405;19690301;19690331;   5;   2;    53.1;     20;    729;    8.2;eor
  2405;19690401;19690430;   5;   2;   125.0;     67;    252;   20.3;eor
  2405;19690501;19690531;   5;   2;    69.7;      0;      0;   14.8;eor
  2405;19690601;19690630;   5;   2;   195.5;      1;      1;   27.5;eor
  2405;19690701;19690731;   5;   2;   131.3;      0;      0;   22.7;eor
  2405;19690801;19690831;   5;   2;   358.3;      0;      0;   83.4;eor
  2405;19690901;19690930;   5;   2;    39.8;      0;      0;   26.3;eor
  2405;19691001;19691031;   5;   2;    28.8;      0;      0;   22.1;eor
  2405;19691101;19691130;   5;   2;   160.8;     74;    185;   20.5;eor
  2405;19691201;19691231;   5;   2;   115.3;     90;   1371;   34.2;eor
  2405;19700101;19700131;   5;   2;    96.9;     44;   1144;   24.4;eor
  2405;19700201;19700228;   5;   2;   409.2;    182;   1600;   60.2;eor
  2405;19700301;19700331;   5;   2;   257.0;    147;   2474;   34.2;eor
  2405;19700401;19700430;   5;   2;   267.7;    121;   1551;   35.6;eor
  2405;19700501;19700531;   5;   2;   208.4;     13;    110;   33.2;eor
  2405;19700601;19700630;   5;   2;   227.2;      0;      0;   61.5;eor
  2405;19700701;19700731;   5;   2;   240.6;      0;      0;   40.9;eor
  2405;19700801;19700831;   5;   2;   316.9;      0;      0;   87.4;eor
  2405;19700901;19700930;   5;   2;   120.4;      0;      0;   33.9;eor
  2405;19701001;19701031;   5;   2;   229.3;     42;    192;   47.1;eor
  2405;19701101;19701130;   5;   2;   168.7;     62;    217;   42.9;eor
  2405;19701201;19701231;   5;   2;    96.8;   -999;   -999;   35.9;eor
  2405;19710101;19710131;   5;   2;    30.5;     11;    306;    8.3;eor
  2405;19710201;19710228;   5;   2;   107.4;    100;    650;   19.5;eor
  2405;19710301;19710331;   5;   2;    80.3;     76;   1354;   15.3;eor
  2405;19710401;19710430;   5;   2;    54.7;     10;     67;   18.4;eor
  2405;19710501;19710531;   5;   2;   194.8;      0;      0;   40.6;eor
  2405;19710601;19710630;   5;   2;   391.7;      0;      0;  122.3;eor
  2405;19710701;19710731;   5;   2;   178.2;      0;      0;   48.9;eor
  2405;19710801;19710831;   5;   2;   198.0;      0;      0;   37.4;eor
  2405;19710901;19710930;   5;   2;    59.3;      0;      0;   19.5;eor
  2405;19711001;19711031;   5;   2;    58.4;      6;      6;   32.0;eor
  2405;19711101;19711130;   5;   2;   156.7;     60;    325;   28.0;eor
  2405;19711201;19711231;   5;   2;    59.6;     38;    340;   13.1;eor
  2405;19720101;19720131;   5;   2;    22.8;     18;    115;    4.8;eor
  2405;19720201;19720229;   5;   2;    12.2;      9;    115;    8.3;eor
  2405;19720301;19720331;   5;   2;    54.0;     19;     30;   17.1;eor
  2405;19720401;19720430;   5;   2;   239.2;     40;     78;   38.1;eor
  2405;19720501;19720531;   5;   2;   160.3;      0;      0;   30.2;eor
  2405;19720601;19720630;   5;   2;   187.3;      0;      0;   48.7;eor
  2405;19720701;19720731;   5;   2;   235.3;      0;      0;   52.4;eor
  2405;19720801;19720831;   5;   2;   178.1;      0;      0;   68.2;eor
  2405;19720901;19720930;   5;   2;    73.6;      0;      0;   24.4;eor
  2405;19721001;19721031;   5;   2;   102.8;     50;    136;   32.9;eor
  2405;19721101;19721130;   5;   2;   353.0;     79;    265;   62.8;eor
  2405;19721201;19721231;   5;   2;    19.6;      9;    181;    5.8;eor
  2405;19730101;19730131;   5;   2;    82.5;     70;    350;   33.5;eor
  2405;19730201;19730228;   5;   2;   112.3;    120;   1052;   26.3;eor
  2405;19730301;19730331;   5;   2;    98.8;     69;   1731;   18.1;eor
  2405;19730401;19730430;   5;   2;   139.6;     90;    996;   19.3;eor
  2405;19730501;19730531;   5;   2;    87.8;      0;      0;   19.6;eor
  2405;19730601;19730630;   5;   2;   153.3;      0;      0;   33.8;eor
  2405;19730701;19730731;   5;   2;   233.4;      0;      0;   34.2;eor
  2405;19730801;19730831;   5;   2;   111.8;      0;      0;   47.8;eor
  2405;19730901;19730930;   5;   2;    75.9;      0;      0;   19.5;eor
  2405;19731001;19731031;   5;   2;   185.2;      9;     13;   49.0;eor
  2405;19731101;19731130;   5;   2;   296.5;     87;    235;   70.6;eor
  2405;19731201;19731231;   5;   2;   142.4;     98;   1423;   23.7;eor
  2405;19740101;19740131;   5;   2;    86.4;     46;    992;   32.7;eor
  2405;19740201;19740228;   5;   2;    93.8;     77;    741;   15.2;eor
  2405;19740301;19740331;   5;   2;    61.8;     21;    410;   16.1;eor
  2405;19740401;19740430;   5;   2;    72.4;     12;     19;   28.1;eor
  2405;19740501;19740531;   5;   2;   188.8;      0;      0;   36.9;eor
  2405;19740601;19740630;   5;   2;   245.6;      0;      0;   33.3;eor
  2405;19740701;19740731;   5;   2;   222.0;      0;      0;   51.4;eor
  2405;19740801;19740831;   5;   2;   221.7;      0;      0;   49.2;eor
  2405;19740901;19740930;   5;   2;   253.2;      1;      1;   41.4;eor
  2405;19741001;19741031;   5;   2;   283.1;    112;    291;   31.4;eor
  2405;19741101;19741130;   5;   2;   175.4;     57;    589;   32.1;eor
  2405;19741201;19741231;   5;   2;   248.7;     99;    485;   29.5;eor
  2405;19750101;19750131;   5;   2;   134.1;     22;    176;   29.3;eor
  2405;19750201;19750228;   5;   2;    27.7;     25;    125;   14.5;eor
  2405;19750301;19750331;   5;   2;   100.4;     95;    262;   16.5;eor
  2405;19750401;19750430;   5;   2;   134.7;     68;    536;   19.9;eor
  2405;19750501;19750531;   5;   2;   121.0;      8;      8;   29.1;eor
  2405;19750601;19750630;   5;   2;   291.9;      0;      0;   43.9;eor
  2405;19750701;19750731;   5;   2;   146.7;      0;      0;   24.5;eor
  2405;19750801;19750831;   5;   2;   273.3;      0;      0;   55.8;eor
  2405;19750901;19750930;   5;   2;   105.6;      0;      0;   31.2;eor
  2405;19751001;19751031;   5;   2;    64.9;      2;      2;   29.2;eor
  2405;19751101;19751130;   5;   2;   131.1;     23;    115;   33.2;eor
  2405;19751201;19751231;   5;   2;    16.9;     28;    271;    9.4;eor
  2405;19760101;19760131;   5;   2;   219.8;     93;    542;   33.8;eor
  2405;19760201;19760229;   5;   2;    36.2;     29;    780;   11.3;eor
  2405;19760301;19760331;   5;   2;    58.4;     14;    150;   14.8;eor
  2405;19760401;19760430;   5;   2;    75.2;     35;     72;   24.5;eor
  2405;19760501;19760531;   5;   2;   185.6;      0;      0;   43.0;eor
  2405;19760601;19760630;   5;   2;   129.2;      0;      0;   70.2;eor
  2405;19760701;19760731;   5;   2;   243.7;      0;      0;   54.6;eor
  2405;19760801;19760831;   5;   2;   138.3;      0;      0;   18.8;eor
  2405;19760901;19760930;   5;   2;   146.4;      0;      0;   38.3;eor
  2405;19761001;19761031;   5;   2;    63.9;      0;      0;   11.6;eor
  2405;19761101;19761130;   5;   2;   100.6;     46;    182;   19.1;eor
  2405;19761201;19761231;   5;   2;   151.2;    111;   1013;   46.2;eor
  2405;19770101;19770131;   5;   2;   143.1;    108;   1343;   26.8;eor
  2405;19770201;19770228;   5;   2;   214.2;     31;    317;   39.5;eor
  2405;19770301;19770331;   5;   2;   100.8;     19;     82;   27.3;eor
  2405;19770401;19770430;   5;   2;   306.0;    112;    391;   53.8;eor
  2405;19770501;19770531;   5;   2;    83.8;      0;      0;   26.3;eor
  2405;19770601;19770630;   5;   2;   173.7;      0;      0;   36.1;eor
  2405;19770701;19770731;   5;   2;   247.4;      0;      0;   76.8;eor
  2405;19770801;19770831;   5;   2;   211.9;      0;      0;   39.4;eor
  2405;19770901;19770930;   5;   2;   144.1;      0;      0;   49.3;eor
  2405;19771001;19771031;   5;   2;    84.7;      0;      0;   25.4;eor
  2405;19771101;19771130;   5;   2;   285.1;    105;    557;   68.3;eor
  2405;19771201;19771231;   5;   2;   127.1;     28;    533;   49.1;eor
  2405;19780101;19780131;   5;   2;    97.1;     80;    990;   16.5;eor
  2405;19780201;19780228;   5;   2;   245.5;    173;   2211;   46.7;eor
  2405;19780301;19780331;   5;   2;   157.3;     80;    865;   34.7;eor
  2405;19780401;19780430;   5;   2;    25.0;     10;     42;    7.5;eor
  2405;19780501;19780531;   5;   2;   193.3;      0;      0;   52.7;eor
  2405;19780601;19780630;   5;   2;   183.2;      0;      0;   27.6;eor
  2405;19780701;19780731;   5;   2;   253.8;      0;      0;   35.4;eor
  2405;19780801;19780831;   5;   2;   212.7;      0;      0;   66.9;eor
  2405;19780901;19780930;   5;   2;   205.2;      0;      0;   43.4;eor
  2405;19781001;19781031;   5;   2;   157.1;      0;      0;   31.0;eor
  2405;19781101;19781130;   5;   2;    24.1;     21;     66;   11.1;eor
  2405;19781201;19781231;   5;   2;    84.7;     15;    168;   17.9;eor
  2405;19790101;19790131;   5;   2;   134.8;    145;    908;   16.1;eor
  2405;19790201;19790228;   5;   2;   169.5;     30;    342;   35.7;eor
  2405;19790301;19790331;   5;   2;   196.5;     70;    131;   55.6;eor
  2405;19790401;19790430;   5;   2;   152.6;     58;    186;   22.2;eor
  2405;19790501;19790531;   5;   2;   120.7;     13;     22;   35.2;eor
  2405;19790601;19790630;   5;   2;   350.7;      0;      0;   66.5;eor
  2405;19790701;19790731;   5;   2;    95.7;      0;      0;   25.1;eor
  2405;19790801;19790831;   5;   2;   160.9;      0;      0;   30.4;eor
  2405;19790901;19790930;   5;   2;   163.4;      8;      8;   76.6;eor
  2405;19791001;19791031;   5;   2;    32.8;      0;      0;   14.4;eor
  2405;19791101;19791130;   5;   2;   225.2;     37;    128;   36.3;eor
  2405;19791201;19791231;   5;   2;   168.2;     85;    231;   29.5;eor
  2405;19800101;19800131;   5;   2;   181.9;    121;   1178;   42.8;eor
  2405;19800201;19800229;   5;   2;   124.1;     14;    252;   43.8;eor
  2405;19800301;19800331;   5;   2;    98.6;     37;    138;   26.3;eor
  2405;19800401;19800430;   5;   2;   198.4;    112;    362;   25.8;eor
  2405;19800501;19800531;   5;   2;   119.3;      0;      8;   22.9;eor
  2405;19800601;19800630;   5;   2;   324.1;      0;      0;   36.9;eor
  2405;19800701;19800731;   5;   2;   300.3;      0;      0;   50.6;eor
  2405;19800801;19800831;   5;   2;   179.9;      0;      0;   39.8;eor
  2405;19800901;19800930;   5;   2;    77.4;      0;      0;   19.8;eor
  2405;19801001;19801031;   5;   2;   139.3;      0;      0;   37.6;eor
  2405;19801101;19801130;   5;   2;    93.6;     29;     39;   18.2;eor
  2405;19801201;19801231;   5;   2;   186.3;    202;   1176;   29.8;eor
  2405;19810101;19810131;  10;   2;   290.7;    281;   3349;   49.5;eor
  2405;19810201;19810228;  10;   2;   128.4;     41;   2400;   49.8;eor
  2405;19810301;19810331;  10;   2;   186.1;     36;    461;   44.6;eor
  2405;19810401;19810430;  10;   2;    80.7;     17;     23;   22.8;eor
  2405;19810501;19810531;  10;   2;   174.3;      8;     10;   45.0;eor
  2405;19810601;19810630;  10;   2;   142.0;      0;      0;   32.9;eor
  2405;19810701;19810731;  10;   2;   401.1;      0;      0;   70.2;eor
  2405;19810801;19810831;  10;   2;   105.8;      0;      0;   21.6;eor
  2405;19810901;19810930;  10;   2;   269.5;      0;      0;   66.9;eor
  2405;19811001;19811031;  10;   2;   355.1;     27;     72;   62.1;eor
  2405;19811101;19811130;  10;   2;   190.0;    121;    204;   60.5;eor
  2405;19811201;19811231;  10;   2;   638.2;    368;   5038;   55.8;eor
  2405;19820101;19820131;  10;   2;   410.4;    136;   3767;   93.8;eor
  2405;19820201;19820228;  10;   2;    28.9;     29;   2981;   14.0;eor
  2405;19820301;19820331;  10;   2;   215.1;    126;   3590;   34.4;eor
  2405;19820401;19820430;  10;   2;   106.3;     38;    607;   32.3;eor
  2405;19820501;19820531;  10;   2;   104.4;     11;     12;   20.6;eor
  2405;19820601;19820630;  10;   2;   266.5;      0;      0;   36.3;eor
  2405;19820701;19820731;  10;   2;   126.6;      0;      0;   25.8;eor
  2405;19820801;19820831;  10;   2;   255.5;      0;      0;   36.6;eor
  2405;19820901;19820930;  10;   2;    86.1;      0;      0;   33.6;eor
  2405;19821001;19821031;  10;   2;   102.6;      3;      3;   31.4;eor
  2405;19821101;19821130;  10;   2;   107.7;     34;     54;   22.7;eor
  2405;19821201;19821231;  10;   2;   246.0;     81;    238;   40.0;eor
  2405;19830101;19830131;  10;   2;   242.1;     75;    245;   36.5;eor
  2405;19830201;19830228;  10;   2;   119.0;     97;   1092;   33.8;eor
  2405;19830301;19830331;  10;   2;   117.5;     56;    292;   30.7;eor
  2405;19830401;19830430;  10;   2;   217.3;     68;    104;   30.8;eor
  2405;19830501;19830531;  10;   2;   205.2;      0;      0;   30.7;eor
  2405;19830601;19830630;  10;   2;   202.4;      0;      0;   43.3;eor
  2405;19830701;19830731;  10;   2;    44.2;      0;      0;   10.2;eor
  2405;19830801;19830831;  10;   2;   206.2;      0;      0;   44.2;eor
  2405;19830901;19830930;  10;   2;   201.0;      0;      0;   53.4;eor
  2405;19831001;19831031;  10;   2;   126.6;      0;      0;   34.7;eor
  2405;19831101;19831130;  10;   2;   185.5;      7;      9;   66.6;eor
  2405;19831201;19831231;  10;   2;   125.6;     45;    211;   39.5;eor
  2405;19840101;19840131;  10;   2;   238.3;    247;   1150;   30.4;eor
  2405;19840201;19840229;  10;   2;   165.1;    171;   2115;   46.8;eor
  2405;19840301;19840331;  10;   2;    85.7;     70;   1272;   22.0;eor
  2405;19840401;19840430;  10;   2;    78.9;     45;    243;   17.8;eor
  2405;19840501;19840531;  10;   2;   140.9;      0;      0;   32.0;eor
  2405;19840601;19840630;  10;   2;   180.6;      0;      0;   45.0;eor
  2405;19840701;19840731;  10;   2;   168.2;      0;      0;   32.8;eor
  2405;19840801;19840831;  10;   2;   166.7;      0;      0;   43.5;eor
  2405;19840901;19840930;  10;   2;   412.8;      0;      0;   84.5;eor
  2405;19841001;19841031;  10;   2;    55.9;      0;      0;   14.9;eor
  2405;19841101;19841130;  10;   2;    84.9;      6;      7;   25.5;eor
  2405;19841201;19841231;  10;   2;   134.6;     28;     78;   60.0;eor
  2405;19850101;19850131;  10;   2;   141.5;    109;    947;   32.2;eor
  2405;19850201;19850228;  10;   2;   143.3;     56;    449;   28.2;eor
  2405;19850301;19850331;  10;   2;    88.5;     96;    543;   25.5;eor
  2405;19850401;19850430;  10;   2;   245.6;     69;     82;   63.5;eor
  2405;19850501;19850531;  10;   2;   240.3;     24;     54;   56.4;eor
  2405;19850601;19850630;  10;   2;   257.3;      0;      0;   33.6;eor
  2405;19850701;19850731;  10;   2;   124.5;      0;      0;   23.6;eor
  2405;19850801;19850831;  10;   2;   278.1;      0;      0;   77.5;eor
  2405;19850901;19850930;  10;   2;    75.5;      0;      0;   33.3;eor
  2405;19851001;19851031;  10;   2;    18.8;      0;      0;    6.9;eor
  2405;19851101;19851130;  10;   2;   209.8;     69;    275;   42.2;eor
  2405;19851201;19851231;  10;   2;    65.9;     25;     66;   19.0;eor
  2405;19860101;19860131;  10;   2;   414.1;    339;   1407;   48.2;eor
  2405;19860201;19860228;  10;   2;    42.3;     78;   1818;   29.7;eor
  2405;19860301;19860331;  10;   2;   144.8;     52;   2059;   34.9;eor
  2405;19860401;19860430;  10;   2;   187.1;     88;    289;   35.7;eor
  2405;19860501;19860531;  10;   2;   200.9;      0;      0;   24.2;eor
  2405;19860601;19860630;  10;   2;   211.0;      0;      0;   39.3;eor
  2405;19860701;19860731;  10;   2;   189.3;      0;      0;   56.6;eor
  2405;19860801;19860831;  10;   2;   206.5;      0;      0;   40.1;eor
  2405;19860901;19860930;  10;   2;    30.4;      0;      0;   18.2;eor
  2405;19861001;19861031;  10;   2;   139.2;      0;      0;   47.7;eor
  2405;19861101;19861130;  10;   2;    72.9;      3;      3;   16.8;eor
  2405;19861201;19861231;  10;   2;   292.2;    220;    633;   71.7;eor
  2405;19870101;19870131;  10;   2;   157.3;    151;   2412;   35.7;eor
  2405;19870201;19870228;  10;   2;   113.6;     32;   1614;   31.2;eor
  2405;19870301;19870331;  10;   2;   194.4;    162;   1499;   49.1;eor
  2405;19870401;19870430;  10;   2;   132.9;     15;    169;   39.2;eor
  2405;19870501;19870531;  10;   2;   238.9;     27;     41;   31.0;eor
  2405;19870601;19870630;  10;   2;   234.0;      0;      0;   43.3;eor
  2405;19870701;19870731;  10;   2;   340.5;      0;      0;   54.0;eor
  2405;19870801;19870831;  10;   2;   121.2;      0;      0;   31.3;eor
  2405;19870901;19870930;  10;   2;   194.0;      0;      0;   53.2;eor
  2405;19871001;19871031;  10;   2;    39.8;      0;      0;   10.5;eor
  2405;19871101;19871130;  10;   2;   173.5;     34;    144;   33.0;eor
  2405;19871201;19871231;  10;   2;   157.4;      4;     47;   54.6;eor
  2405;19880101;19880131;  10;   2;   156.0;     68;     95;   22.7;eor
  2405;19880201;19880229;  10;   2;   202.1;    206;   1069;   22.8;eor
  2405;19880301;19880331;  10;   2;   551.3;    388;   3347;   79.1;eor
  2405;19880401;19880430;  10;   2;   111.7;     16;    691;   29.3;eor
  2405;19880501;19880531;  10;   2;   127.9;      0;      0;   32.3;eor
  2405;19880601;19880630;  10;   2;   161.4;      0;      0;   61.8;eor
  2405;19880701;19880731;  10;   2;   196.3;      0;      0;   43.1;eor
  2405;19880801;19880831;  10;   2;   204.3;      0;      0;   43.8;eor
  2405;19880901;19880930;  10;   2;    97.1;      0;      0;   20.9;eor
  2405;19881001;19881031;  10;   2;   129.9;      0;      0;   23.0;eor
  2405;19881101;19881130;  10;   2;   110.3;     56;    215;   30.7;eor
  2405;19881201;19881231;  10;   2;   261.0;    108;    520;   47.9;eor
  2405;19890101;19890131;  10;   2;    55.4;      6;     16;   17.6;eor
  2405;19890201;19890228;  10;   2;   152.7;     71;    146;   29.0;eor
  2405;19890301;19890331;  10;   2;    94.0;     48;    164;   18.8;eor
  2405;19890401;19890430;  10;   2;   159.9;     24;     25;   31.5;eor
  2405;19890501;19890531;  10;   2;    81.8;      0;      0;   15.5;eor
  2405;19890601;19890630;  10;   2;   199.3;      0;      0;   41.6;eor
  2405;19890701;19890731;  10;   2;   295.6;      0;      0;   55.2;eor
  2405;19890801;19890831;  10;   2;   154.8;      0;      0;   54.2;eor
  2405;19890901;19890930;  10;   2;   140.8;      0;      0;   35.0;eor
  2405;19891001;19891031;  10;   2;   200.5;      0;      0;   49.0;eor
  2405;19891101;19891130;  10;   2;    78.0;     27;     87;   16.8;eor
  2405;19891201;19891231;  10;   2;   130.7;      2;     37;   22.4;eor
  2405;19900101;19900131;  10;   2;    72.8;     27;    117;   21.9;eor
  2405;19900201;19900228;  10;   2;   335.9;     62;     70;  110.6;eor
  2405;19900301;19900331;  10;   2;   115.0;     61;    180;   26.0;eor
  2405;19900401;19900430;  10;   2;   134.8;     38;     44;   24.5;eor
  2405;19900501;19900531;  10;   2;    69.1;      0;      0;   15.2;eor
  2405;19900601;19900630;  10;   2;   268.4;      0;      0;   36.9;eor
  2405;19900701;19900731;  10;   2;   213.9;      0;      0;   42.2;eor
  2405;19900801;19900831;  10;   2;   149.6;      0;      0;   75.5;eor
  2405;19900901;19900930;  10;   2;   169.9;      0;      0;   54.6;eor
  2405;19901001;19901031;  10;   2;   239.5;      0;      0;   74.4;eor
  2405;19901101;19901130;  10;   2;   202.6;     67;    249;   26.7;eor
  2405;19901201;19901231;  10;   2;   108.5;    128;    747;   20.3;eor
  2405;19910101;19910131;   9;   2;   108.3;     40;    353;   20.7;eor
  2405;19910201;19910228;   9;   2;    56.6;     63;    375;   23.1;eor
  2405;19910301;19910331;   9;   2;    79.6;      8;     15;   29.5;eor
  2405;19910401;19910430;   9;   2;    93.0;     28;     49;   18.0;eor
  2405;19910501;19910531;   9;   2;   239.8;     20;     20;   76.5;eor
  2405;19910601;19910630;   9;   2;   370.5;      4;      4;   65.0;eor
  2405;19910701;19910731;   9;   2;   206.6;      0;      0;   39.2;eor
  2405;19910801;19910831;   9;   2;    50.0;      0;      0;   31.8;eor
  2405;19910901;19910930;   9;   2;   130.0;      0;      0;   30.0;eor
  2405;19911001;19911031;   9;   2;    91.1;     10;     19;   41.7;eor
  2405;19911101;19911130;   9;   2;   146.4;     47;    206;   24.2;eor
  2405;19911201;19911231;   9;   2;   288.0;     92;    262;   65.5;eor
  2405;19920101;19920131;   9;   2;    14.4;     10;    274;    9.9;eor
  2405;19920201;19920229;   9;   2;   205.3;    113;    683;   51.8;eor
  2405;19920301;19920331;   9;   2;   344.5;     57;    316;   69.5;eor
  2405;19920401;19920430;   9;   2;   141.0;     23;     77;   27.2;eor
  2405;19920501;19920531;   9;   2;    30.2;      0;      0;   12.1;eor
  2405;19920601;19920630;   9;   2;   245.3;      0;      0;   51.9;eor
  2405;19920701;19920731;   9;   2;   166.4;      0;      0;   32.0;eor
  2405;19920801;19920831;   9;   2;   212.5;      0;      0;   55.5;eor
  2405;19920901;19920930;   9;   2;   116.0;      0;      0;   33.1;eor
  2405;19921001;19921031;   9;   2;   176.5;     31;     40;   39.9;eor
  2405;19921101;19921130;   9;   2;   361.6;     40;     78;   55.3;eor
  2405;19921201;19921231;   9;   2;   100.5;     42;    435;   23.9;eor
  2405;19930101;19930131;   9;   2;   146.9;     37;    203;   23.2;eor
  2405;19930201;19930228;   9;   2;    33.0;     44;    357;    9.9;eor
  2405;19930301;19930331;   9;   2;    81.6;     51;    401;   15.2;eor
  2405;19930401;19930430;   9;   2;    87.2;      5;      5;   18.5;eor
  2405;19930501;19930531;   9;   2;    91.9;      0;      0;   16.0;eor
  2405;19930601;19930630;   9;   2;   237.8;      0;      0;   56.4;eor
  2405;19930701;19930731;   9;   2;   418.6;      0;      0;   61.4;eor
  2405;19930801;19930831;   9;   2;   220.6;      0;      0;   32.8;eor
  2405;19930901;19930930;   9;   2;   145.6;      0;      0;   31.4;eor
  2405;19931001;19931031;   9;   2;   118.7;     20;     42;   31.0;eor
  2405;19931101;19931130;   9;   2;    58.4;     44;    381;   16.0;eor
  2405;19931201;19931231;   9;   2;   191.9;    106;    459;   29.5;eor
  2405;19940101;19940131;   9;   2;   164.1;     71;    250;   37.0;eor
  2405;19940201;19940228;   9;   2;    51.2;     65;    538;   10.0;eor
  2405;19940301;19940331;   9;   2;   171.0;     18;     43;   28.8;eor
  2405;19940401;19940430;   9;   2;   180.0;     95;    267;   47.0;eor
  2405;19940501;19940531;   9;   2;   155.2;      0;      0;   31.0;eor
  2405;19940601;19940630;   9;   2;   159.4;      0;      0;   22.0;eor
  2405;19940701;19940731;   9;   2;    78.5;      0;      0;   17.1;eor
  2405;19940801;19940831;   9;   2;   147.9;      0;      0;   39.2;eor
  2405;19940901;19940930;   9;   2;   176.5;      0;      0;   31.9;eor
  2405;19941001;19941031;   9;   2;    93.6;      0;      0;   25.9;eor
  2405;19941101;19941130;   9;   2;   116.8;      0;      0;   35.6;eor
  2405;19941201;19941231;   9;   2;   222.5;     27;    124;   40.9;eor
  2405;19950101;19950131;   9;   2;   213.3;    197;   1216;   38.5;eor
  2405;19950201;19950228;   9;   2;   147.3;     41;     74;   21.5;eor
  2405;19950301;19950331;   9;   2;   173.1;    110;    344;   39.5;eor
  2405;19950401;19950430;   9;   2;   141.6;     14;     44;   35.2;eor
  2405;19950501;19950531;   9;   2;   171.7;      7;      7;   32.6;eor
  2405;19950601;19950630;   9;   2;   191.4;      0;      0;   41.0;eor
  2405;19950701;19950731;   9;   2;    89.0;      0;      0;   31.4;eor
  2405;19950801;19950831;   9;   2;   355.3;      0;      0;   63.4;eor
  2405;19950901;19950930;   9;   2;   108.8;      0;      0;   34.6;eor
  2405;19951001;19951031;   9;   2;    19.7;      0;      0;    5.7;eor
  2405;19951101;19951130;   9;   2;   206.4;     67;    173;   58.0;eor
  2405;19951201;19951231;   9;   2;   181.2;     54;    344;   46.7;eor
  2405;19960101;19960131;   9;   2;     5.2;      0;     96;    4.5;eor
  2405;19960201;19960229;   9;   2;    46.4;     91;    805;    9.9;eor
  2405;19960301;19960331;   9;   2;    90.8;     36;    837;   30.3;eor
  2405;19960401;19960430;   9;   2;    43.0;     26;    100;   12.2;eor
  2405;19960501;19960531;   9;   2;   197.0;      0;      0;   33.6;eor
  2405;19960601;19960630;   9;   2;   131.6;      0;      0;   36.9;eor
  2405;19960701;19960731;   9;   2;   194.3;      0;      0;   51.2;eor
  2405;19960801;19960831;   9;   2;   170.2;      0;      0;   29.4;eor
  2405;19960901;19960930;   9;   2;   153.4;      0;      0;   47.0;eor
  2405;19961001;19961031;   9;   2;   154.6;      0;      0;   32.6;eor
  2405;19961101;19961130;   9;   2;   195.7;    152;    412;   31.5;eor
  2405;19961201;19961231;   9;   2;    73.1;     34;   1303;   23.5;eor
  2405;19970101;19970131;   9;   2;     2.4;      0;    665;    1.8;eor
  2405;19970201;19970228;   9;   2;   125.6;     46;    335;   32.0;eor
  2405;19970301;19970331;   9;   2;   106.0;     48;    104;   32.5;eor
  2405;19970401;19970430;   9;   2;   143.7;     34;     51;   32.2;eor
  2405;19970501;19970531;   9;   2;    82.6;      4;      4;   26.2;eor
  2405;19970601;19970630;   9;   2;   175.6;      0;      0;   30.4;eor
  2405;19970701;19970731;   9;   2;   379.9;      0;      0;   61.9;eor
  2405;19970801;19970831;   9;   2;   117.0;      0;      0;   35.6;eor
  2405;19970901;19970930;   9;   2;    79.6;      0;      0;   29.4;eor
  2405;19971001;19971031;   9;   2;   158.4;      9;      9;   47.7;eor
  2405;19971101;19971130;   9;   2;    33.6;      2;      2;    7.0;eor
  2405;19971201;19971231;   9;   2;   225.6;     61;    234;   66.2;eor
  2405;19980101;19980131;   9;   2;    81.9;     78;    444;   17.1;eor
  2405;19980201;19980228;   9;   2;    23.3;      0;    322;    8.2;eor
  2405;19980301;19980331;   9;   2;    91.9;     71;    279;   22.7;eor
  2405;19980401;19980430;   9;   2;    95.2;     19;     25;   14.5;eor
  2405;19980501;19980531;   9;   2;    67.9;      0;      0;   18.1;eor
  2405;19980601;19980630;   9;   2;   187.9;      0;      0;   53.7;eor
  2405;19980701;19980731;   9;   2;   196.6;      0;      0;   24.0;eor
  2405;19980801;19980831;   9;   2;   141.0;      0;      0;   47.2;eor
  2405;19980901;19980930;   9;   2;   259.5;      0;      0;   45.0;eor
  2405;19981001;19981031;   9;   2;   227.5;      4;      4;   33.9;eor
  2405;19981101;19981130;   9;   2;   190.2;    115;    797;   55.6;eor
  2405;19981201;19981231;   9;   2;   129.0;    143;   1325;   23.8;eor
  2405;19990101;19990131;   9;   2;   101.0;    104;    801;   20.7;eor
  2405;19990201;19990228;   9;   2;   335.9;    313;   2496;   47.6;eor
  2405;19990301;19990331;   9;   2;    98.9;     63;   1445;   17.4;eor
  2405;19990401;19990430;   9;   2;   149.4;     44;    119;   33.1;eor
  2405;19990501;19990531;   9;   2;   439.9;      0;      0;  121.9;eor
  2405;19990601;19990630;   9;   2;   232.7;      0;      0;   29.8;eor
  2405;19990701;19990731;   9;   2;    93.6;      0;      0;   18.7;eor
  2405;19990801;19990831;   9;   2;   148.6;      0;      0;   26.1;eor
  2405;19990901;19990930;   9;   2;   131.8;      0;      0;   25.3;eor
  2405;19991001;19991031;   9;   2;    67.3;      0;      0;   23.8;eor
  2405;19991101;19991130;   9;   2;    95.2;    120;    573;   17.5;eor
  2405;19991201;19991231;   9;   2;   234.7;    165;    519;   43.7;eor
  2405;20000101;20000131;   9;   2;    97.0;     84;   1249;   17.0;eor
  2405;20000201;20000229;   9;   2;   173.6;    109;    576;   30.9;eor
  2405;20000301;20000331;   9;   2;   214.0;    105;    362;   49.4;eor
  2405;20000401;20000430;   9;   2;    51.8;      8;     15;   12.8;eor
  2405;20000501;20000531;   9;   2;   232.3;      0;      0;   51.9;eor
  2405;20000601;20000630;   9;   2;   135.3;      0;      0;   25.2;eor
  2405;20000701;20000731;   9;   2;   359.6;      0;      0;   41.9;eor
  2405;20000801;20000831;   9;   2;   166.0;      0;      0;   39.2;eor
  2405;20000901;20000930;   9;   2;   205.1;      0;      0;   58.9;eor
  2405;20001001;20001031;   9;   2;   106.6;      0;      0;   23.8;eor
  2405;20001101;20001130;   9;   2;    93.8;     17;     19;   13.7;eor
  2405;20001201;20001231;   9;   2;    39.5;     22;     44;   15.6;eor
  2405;20010101;20010131;   9;   2;    72.3;     44;    411;   20.0;eor
  2405;20010201;20010228;   9;   2;   126.8;    159;    482;   28.8;eor
  2405;20010301;20010331;   9;   2;   277.3;     39;    469;   35.7;eor
  2405;20010401;20010430;   9;   2;   191.7;     74;    162;   26.5;eor
  2405;20010501;20010531;   9;   2;    81.1;      0;      0;   27.8;eor
  2405;20010601;20010630;   9;   2;   352.5;      0;      0;   45.1;eor
  2405;20010701;20010731;   9;   2;    99.3;      0;      0;   23.2;eor
  2405;20010801;20010831;   9;   2;   109.0;      0;      0;   26.0;eor
  2405;20010901;20010930;   9;   2;   338.3;      0;      0;   59.8;eor
  2405;20011001;20011031;   9;   2;    72.9;      0;      0;   15.7;eor
  2405;20011101;20011130;   9;   2;   153.1;     59;    203;   31.2;eor
  2405;20011201;20011231;   9;   2;   165.4;    170;    563;   50.0;eor
  2405;20020101;20020131;   9;   2;    28.9;      4;    594;   13.9;eor
  2405;20020201;20020228;   9;   2;   134.4;     73;    149;   27.1;eor
  2405;20020301;20020331;   9;   2;   182.6;     20;     28;   91.7;eor
  2405;20020401;20020430;   9;   2;   111.9;      8;      8;   44.4;eor
  2405;20020501;20020531;   9;   2;   139.0;      0;      0;   36.8;eor
  2405;20020601;20020630;   9;   2;   178.9;      0;      0;   39.7;eor
  2405;20020701;20020731;   9;   2;   221.2;      0;      0;   36.0;eor
  2405;20020801;20020831;   9;   2;   351.2;      0;      0;   86.4;eor
  2405;20020901;20020930;   9;   2;   218.8;      8;      8;   34.5;eor
  2405;20021001;20021031;   9;   2;   164.5;      0;      0;   29.7;eor
  2405;20021101;20021130;   9;   2;   263.2;     36;     78;   38.8;eor
  2405;20021201;20021231;   9;   2;   143.9;     12;     20;   32.2;eor
  2405;20030101;20030131;   9;   2;   134.3;    136;    574;   30.0;eor
  2405;20030201;20030228;   9;   2;    46.0;    168;   1922;   13.7;eor
  2405;20030301;20030331;   9;   2;    63.7;     16;    582;   23.0;eor
  2405;20030401;20030430;   9;   2;    73.0;     25;     34;   14.8;eor
  2405;20030501;20030531;   9;   2;   147.1;      0;      0;   18.6;eor
  2405;20030601;20030630;   9;   2;    88.1;      0;      0;   26.7;eor
  2405;20030701;20030731;   9;   2;   138.0;      0;      0;   17.6;eor
  2405;20030801;20030831;   9;   2;    70.7;      0;      0;   24.1;eor
  2405;20030901;20030930;   9;   2;    66.5;      0;      0;   23.5;eor
  2405;20031001;20031031;   9;   2;   278.4;     41;     61;   67.0;eor
  2405;20031101;20031130;   9;   2;    80.6;     18;     33;   19.2;eor
  2405;20031201;20031231;   9;   2;    80.6;     59;    293;   18.2;eor
  2405;20040101;20040131;   9;   2;   255.2;    210;   1100;   45.1;eor
  2405;20040201;20040229;   9;   2;    68.0;     79;   1046;   13.8;eor
  2405;20040301;20040331;   9;   2;    66.7;    106;    870;   23.5;eor
  2405;20040401;20040430;   9;   2;    92.9;     22;     41;   23.3;eor
  2405;20040501;20040531;   9;   2;   147.0;      3;      3;   25.4;eor
  2405;20040601;20040630;   9;   2;   197.1;      0;      0;   37.3;eor
  2405;20040701;20040731;   9;   2;   182.3;      0;      0;   37.0;eor
  2405;20040801;20040831;   9;   2;   187.0;      0;      0;   39.6;eor
  2405;20040901;20040930;   9;   2;   140.7;      0;      0;   46.4;eor
  2405;20041001;20041031;   9;   2;   113.3;      0;      0;   21.9;eor
  2405;20041101;20041130;   9;   2;    74.8;     32;     67;   13.7;eor
  2405;20041201;20041231;   9;   2;    75.1;     84;    356;   27.3;eor
  2405;20050101;20050131;   9;   2;   119.5;     94;    591;   30.9;eor
  2405;20050201;20050228;   9;   2;   124.7;    179;   1736;   31.3;eor
  2405;20050301;20050331;   9;   2;    96.0;     79;   1277;   32.6;eor
  2405;20050401;20050430;   9;   2;   112.9;     15;     22;   18.5;eor
  2405;20050501;20050531;   9;   2;   165.5;      0;      0;   32.9;eor
  2405;20050601;20050630;   9;   2;   162.1;      0;      0;   75.1;eor
  2405;20050701;20050731;   9;   2;   158.8;      0;      0;   28.2;eor
  2405;20050801;20050831;   9;   2;   296.2;      0;      0;   99.7;eor
  2405;20050901;20050930;   9;   2;    98.8;      0;      0;   22.5;eor
  2405;20051001;20051031;   9;   2;    51.2;      0;      0;   21.3;eor
  2405;20051101;20051130;   9;   2;    44.6;     48;    213;    9.6;eor
  2405;20051201;20051231;   9;   2;   102.7;    100;    882;   29.7;eor
  2405;20060101;20060131;   9;   2;    51.4;     66;   1559;   16.1;eor
  2405;20060201;20060228;   9;   2;    87.1;    134;   1843;   21.2;eor
  2405;20060301;20060331;   9;   2;   207.6;    198;   2662;   39.9;eor
  2405;20060401;20060430;   9;   2;   174.0;     45;    104;   33.4;eor
  2405;20060501;20060531;   9;   2;   209.9;      7;      7;   41.9;eor
  2405;20060601;20060630;   9;   2;    64.1;      0;      0;   14.8;eor
  2405;20060701;20060731;   9;   2;   109.1;      0;      0;   28.5;eor
  2405;20060801;20060831;   9;   2;   288.6;      0;      0;   41.9;eor
  2405;20060901;20060930;   9;   2;   129.0;      0;      0;   50.4;eor
  2405;20061001;20061031;   9;   2;    83.8;      0;      0;   26.1;eor
  2405;20061101;20061130;   9;   2;    99.5;     13;     24;   20.3;eor
  2405;20061201;20061231;   9;   2;    94.2;     28;    155;   24.2;eor
  2405;20070101;20070131;   9;   2;   167.8;     69;    214;   36.9;eor
  2405;20070201;20070228;   9;   2;   122.1;   -999;   -999;   20.7;eor
  2405;20070301;20070331;   9;   2;   111.6;   -999;   -999;   37.9;eor
  2405;20070401;20070430;   9;   2;    20.4;   -999;   -999;   15.9;eor
  2405;20070501;20070531;   9;   2;   278.7;      0;      0;   77.1;eor
  2405;20070601;20070630;   9;   2;   170.7;      0;      0;   36.2;eor
  2405;20070701;20070731;   9;   2;   275.6;      0;      0;   50.6;eor
  2405;20070801;20070831;   9;   2;   203.5;      0;      0;   34.1;eor
  2405;20070901;20070930;   9;   2;   198.7;      0;      0;   46.5;eor
  2405;20071001;20071031;   9;   2;    40.2;     12;     23;   17.9;eor
  2405;20071101;20071130;   9;   2;   171.1;    143;    643;   35.2;eor
  2405;20071201;20071231;   9;   2;   133.1;    105;    959;   25.5;eor
  2405;20080101;20080131;   9;   2;    77.7;     23;    456;   16.9;eor
  2405;20080201;20080229;   9;   2;    80.9;     23;     82;   23.4;eor
  2405;20080301;20080331;   9;   2;   208.0;    128;    433;   30.5;eor
  2405;20080401;20080430;   9;   2;   196.9;     58;     84;   41.6;eor
  2405;20080501;20080531;   9;   2;    42.2;      0;      0;   19.6;eor
  2405;20080601;20080630;   9;   2;   112.0;      0;      0;   28.5;eor
  2405;20080701;20080731;   9;   2;   206.3;      0;      0;   40.2;eor
  2405;20080801;20080831;   9;   2;   139.8;      0;      0;   29.5;eor
  2405;20080901;20080930;   9;   2;    61.3;      0;      0;   16.6;eor
  2405;20081001;20081031;   9;   2;   146.6;      2;      2;   51.9;eor
  2405;20081101;20081130;   9;   2;    90.1;     16;    140;   38.7;eor
  2405;20081201;20081231;   9;   2;   119.7;     61;    598;   39.4;eor
  2405;20090101;20090131;   9;   2;    36.4;     62;    620;    9.2;eor
  2405;20090201;20090228;   9;   2;   106.8;    252;   1680;   21.8;eor
  2405;20090301;20090331;   9;   2;   162.3;    121;   2181;   22.5;eor
  2405;20090401;20090430;   9;   2;    42.2;      0;    242;   11.6;eor
  2405;20090501;20090531;   9;   2;   142.7;      0;      0;   35.5;eor
  2405;20090601;20090630;   9;   2;   255.7;      0;      0;   45.7;eor
  2405;20090701;20090731;   9;   2;   175.8;      0;      0;   32.7;eor
  2405;20090801;20090831;   9;   2;    59.0;      0;      0;   21.4;eor
  2405;20090901;20090930;   9;   2;   139.7;      0;      0;   33.2;eor
  2405;20091001;20091031;   9;   2;   104.1;     18;     48;   21.6;eor
  2405;20091101;20091130;   9;   2;   150.4;      4;      4;   30.4;eor
  2405;20091201;20091231;   9;   2;   144.0;    112;    561;   24.3;eor
  2405;20100101;20100131;   9;   2;    72.0;    142;    732;   14.1;eor
  2405;20100201;20100228;   9;   2;    63.0;     84;   1905;   14.0;eor
  2405;20100301;20100331;   9;   2;   110.1;     56;    913;   16.8;eor
  2405;20100401;20100430;   9;   2;    29.1;      5;      6;    7.3;eor
  2405;20100501;20100531;   9;   2;   199.4;      1;      1;   27.5;eor
  2405;20100601;20100630;   9;   2;   219.8;      0;      0;   47.8;eor
  2405;20100701;20100731;   9;   2;   339.7;      0;      0;   72.2;eor
  2405;20100801;20100831;   9;   2;   361.0;      0;      0;   90.2;eor
  2405;20100901;20100930;   9;   2;    77.9;      0;      0;   19.8;eor
  2405;20101001;20101031;  10;   2;    99.3;     28;     78;   29.1;eor
  2405;20101101;20101130;   7;   2;   119.4;     95;    297;   26.8;eor
  2405;20101201;20101231;   7;   2;   120.7;    158;   1325;   19.7;eor
  2405;20110101;20110131;   3;   2;   111.3;     57;    693;   36.5;eor
  2405;20110201;20110228;   3;   2;    33.5;     36;    301;   11.7;eor
  2405;20110301;20110331;   3;   2;    74.7;      3;     36;   54.4;eor
  2405;20110401;20110430;   3;   2;    62.9;      1;      1;   21.2;eor
  2405;20110501;20110531;   3;   2;   160.0;      0;      0;   37.8;eor
  2405;20110601;20110630;   3;   2;   179.1;      0;      0;   29.8;eor
  2405;20110701;20110731;   3;   2;   277.0;      0;      0;   46.0;eor
  2405;20110801;20110831;   3;   2;   136.6;      0;      0;   23.3;eor
  2405;20110901;20110930;   3;   2;   136.1;      0;      0;   38.4;eor
  2405;20111001;20111031;   3;   2;   118.1;      3;      3;   28.6;eor
  2405;20111101;20111130;   3;   2;     0.0;      0;      0;    0.0;eor
  2405;20111201;20111231;   3;   2;   309.0;    158;    636;   39.5;eor
  2405;20120101;20120131;   3;   2;   220.9;    112;   1073;   35.7;eor
  2405;20120201;20120229;   3;   2;    53.7;    113;   1724;   20.5;eor
  2405;20120301;20120331;   3;   2;    31.4;     14;    393;    6.3;eor
  2405;20120401;20120430;   3;   2;   109.0;     18;     26;   23.0;eor
  2405;20120501;20120531;   3;   2;   120.6;      3;      3;   20.1;eor
  2405;20120601;20120630;   3;   2;   207.0;      0;      0;   42.6;eor
  2405;20120701;20120731;   3;   2;   131.4;      0;      0;   17.1;eor
  2405;20120801;20120831;   3;   2;   241.0;      0;      0;   38.1;eor
  2405;20120901;20120930;   3;   2;   156.9;      0;      0;   27.9;eor
  2405;20121001;20121031;   3;   2;   128.0;     22;     52;   18.6;eor
  2405;20121101;20121130;   3;   2;    97.6;     26;     36;   27.4;eor
  2405;20121201;20121231;   3;   2;   228.0;    181;   1214;   25.4;eor
  2405;20130101;20130131;   3;   2;   108.6;     48;    360;   23.2;eor
  2405;20130201;20130228;   3;   2;   136.4;    175;   1430;   37.7;eor
  2405;20130301;20130331;   3;   2;    75.4;     64;    530;   10.6;eor
  2405;20130401;20130430;   3;   2;    53.7;     14;    116;   22.9;eor
  2405;20130501;20130531;   3;   2;   277.4;      2;      2;   47.8;eor
  2405;20130601;20130630;   3;   2;   286.8;      0;      0;   70.1;eor
  2405;20130701;20130731;   3;   2;    50.4;   -999;   -999;   23.9;eor
  2405;20130801;20130831;   3;   2;   110.9;      0;      0;   28.3;eor
  2405;20130901;20130930;   3;   2;   260.6;      0;      0;   63.7;eor
  2405;20131001;20131031;   3;   2;   123.7;     10;     19;   44.1;eor
  2405;20131101;20131130;   3;   2;   162.7;     60;    170;   22.6;eor
  2405;20131201;20131231;   3;   2;    29.6;     23;    457;    9.4;eor
  2405;20140101;20140131;   3;   2;    87.4;     47;    231;   15.2;eor
  2405;20140201;20140228;   3;   2;    51.8;     24;    251;    7.8;eor
  2405;20140301;20140331;   3;   2;    53.2;     31;     54;   17.4;eor
  2405;20140401;20140430;   3;   2;    86.3;     10;     10;   14.6;eor
  2405;20140501;20140531;   3;   2;   186.7;   -999;   -999;   33.7;eor
  2405;20140601;20140630;   3;   2;   143.0;   -999;   -999;   29.4;eor
  2405;20140701;20140731;   3;   2;   302.0;   -999;   -999;   53.1;eor
  2405;20140801;20140831;   3;   2;   198.1;   -999;   -999;   35.4;eor
  2405;20140901;20140930;   3;   2;   128.4;   -999;   -999;   34.7;eor
  2405;20141001;20141031;   3;   2;   163.9;     10;     17;   64.2;eor
  2405;20141101;20141130;   3;   2;    43.2;      6;      6;   12.1;eor
  2405;20141201;20141231;   3;   2;   141.7;    119;    254;   22.3;eor
