STATIONS_ID; MESS_DATUM_BEGINN; MESS_DATUM_ENDE; QUALITAETS_NIVEAU; ART; NIEDERSCHLAGSHOEHE;NEUSCHNEEHOEHE;SCHNEEHOEHE; max(NIEDERSCHLAGSHOEHE);eor
  2838;19780101;19780131;   5;   2;    41.4;   -999;   -999;    7.5;eor
  2838;19780201;19780228;   5;   2;    21.4;   -999;   -999;    4.5;eor
  2838;19780301;19780331;   5;   2;   101.6;   -999;   -999;   26.3;eor
  2838;19780401;19780430;   5;   2;    28.6;   -999;   -999;    8.5;eor
  2838;19780501;19780531;   5;   2;   107.7;   -999;   -999;   42.1;eor
  2838;19780601;19780630;   5;   2;    79.6;   -999;   -999;   18.4;eor
  2838;19780701;19780731;   5;   2;    64.6;   -999;   -999;   15.1;eor
  2838;19780801;19780831;   5;   2;   117.6;   -999;   -999;   18.4;eor
  2838;19780901;19780930;   5;   2;   146.6;   -999;   -999;   20.6;eor
  2838;19781001;19781031;   5;   2;    33.5;   -999;   -999;    7.0;eor
  2838;19781101;19781130;   5;   2;    13.5;   -999;   -999;    4.4;eor
  2838;19781201;19781231;   5;   2;   125.8;   -999;   -999;   24.3;eor
  2838;19790101;19790131;   5;   2;    40.1;     43;    676;    9.1;eor
  2838;19790201;19790228;   5;   2;    40.3;     20;    493;    9.8;eor
  2838;19790301;19790331;   5;   2;    90.9;      9;     78;   18.3;eor
  2838;19790401;19790430;   5;   2;    63.3;      0;      0;   15.4;eor
  2838;19790501;19790531;   5;   2;    80.2;      0;      0;   16.0;eor
  2838;19790601;19790630;   5;   2;    96.2;      0;      0;   23.9;eor
  2838;19790701;19790731;   5;   2;   102.1;      0;      0;   27.0;eor
  2838;19790801;19790831;   5;   2;    41.5;      0;      0;    9.7;eor
  2838;19790901;19790930;   5;   2;    25.9;      0;      0;   12.5;eor
  2838;19791001;19791031;   5;   2;     7.5;      0;      0;    2.5;eor
  2838;19791101;19791130;   5;   2;    91.8;      0;      0;   16.6;eor
  2838;19791201;19791231;   5;   2;   124.8;      5;      6;   43.2;eor
  2838;19800101;19800131;   5;   2;    37.9;     20;    106;    9.1;eor
  2838;19800201;19800229;   5;   2;    52.5;      0;      0;   12.9;eor
  2838;19800301;19800331;   5;   2;    34.9;      5;     13;    8.0;eor
  2838;19800401;19800430;   5;   2;   122.7;      4;      4;   24.1;eor
  2838;19800501;19800531;   5;   2;    32.1;      0;      0;   15.6;eor
  2838;19800601;19800630;   5;   2;   121.0;      0;      0;   21.5;eor
  2838;19800701;19800731;   5;   2;   112.3;      0;      0;   20.8;eor
  2838;19800801;19800831;   5;   2;    67.2;      0;      0;   26.3;eor
  2838;19800901;19800930;   5;   2;    66.1;      0;      0;   19.6;eor
  2838;19801001;19801031;   5;   2;    43.1;      0;      0;    8.0;eor
  2838;19801101;19801130;   5;   2;    50.4;     15;     52;    8.2;eor
  2838;19801201;19801231;   5;   2;    68.8;     24;    142;   13.2;eor
  2838;19810101;19810131;  10;   2;   102.8;     45;    235;   22.4;eor
  2838;19810201;19810228;  10;   2;    42.7;     23;    182;    7.6;eor
  2838;19810301;19810331;  10;   2;   150.0;      6;     50;   22.0;eor
  2838;19810401;19810430;  10;   2;    50.6;      0;      0;   21.5;eor
  2838;19810501;19810531;  10;   2;   105.9;      0;      0;   50.1;eor
  2838;19810601;19810630;  10;   2;   220.9;      0;      0;   88.5;eor
  2838;19810701;19810731;  10;   2;    70.8;      0;      0;   18.7;eor
  2838;19810801;19810831;  10;   2;   118.8;      0;      0;   44.0;eor
  2838;19810901;19810930;  10;   2;    79.3;      0;      0;   21.0;eor
  2838;19811001;19811031;  10;   2;    92.2;      0;      0;   25.5;eor
  2838;19811101;19811130;  10;   2;   126.6;      3;      3;   27.8;eor
  2838;19811201;19811231;  10;   2;   112.3;     40;    409;   19.1;eor
  2838;19820101;19820131;  10;   2;   100.2;      9;     53;   23.8;eor
  2838;19820201;19820228;  10;   2;     3.6;      0;      0;    3.1;eor
  2838;19820301;19820331;  10;   2;    75.7;      0;      0;   25.1;eor
  2838;19820401;19820430;  10;   2;    85.1;      4;      4;   17.1;eor
  2838;19820501;19820531;  10;   2;    67.7;      0;      0;    8.8;eor
  2838;19820601;19820630;  10;   2;   101.8;      0;      0;   14.5;eor
  2838;19820701;19820731;  10;   2;    48.9;      0;      0;   16.1;eor
  2838;19820801;19820831;  10;   2;    94.4;      0;      0;   25.8;eor
  2838;19820901;19820930;  10;   2;    20.0;      0;      0;    5.1;eor
  2838;19821001;19821031;  10;   2;    78.4;      0;      0;   14.2;eor
  2838;19821101;19821130;  10;   2;    57.2;      0;      0;   18.7;eor
  2838;19821201;19821231;  10;   2;    70.2;      5;      6;   13.0;eor
  2838;19830101;19830131;  10;   2;   128.8;      4;      6;   22.6;eor
  2838;19830201;19830228;  10;   2;    45.5;     22;    252;    7.7;eor
  2838;19830301;19830331;  10;   2;    95.2;      8;     17;   21.6;eor
  2838;19830401;19830430;  10;   2;   184.3;      0;      0;   43.0;eor
  2838;19830501;19830531;  10;   2;    74.6;      0;      0;   21.6;eor
  2838;19830601;19830630;  10;   2;    42.4;      0;      0;   11.2;eor
  2838;19830701;19830731;  10;   2;    55.6;      0;      0;   39.4;eor
  2838;19830801;19830831;  10;   2;    41.3;      0;      0;   27.3;eor
  2838;19830901;19830930;  10;   2;    35.1;      0;      0;    5.3;eor
  2838;19831001;19831031;  10;   2;    39.8;      0;      0;   19.1;eor
  2838;19831101;19831130;  10;   2;    98.3;     10;     13;   26.5;eor
  2838;19831201;19831231;  10;   2;    89.7;     13;     59;   18.4;eor
  2838;19840101;19840131;  10;   2;   107.3;     23;    121;   16.6;eor
  2838;19840201;19840229;  10;   2;    78.4;      7;     13;   29.4;eor
  2838;19840301;19840331;  10;   2;    16.3;      2;      2;    5.1;eor
  2838;19840401;19840430;  10;   2;    72.1;     31;    113;   23.0;eor
  2838;19840501;19840531;  10;   2;   132.0;      0;      0;   30.3;eor
  2838;19840601;19840630;  10;   2;    86.3;      0;      0;   20.4;eor
  2838;19840701;19840731;  10;   2;   111.2;      0;      0;   22.0;eor
  2838;19840801;19840831;  10;   2;    52.4;      0;      0;   24.8;eor
  2838;19840901;19840930;  10;   2;   153.8;      0;      0;   38.8;eor
  2838;19841001;19841031;  10;   2;    89.0;      0;      0;   12.4;eor
  2838;19841101;19841130;  10;   2;    27.1;      1;      1;   12.2;eor
  2838;19841201;19841231;  10;   2;    43.6;      1;      3;   12.6;eor
  2838;19850101;19850131;  10;   2;    54.5;     48;    517;    9.5;eor
  2838;19850201;19850228;  10;   2;    21.6;     11;     43;    8.4;eor
  2838;19850301;19850331;  10;   2;    54.6;     26;     99;   10.6;eor
  2838;19850401;19850430;  10;   2;    95.6;      1;      1;   12.3;eor
  2838;19850501;19850531;  10;   2;    87.1;      0;      0;   17.2;eor
  2838;19850601;19850630;  10;   2;   152.7;      0;      0;   51.2;eor
  2838;19850701;19850731;  10;   2;    90.1;      0;      0;   22.2;eor
  2838;19850801;19850831;  10;   2;    77.8;      0;      0;   27.0;eor
  2838;19850901;19850930;  10;   2;    62.3;      0;      0;   14.7;eor
  2838;19851001;19851031;  10;   2;    42.2;      0;      0;   10.0;eor
  2838;19851101;19851130;  10;   2;    64.8;     17;    106;   19.3;eor
  2838;19851201;19851231;  10;   2;   112.8;     19;     81;   20.4;eor
  2838;19860101;19860131;  10;   2;   123.1;     28;     85;   15.4;eor
  2838;19860201;19860228;  10;   2;    21.8;     31;    353;    6.5;eor
  2838;19860301;19860331;  10;   2;    88.5;      1;     98;   21.4;eor
  2838;19860401;19860430;  10;   2;    66.6;     13;     24;   16.2;eor
  2838;19860501;19860531;  10;   2;    73.0;      0;      0;   18.6;eor
  2838;19860601;19860630;  10;   2;   114.8;      0;      0;   48.1;eor
  2838;19860701;19860731;  10;   2;    68.2;      0;      0;   17.3;eor
  2838;19860801;19860831;  10;   2;   107.5;      0;      0;   33.0;eor
  2838;19860901;19860930;  10;   2;    88.9;      0;      0;   53.2;eor
  2838;19861001;19861031;  10;   2;    98.6;      0;      0;   20.5;eor
  2838;19861101;19861130;  10;   2;    38.1;      0;      0;    8.7;eor
  2838;19861201;19861231;  10;   2;   182.0;     44;    201;   28.7;eor
  2838;19870101;19870131;  10;   2;   141.3;    102;    994;   22.2;eor
  2838;19870201;19870228;  10;   2;    79.3;     23;    300;   16.0;eor
  2838;19870301;19870331;  10;   2;    77.1;     49;    331;   14.4;eor
  2838;19870401;19870430;  10;   2;    55.0;      0;      0;   19.8;eor
  2838;19870501;19870531;  10;   2;    87.7;      0;      0;   22.3;eor
  2838;19870601;19870630;  10;   2;   118.0;      0;      0;   26.2;eor
  2838;19870701;19870731;  10;   2;   117.8;      0;      0;   19.3;eor
  2838;19870801;19870831;  10;   2;    94.5;      0;      0;   12.5;eor
  2838;19870901;19870930;  10;   2;    63.4;      0;      0;   12.6;eor
  2838;19871001;19871031;  10;   2;    47.8;      0;      0;   11.9;eor
  2838;19871101;19871130;  10;   2;   117.9;      0;      0;   26.8;eor
  2838;19871201;19871231;  10;   2;    74.6;      0;      0;   16.1;eor
  2838;19880101;19880131;  10;   2;    64.1;      2;      2;    7.6;eor
  2838;19880201;19880229;  10;   2;   109.8;     35;    119;   15.6;eor
  2838;19880301;19880331;  10;   2;   177.5;     21;    349;   16.6;eor
  2838;19880401;19880430;  10;   2;    23.7;      0;      0;    8.0;eor
  2838;19880501;19880531;  10;   2;    24.5;      0;      0;    7.8;eor
  2838;19880601;19880630;  10;   2;    86.8;      0;      0;   19.2;eor
  2838;19880701;19880731;  10;   2;   147.6;      0;      0;   28.9;eor
  2838;19880801;19880831;  10;   2;    35.1;      0;      0;   11.1;eor
  2838;19880901;19880930;  10;   2;    83.1;      0;      0;   23.3;eor
  2838;19881001;19881031;  10;   2;    39.7;      0;      0;    6.6;eor
  2838;19881101;19881130;  10;   2;   118.8;      1;      1;   24.0;eor
  2838;19881201;19881231;  10;   2;   149.6;      6;     18;   33.0;eor
  2838;19890101;19890131;  10;   2;    28.3;      0;      0;    7.5;eor
  2838;19890201;19890228;  10;   2;    86.5;      0;      0;   22.5;eor
  2838;19890301;19890331;  10;   2;    86.1;      0;      0;   23.0;eor
  2838;19890401;19890430;  10;   2;    38.4;      0;      0;   11.5;eor
  2838;19890501;19890531;  10;   2;    14.4;      0;      0;    6.3;eor
  2838;19890601;19890630;  10;   2;    56.7;      0;      0;   14.1;eor
  2838;19890701;19890731;  10;   2;    46.4;      0;      0;   11.3;eor
  2838;19890801;19890831;  10;   2;   113.5;      0;      0;   52.7;eor
  2838;19890901;19890930;  10;   2;    74.5;      0;      0;   13.9;eor
  2838;19891001;19891031;  10;   2;    91.8;      0;      0;   28.6;eor
  2838;19891101;19891130;  10;   2;    54.3;      1;      1;   14.5;eor
  2838;19891201;19891231;  10;   2;    88.0;      0;      0;   21.5;eor
  2838;19900101;19900131;  10;   2;    63.4;      0;      0;   19.7;eor
  2838;19900201;19900228;  10;   2;   118.2;      1;      1;   22.6;eor
  2838;19900301;19900331;  10;   2;    54.4;      2;      2;   10.2;eor
  2838;19900401;19900430;  10;   2;   101.3;      0;      0;   21.7;eor
  2838;19900501;19900531;  10;   2;     8.7;      0;      0;    2.8;eor
  2838;19900601;19900630;  10;   2;    90.5;      0;      0;   36.7;eor
  2838;19900701;19900731;  10;   2;    21.4;      0;      0;    6.6;eor
  2838;19900801;19900831;  10;   2;   105.2;      0;      0;   30.4;eor
  2838;19900901;19900930;  10;   2;   112.4;      0;      0;   17.9;eor
  2838;19901001;19901031;  10;   2;    39.7;      0;      0;   17.7;eor
  2838;19901101;19901130;  10;   2;   136.5;     10;     23;   48.5;eor
  2838;19901201;19901231;  10;   2;    97.8;     14;    119;   14.5;eor
  2838;19910101;19910131;   9;   2;    61.5;      0;      0;   15.2;eor
  2838;19910201;19910228;   9;   2;    21.4;     35;    209;    7.2;eor
  2838;19910301;19910331;   9;   2;    44.0;      0;      0;   22.9;eor
  2838;19910401;19910430;   9;   2;    31.6;      0;      0;    7.4;eor
  2838;19910501;19910531;   9;   2;    46.3;      0;      0;   11.7;eor
  2838;19910601;19910630;   9;   2;    93.8;      0;      0;   25.4;eor
  2838;19910701;19910731;   9;   2;    30.1;      0;      0;   11.6;eor
  2838;19910801;19910831;   9;   2;    39.5;      0;      0;   12.7;eor
  2838;19910901;19910930;   9;   2;    77.3;      0;      0;   24.9;eor
  2838;19911001;19911031;   9;   2;    65.5;      0;      0;   17.3;eor
  2838;19911101;19911130;   9;   2;   128.1;      0;      0;   35.0;eor
  2838;19911201;19911231;   9;   2;   103.9;      1;      1;   30.0;eor
  2838;19920101;19920131;   9;   2;    70.1;      1;      6;   26.0;eor
  2838;19920201;19920229;   9;   2;    54.5;     10;     35;    8.7;eor
  2838;19920301;19920331;   9;   2;   142.8;     16;     33;   32.9;eor
  2838;19920401;19920430;   9;   2;    76.9;      0;      0;   10.5;eor
  2838;19920501;19920531;   9;   2;    29.8;      0;      0;   11.3;eor
  2838;19920601;19920630;   9;   2;    60.2;      0;      0;   12.9;eor
  2838;19920701;19920731;   9;   2;    79.4;      0;      0;   16.2;eor
  2838;19920801;19920831;   9;   2;    74.7;      0;      0;   13.7;eor
  2838;19920901;19920930;   9;   2;    32.0;      0;      0;    6.9;eor
  2838;19921001;19921031;   9;   2;   141.5;      0;      0;   26.6;eor
  2838;19921101;19921130;   9;   2;   119.8;      0;      0;   10.5;eor
  2838;19921201;19921231;   9;   2;    77.2;      9;     15;   22.4;eor
  2838;19930101;19930131;   9;   2;   131.7;     19;     51;   22.8;eor
  2838;19930201;19930228;   9;   2;    45.4;     12;    112;   14.4;eor
  2838;19930301;19930331;   9;   2;    18.6;      3;     33;    4.3;eor
  2838;19930401;19930430;   9;   2;    58.5;      0;      0;   18.0;eor
  2838;19930501;19930531;   9;   2;    89.8;      0;      0;   37.2;eor
  2838;19930601;19930630;   9;   2;    56.5;      0;      0;   16.2;eor
  2838;19930701;19930731;   9;   2;   136.9;      0;      0;   19.8;eor
  2838;19930801;19930831;   9;   2;    78.5;      0;      0;   14.4;eor
  2838;19930901;19930930;   9;   2;   100.7;      0;      0;   30.9;eor
  2838;19931001;19931031;   9;   2;    62.3;      0;      0;   16.2;eor
  2838;19931101;19931130;   9;   2;    71.4;      7;     13;   27.6;eor
  2838;19931201;19931231;   9;   2;   197.3;     55;    221;   24.8;eor
  2838;19940101;19940131;   9;   2;   130.9;      4;      6;   25.4;eor
  2838;19940201;19940228;   9;   2;    29.2;     21;     82;    5.5;eor
  2838;19940301;19940331;   9;   2;   169.2;      4;      4;   24.5;eor
  2838;19940401;19940430;   9;   2;   137.6;      0;      0;   39.3;eor
  2838;19940501;19940531;   9;   2;    97.1;      0;      0;   19.9;eor
  2838;19940601;19940630;   9;   2;    73.4;      0;      0;   36.6;eor
  2838;19940701;19940731;   9;   2;    19.9;      0;      0;   10.9;eor
  2838;19940801;19940831;   9;   2;   130.1;      0;      0;   28.2;eor
  2838;19940901;19940930;   9;   2;    88.8;      0;      0;   10.6;eor
  2838;19941001;19941031;   9;   2;    72.7;      0;      0;   18.5;eor
  2838;19941101;19941130;   9;   2;    72.6;      0;      0;   20.2;eor
  2838;19941201;19941231;   9;   2;   117.9;      0;      0;   32.9;eor
  2838;19950101;19950131;   9;   2;   131.2;     34;    194;   26.5;eor
  2838;19950201;19950228;   9;   2;    92.0;      2;      3;   19.1;eor
  2838;19950301;19950331;   9;   2;   100.9;     11;     26;   20.2;eor
  2838;19950401;19950430;   9;   2;    79.7;      0;      0;   14.4;eor
  2838;19950501;19950531;   9;   2;    71.9;      0;      0;   12.5;eor
  2838;19950601;19950630;   9;   2;    73.4;      0;      0;   14.7;eor
  2838;19950701;19950731;   9;   2;    52.7;      0;      0;   23.9;eor
  2838;19950801;19950831;   9;   2;    62.7;      0;      0;   14.8;eor
  2838;19950901;19950930;   9;   2;   147.2;      0;      0;   47.0;eor
  2838;19951001;19951031;   9;   2;    18.2;      0;      0;    4.9;eor
  2838;19951101;19951130;   9;   2;    75.2;      0;      0;   21.5;eor
  2838;19951201;19951231;   9;   2;    37.8;     18;     75;   11.8;eor
  2838;19960101;19960131;   9;   2;     9.1;      9;     62;    6.5;eor
  2838;19960201;19960229;   9;   2;    76.0;     44;    279;   11.7;eor
  2838;19960301;19960331;   9;   2;    31.0;     14;     29;    8.4;eor
  2838;19960401;19960430;   9;   2;    43.4;      0;      5;   24.6;eor
  2838;19960501;19960531;   9;   2;    89.9;      0;      0;   19.9;eor
  2838;19960601;19960630;   9;   2;    60.8;      0;      0;   19.4;eor
  2838;19960701;19960731;   9;   2;    47.4;      0;      0;   14.8;eor
  2838;19960801;19960831;   9;   2;    55.5;      0;      0;   11.5;eor
  2838;19960901;19960930;   9;   2;    44.2;      0;      0;   11.7;eor
  2838;19961001;19961031;   9;   2;   130.1;      0;      0;   41.7;eor
  2838;19961101;19961130;   9;   2;   111.1;     19;     46;   21.1;eor
  2838;19961201;19961231;   9;   2;    61.6;     18;    118;   20.3;eor
  2838;19970101;19970131;   9;   2;    15.7;      3;    250;    3.1;eor
  2838;19970201;19970228;   9;   2;   116.8;      2;      2;   18.1;eor
  2838;19970301;19970331;   9;   2;    88.6;      0;      0;   14.5;eor
  2838;19970401;19970430;   9;   2;    57.2;      0;      0;   14.1;eor
  2838;19970501;19970531;   9;   2;    86.2;      0;      0;   16.7;eor
  2838;19970601;19970630;   9;   2;    41.0;      0;      0;    9.9;eor
  2838;19970701;19970731;   9;   2;   127.0;      0;      0;   38.8;eor
  2838;19970801;19970831;   9;   2;    61.4;      0;      0;   20.1;eor
  2838;19970901;19970930;   9;   2;    29.2;      0;      0;    9.8;eor
  2838;19971001;19971031;   9;   2;    79.8;      0;      0;   23.7;eor
  2838;19971101;19971130;   9;   2;    52.3;      0;      0;   22.6;eor
  2838;19971201;19971231;   9;   2;   108.7;     11;     35;   12.1;eor
  2838;19980101;19980131;   9;   2;   105.0;     13;     66;   17.7;eor
  2838;19980201;19980228;   9;   2;    24.6;      4;     42;    8.2;eor
  2838;19980301;19980331;   9;   2;   123.9;      5;      5;   24.2;eor
  2838;19980401;19980430;   9;   2;    91.5;      0;      0;   12.4;eor
  2838;19980501;19980531;   9;   2;    71.4;      0;      0;   13.2;eor
  2838;19980601;19980630;   9;   2;    93.4;      0;      0;   12.8;eor
  2838;19980701;19980731;   9;   2;    96.2;      0;      0;   13.3;eor
  2838;19980801;19980831;   9;   2;    92.9;      0;      0;   22.4;eor
  2838;19980901;19980930;   9;   2;    97.1;      0;      0;   24.6;eor
  2838;19981001;19981031;   9;   2;   236.4;      0;      0;   41.1;eor
  2838;19981101;19981130;   9;   2;    74.9;      5;     18;   21.7;eor
  2838;19981201;19981231;   9;   2;    56.9;     20;    110;   14.1;eor
  2838;19990101;19990131;   9;   2;    86.0;      4;      9;   13.3;eor
  2838;19990201;19990228;   9;   2;   105.7;     63;    295;   20.1;eor
  2838;19990301;19990331;   9;   2;    76.3;      0;      0;   16.4;eor
  2838;19990401;19990430;   9;   2;    54.9;      0;      0;   13.8;eor
  2838;19990501;19990531;   9;   2;    65.8;      0;      0;   19.3;eor
  2838;19990601;19990630;   9;   2;    77.9;      0;      0;   15.8;eor
  2838;19990701;19990731;   9;   2;    64.7;      0;      0;   13.3;eor
  2838;19990801;19990831;   9;   2;   109.9;      0;      0;   20.7;eor
  2838;19990901;19990930;   9;   2;    52.5;      0;      0;   20.8;eor
  2838;19991001;19991031;   9;   2;    52.0;      0;      0;   11.9;eor
  2838;19991101;19991130;   9;   2;    50.4;     11;     26;    7.9;eor
  2838;19991201;19991231;   9;   2;   132.5;      9;     16;   18.2;eor
  2838;20000101;20000131;   9;   2;    87.5;      2;      6;   33.5;eor
  2838;20000201;20000229;   9;   2;    99.7;     15;     26;   23.8;eor
  2838;20000301;20000331;   9;   2;   190.0;      2;      3;   24.6;eor
  2838;20000401;20000430;   9;   2;    61.0;      0;      0;   30.8;eor
  2838;20000501;20000531;   9;   2;    67.0;      0;      0;   14.4;eor
  2838;20000601;20000630;   9;   2;    58.2;      0;      0;   12.8;eor
  2838;20000701;20000731;   9;   2;    92.3;      0;      0;   44.8;eor
  2838;20000801;20000831;   9;   2;    58.1;      0;      0;   17.1;eor
  2838;20000901;20000930;   9;   2;    54.6;      0;      0;   17.6;eor
  2838;20001001;20001031;   9;   2;    31.3;      0;      0;    5.1;eor
  2838;20001101;20001130;   9;   2;    37.0;      0;      0;   11.4;eor
  2838;20001201;20001231;   9;   2;    72.2;     22;     91;   15.9;eor
  2838;20010101;20010131;   9;   2;    60.4;      6;     25;   21.8;eor
  2838;20010201;20010228;   9;   2;    60.7;     17;     38;   18.5;eor
  2838;20010301;20010331;   9;   2;    83.8;     25;     54;   17.7;eor
  2838;20010401;20010430;   9;   2;    61.9;      0;      0;   11.6;eor
  2838;20010501;20010531;   9;   2;    33.5;      0;      0;   13.4;eor
  2838;20010601;20010630;   9;   2;   121.0;      0;      0;   25.4;eor
  2838;20010701;20010731;   9;   2;    77.5;      0;      0;   15.2;eor
  2838;20010801;20010831;   9;   2;    64.4;      0;      0;   10.9;eor
  2838;20010901;20010930;   9;   2;   213.1;      0;      0;   26.8;eor
  2838;20011001;20011031;   9;   2;    32.4;      0;      0;    8.8;eor
  2838;20011101;20011130;   9;   2;    84.2;      0;      0;   11.8;eor
  2838;20011201;20011231;   9;   2;   118.4;     46;    171;   21.0;eor
  2838;20020101;20020131;   9;   2;    63.4;      2;    280;   27.6;eor
  2838;20020201;20020228;   9;   2;   153.1;     24;     31;   32.3;eor
  2838;20020301;20020331;   9;   2;    61.2;      1;      1;   12.1;eor
  2838;20020401;20020430;   9;   2;   105.0;      0;      0;   13.5;eor
  2838;20020501;20020531;   9;   2;    71.5;      0;      0;   20.1;eor
  2838;20020601;20020630;   9;   2;    63.1;      0;      0;   13.5;eor
  2838;20020701;20020731;   9;   2;   256.3;      0;      0;  108.8;eor
  2838;20020801;20020831;   9;   2;   116.3;      0;      0;   33.7;eor
  2838;20020901;20020930;   9;   2;    53.5;      0;      0;   24.4;eor
  2838;20021001;20021031;   9;   2;   118.9;      0;      0;   38.2;eor
  2838;20021101;20021130;   9;   2;   131.3;      0;      0;   23.1;eor
  2838;20021201;20021231;   9;   2;    83.8;     21;     39;   23.8;eor
  2838;20030101;20030131;   9;   2;   119.1;     26;     97;   26.8;eor
  2838;20030201;20030228;   9;   2;    21.7;     21;    265;    8.1;eor
  2838;20030301;20030331;   9;   2;    38.1;      0;      0;   13.7;eor
  2838;20030401;20030430;   9;   2;    54.5;      2;      2;   12.4;eor
  2838;20030501;20030531;   9;   2;    39.9;      0;      0;   14.3;eor
  2838;20030601;20030630;   9;   2;    57.2;      0;      0;   20.7;eor
  2838;20030701;20030731;   9;   2;    37.0;      0;      0;   10.7;eor
  2838;20030801;20030831;   9;   2;    40.9;      0;      0;   19.3;eor
  2838;20030901;20030930;   9;   2;   120.1;      0;      0;   37.2;eor
  2838;20031001;20031031;   9;   2;   107.5;      0;      0;   41.7;eor
  2838;20031101;20031130;   9;   2;    44.5;      0;      0;   18.1;eor
  2838;20031201;20031231;   9;   2;    85.0;      6;     11;   33.1;eor
  2838;20040101;20040131;   9;   2;   150.4;     44;    139;   32.3;eor
  2838;20040201;20040229;   9;   2;    63.6;     16;     47;   12.6;eor
  2838;20040301;20040331;   9;   2;    48.7;     19;     48;    9.6;eor
  2838;20040401;20040430;   9;   2;    55.5;      0;      0;   16.3;eor
  2838;20040501;20040531;   9;   2;    83.5;      0;      0;   27.8;eor
  2838;20040601;20040630;   9;   2;    92.7;      0;      0;   16.0;eor
  2838;20040701;20040731;   9;   2;   119.3;      0;      0;   31.6;eor
  2838;20040801;20040831;   9;   2;    97.5;      0;      0;   15.6;eor
  2838;20040901;20040930;   9;   2;    58.2;      0;      0;   11.3;eor
  2838;20041001;20041031;   9;   2;    24.7;      0;      0;    5.9;eor
  2838;20041101;20041130;   9;   2;   115.1;     10;     26;   26.7;eor
  2838;20041201;20041231;   9;   2;    52.0;      3;      3;   17.2;eor
  2838;20050101;20050131;   9;   2;   123.0;     21;     98;   18.6;eor
  2838;20050201;20050228;   9;   2;    76.5;     37;    183;   16.4;eor
  2838;20050301;20050331;   9;   2;    48.9;     11;    281;   11.4;eor
  2838;20050401;20050430;   9;   2;    41.7;      0;      0;   10.1;eor
  2838;20050501;20050531;   9;   2;    97.2;      0;      0;   17.4;eor
  2838;20050601;20050630;   9;   2;    32.5;      0;      0;    8.3;eor
  2838;20050701;20050731;   9;   2;    85.8;      0;      0;   17.6;eor
  2838;20050901;20050930;   9;   2;    64.6;      0;      0;   21.4;eor
  2838;20051001;20051031;   9;   2;    54.9;      0;      0;   23.8;eor
  2838;20051101;20051130;   9;   2;    52.3;      2;      7;   17.6;eor
  2838;20051201;20051231;   9;   2;   104.7;     21;     67;   14.8;eor
  2838;20060101;20060131;   9;   2;    30.9;      3;     14;   11.8;eor
  2838;20060201;20060228;   9;   2;    67.1;     41;    211;   17.3;eor
  2838;20060301;20060331;   9;   2;    70.5;     33;    427;   10.2;eor
  2838;20060401;20060430;   9;   2;    66.4;      0;      0;    9.5;eor
  2838;20060501;20060531;   9;   2;    96.2;      0;      0;   15.8;eor
  2838;20060601;20060630;   9;   2;    41.6;      0;      0;   12.4;eor
  2838;20060701;20060731;   9;   2;    40.3;      0;      0;   14.2;eor
  2838;20060801;20060831;   9;   2;   121.0;      0;      0;   13.6;eor
  2838;20060901;20060930;   9;   2;    25.0;      0;      0;   13.7;eor
  2838;20061001;20061031;   9;   2;    51.6;      0;      0;   15.2;eor
  2838;20061101;20061130;   9;   2;    78.1;      0;      0;   15.3;eor
  2838;20061201;20061231;   9;   2;    50.4;      0;      0;    7.5;eor
  2838;20070101;20070131;   9;   2;   142.1;      3;      7;   36.7;eor
  2838;20070201;20070228;   9;   2;    84.8;      2;      3;   12.8;eor
  2838;20070301;20070331;   9;   2;   110.2;      6;     12;   34.1;eor
  2838;20070401;20070430;   9;   2;     6.5;      0;      0;    3.2;eor
  2838;20070501;20070531;   9;   2;   185.1;      0;      0;   40.9;eor
  2838;20070601;20070630;   9;   2;   101.4;      0;      0;   23.3;eor
  2838;20070701;20070731;   9;   2;   122.4;      0;      0;   23.0;eor
  2838;20070801;20070831;   9;   2;   191.6;      0;      0;   81.4;eor
  2838;20070901;20070930;   9;   2;   224.6;      0;      0;   64.2;eor
  2838;20071001;20071031;   9;   2;    43.6;      0;      0;   12.8;eor
  2838;20071101;20071130;   9;   2;   127.1;      0;      0;   18.1;eor
  2838;20071201;20071231;   9;   2;    74.6;      4;      8;   17.8;eor
  2838;20080101;20080131;   9;   2;   157.2;      0;      0;   35.8;eor
  2838;20080201;20080229;   9;   2;    54.3;      0;      0;   21.2;eor
  2838;20080301;20080331;   9;   2;   129.3;     21;     44;   22.7;eor
  2838;20080401;20080430;   9;   2;   109.7;      0;      0;   15.5;eor
  2838;20080501;20080531;   9;   2;    28.8;      0;      0;   15.3;eor
  2838;20080601;20080630;   9;   2;    75.2;      0;      0;   22.0;eor
  2838;20080701;20080731;   9;   2;   116.0;      0;      0;   21.2;eor
  2838;20080801;20080831;   9;   2;    82.6;      0;      0;   32.1;eor
  2838;20080901;20080930;   9;   2;    63.7;      0;      0;   20.6;eor
  2838;20081001;20081031;   9;   2;    67.1;      0;      0;   15.4;eor
  2838;20081101;20081130;   9;   2;    58.2;     13;     40;   15.9;eor
  2838;20081201;20081231;   9;   2;    43.2;      7;     11;    6.6;eor
  2838;20090101;20090131;   9;   2;    40.2;     23;    226;   12.2;eor
  2838;20090201;20090228;   9;   2;   106.7;     40;    164;   14.9;eor
  2838;20090301;20090331;   9;   2;   101.7;      0;      0;   12.2;eor
  2838;20090401;20090430;   9;   2;    18.2;      0;      0;    7.1;eor
  2838;20090501;20090531;   9;   2;    80.9;      0;      0;   23.8;eor
  2838;20090601;20090630;   9;   2;    77.0;      0;      0;   21.4;eor
  2838;20090701;20090731;   9;   2;    85.4;      0;      0;   12.6;eor
  2838;20090801;20090831;   9;   2;    32.6;      0;      0;    8.1;eor
  2838;20090901;20090930;   9;   2;    72.0;      0;      0;   18.4;eor
  2838;20091001;20091031;   9;   2;   141.4;      0;      0;   29.8;eor
  2838;20091101;20091130;   9;   2;    88.3;      0;      0;   16.7;eor
  2838;20091201;20091231;   9;   2;   118.8;     15;     36;   44.3;eor
  2838;20100101;20100131;   9;   2;    57.0;     57;    615;    8.6;eor
  2838;20100201;20100228;   9;   2;    63.9;     41;    645;   12.8;eor
  2838;20100301;20100331;   9;   2;    94.4;     13;     42;   16.2;eor
  2838;20100401;20100430;   9;   2;    20.3;      0;      0;    5.8;eor
  2838;20100501;20100531;   9;   2;   140.4;      0;      0;   30.3;eor
  2838;20100601;20100630;   9;   2;    31.3;      0;      0;   19.0;eor
  2838;20100701;20100731;   9;   2;    70.4;      0;      0;   19.6;eor
  2838;20100801;20100831;   9;   2;   189.6;      0;      0;   36.8;eor
  2838;20100901;20100930;   9;   2;   125.6;      0;      0;   34.2;eor
  2838;20101001;20101031;  10;   2;    41.4;   -999;   -999;   13.9;eor
  2838;20101101;20101130;   7;   2;   214.5;      5;     25;   38.8;eor
  2838;20101201;20101231;   7;   2;    86.1;     65;    544;    9.9;eor
  2838;20110101;20110131;   3;   2;    88.7;      4;    127;   14.8;eor
  2838;20110201;20110228;   3;   2;    20.9;      0;      2;    5.9;eor
  2838;20110301;20110331;   3;   2;    18.4;      0;      0;    6.0;eor
  2838;20110401;20110430;   3;   2;    42.7;      0;      0;   19.2;eor
  2838;20110501;20110531;   3;   2;    33.2;      0;      0;    8.1;eor
  2838;20110601;20110630;   3;   2;   124.7;      0;      0;   29.3;eor
  2838;20110701;20110731;   3;   2;    87.4;      0;      0;   28.2;eor
  2838;20110801;20110831;   3;   2;   126.8;      0;      0;   16.2;eor
  2838;20110901;20110930;   3;   2;    53.5;      0;      0;   16.1;eor
  2838;20111001;20111031;   3;   2;    65.1;      0;      0;   20.0;eor
  2838;20111101;20111130;   3;   2;     2.5;      0;      0;    1.4;eor
  2838;20111201;20111231;   3;   2;   150.2;      2;      2;   19.4;eor
  2838;20120101;20120131;   3;   2;   154.2;      1;      1;   28.8;eor
  2838;20120201;20120229;   3;   2;    30.8;      0;     33;    5.3;eor
  2838;20120301;20120331;   3;   2;    34.1;      0;      0;    8.1;eor
  2838;20120401;20120430;   3;   2;    30.0;      0;      0;    7.6;eor
  2838;20120501;20120531;   3;   2;    62.4;      0;      0;   19.1;eor
  2838;20120601;20120630;   3;   2;   104.8;      0;      0;   27.7;eor
  2838;20120701;20120731;   3;   2;   103.0;      0;      0;   13.3;eor
  2838;20120801;20120831;   3;   2;    53.0;      0;      0;   23.1;eor
  2838;20120901;20120930;   3;   2;    39.4;      0;      0;   17.6;eor
  2838;20121001;20121031;   3;   2;    72.9;      0;      0;   23.4;eor
  2838;20121101;20121130;   3;   2;    46.1;      0;      0;   10.0;eor
  2838;20121201;20121231;   3;   2;   114.3;   -999;   -999;   15.2;eor
  2838;20130101;20130131;   3;   2;    95.9;     16;    141;   14.4;eor
  2838;20130201;20130228;   3;   2;    67.7;     41;    185;    8.4;eor
  2838;20130301;20130331;   3;   2;    56.8;     50;    226;   16.5;eor
  2838;20130401;20130430;   3;   2;    40.6;      2;     66;   17.8;eor
  2838;20130501;20130531;   3;   2;   214.2;      0;      0;   54.6;eor
  2838;20130601;20130630;   3;   2;    35.5;      0;      0;   12.1;eor
  2838;20130701;20130731;   3;   2;    48.6;      0;      0;   16.2;eor
  2838;20130801;20130831;   3;   2;    40.7;      0;      0;   14.0;eor
  2838;20130901;20130930;   3;   2;    61.6;      0;      0;   12.5;eor
  2838;20131001;20131031;   3;   2;    77.4;      0;      0;   21.8;eor
  2838;20131101;20131130;   3;   2;   114.6;      1;      1;   20.9;eor
  2838;20131201;20131231;   3;   2;    70.9;      2;      3;   13.6;eor
  2838;20140101;20140131;   3;   2;    54.4;      8;     30;    9.0;eor
  2838;20140201;20140228;   3;   2;    42.9;   -999;      2;    9.2;eor
  2838;20140301;20140331;   3;   2;    21.3;   -999;   -999;    7.8;eor
  2838;20140401;20140430;   3;   2;   114.2;   -999;   -999;   62.6;eor
  2838;20140501;20140531;   3;   2;   119.4;   -999;   -999;   29.8;eor
  2838;20140601;20140630;   3;   2;   176.6;   -999;   -999;   72.6;eor
  2838;20140701;20140731;   3;   2;   152.9;   -999;   -999;   37.8;eor
  2838;20140801;20140831;   3;   2;    94.3;   -999;   -999;   12.3;eor
  2838;20140901;20140930;   3;   2;    65.3;   -999;   -999;   11.1;eor
  2838;20141001;20141031;   3;   2;    84.3;   -999;   -999;   20.3;eor
  2838;20141101;20141130;   3;   2;    22.7;   -999;   -999;    6.6;eor
  2838;20141201;20141231;   3;   2;   115.6;      6;     10;   19.4;eor
