STATIONS_ID; MESS_DATUM_BEGINN; MESS_DATUM_ENDE; QUALITAETS_NIVEAU; ART; NIEDERSCHLAGSHOEHE;NEUSCHNEEHOEHE;SCHNEEHOEHE; max(NIEDERSCHLAGSHOEHE);eor
  2309;19710101;19710131;   5;   2;    22.2;   -999;    172;    6.5;eor
  2309;19710201;19710228;   5;   2;    25.1;   -999;      2;    4.0;eor
  2309;19710301;19710331;   5;   2;    23.4;   -999;     46;    6.8;eor
  2309;19710401;19710430;   5;   2;    25.0;   -999;      0;    8.6;eor
  2309;19710501;19710531;   5;   2;    64.6;   -999;      0;   15.0;eor
  2309;19710601;19710630;   5;   2;   109.7;   -999;      0;   29.7;eor
  2309;19710701;19710731;   5;   2;     7.7;   -999;      0;    4.0;eor
  2309;19710801;19710831;   5;   2;    29.9;   -999;      0;   20.0;eor
  2309;19710901;19710930;   5;   2;    47.9;   -999;      0;   11.9;eor
  2309;19711001;19711031;   5;   2;    20.4;   -999;      0;    8.1;eor
  2309;19711101;19711130;   5;   2;    25.0;   -999;     21;    5.1;eor
  2309;19711201;19711231;   5;   2;    49.4;   -999;      1;    9.5;eor
  2309;19720101;19720131;   5;   2;    11.6;   -999;     14;    5.2;eor
  2309;19720201;19720229;   5;   2;     2.5;   -999;     41;    1.5;eor
  2309;19720301;19720331;   5;   2;    39.1;   -999;     14;   21.7;eor
  2309;19720401;19720430;   5;   2;    25.1;   -999;      0;    6.1;eor
  2309;19720501;19720531;   5;   2;    86.2;   -999;      0;   27.8;eor
  2309;19720601;19720630;   5;   2;    71.7;   -999;      0;   21.4;eor
  2309;19720701;19720731;   5;   2;    78.9;   -999;      0;   22.8;eor
  2309;19720801;19720831;   5;   2;    66.2;   -999;      0;   20.0;eor
  2309;19720901;19720930;   5;   2;    52.1;   -999;      0;   20.7;eor
  2309;19721001;19721031;   5;   2;    23.4;   -999;      0;    6.2;eor
  2309;19721101;19721130;   5;   2;    23.0;   -999;      0;    5.9;eor
  2309;19721201;19721231;   5;   2;     4.4;   -999;      0;    2.7;eor
  2309;19730101;19730131;   5;   2;    22.5;   -999;     13;    5.2;eor
  2309;19730201;19730228;   5;   2;    28.2;   -999;     14;    4.6;eor
  2309;19730301;19730331;   5;   2;    12.1;   -999;      0;    4.0;eor
  2309;19730401;19730430;   5;   2;    48.6;   -999;      0;    7.8;eor
  2309;19730501;19730531;   5;   2;    59.8;   -999;      0;   13.3;eor
  2309;19730601;19730630;   5;   2;    45.2;   -999;      0;    7.3;eor
  2309;19730701;19730731;   5;   2;    42.7;   -999;      0;   11.2;eor
  2309;19730801;19730831;   5;   2;    23.0;   -999;      0;   10.0;eor
  2309;19730901;19730930;   5;   2;    27.9;   -999;      0;    6.5;eor
  2309;19731001;19731031;   5;   2;    53.9;   -999;      0;   10.2;eor
  2309;19731101;19731130;   5;   2;    26.1;   -999;     23;    6.1;eor
  2309;19731201;19731231;   5;   2;    36.1;   -999;     39;    8.1;eor
  2309;19740101;19740131;   5;   2;    28.9;   -999;      1;    7.0;eor
  2309;19740201;19740228;   5;   2;    47.0;   -999;      4;   16.0;eor
  2309;19740301;19740331;   5;   2;    14.6;   -999;      0;    5.9;eor
  2309;19740401;19740430;   5;   2;    15.1;   -999;      0;    4.7;eor
  2309;19740501;19740531;   5;   2;    44.2;   -999;      0;    7.9;eor
  2309;19740601;19740630;   5;   2;    60.6;   -999;      0;   14.8;eor
  2309;19740701;19740731;   5;   2;    45.8;   -999;      0;    8.5;eor
  2309;19740801;19740831;   5;   2;    80.2;   -999;      0;   31.2;eor
  2309;19740901;19740930;   5;   2;    36.2;   -999;      0;   13.3;eor
  2309;19741001;19741031;   5;   2;   108.3;   -999;      0;   31.8;eor
  2309;19741101;19741130;   5;   2;    52.5;   -999;      0;   20.2;eor
  2309;19741201;19741231;   5;   2;   106.8;   -999;      8;   13.1;eor
  2309;19750101;19750131;   5;   2;    29.3;   -999;      0;    6.5;eor
  2309;19750201;19750228;   5;   2;     9.3;   -999;      0;    5.0;eor
  2309;19750301;19750331;   5;   2;    21.2;   -999;      4;    5.7;eor
  2309;19750401;19750430;   5;   2;    42.1;   -999;      0;   13.5;eor
  2309;19750501;19750531;   5;   2;    25.5;   -999;      0;    5.8;eor
  2309;19750601;19750630;   5;   2;   105.1;   -999;      0;   57.8;eor
  2309;19750701;19750731;   5;   2;    46.3;   -999;      0;   26.2;eor
  2309;19750801;19750831;   5;   2;    91.8;   -999;      0;   57.2;eor
  2309;19750901;19750930;   5;   2;    53.4;   -999;      0;   40.0;eor
  2309;19751001;19751031;   5;   2;    48.9;   -999;      0;   12.5;eor
  2309;19751101;19751130;   5;   2;    42.2;   -999;     62;   19.0;eor
  2309;19751201;19751231;   5;   2;    26.3;   -999;      0;    6.3;eor
  2309;19760101;19760131;   5;   2;    86.0;   -999;     11;   11.2;eor
  2309;19760201;19760229;   5;   2;     8.0;   -999;     10;    2.0;eor
  2309;19760301;19760331;   5;   2;    13.5;   -999;      8;    4.4;eor
  2309;19760401;19760430;   5;   2;     8.8;   -999;      0;    2.0;eor
  2309;19760501;19760531;   5;   2;    36.8;   -999;      0;    8.3;eor
  2309;19760601;19760630;   5;   2;    42.2;   -999;      0;   31.3;eor
  2309;19760701;19760731;   5;   2;    30.5;   -999;      0;   13.0;eor
  2309;19760801;19760831;   5;   2;     5.9;   -999;      0;    3.4;eor
  2309;19760901;19760930;   5;   2;    42.1;   -999;      0;   11.7;eor
  2309;19761001;19761031;   5;   2;    21.0;   -999;      0;   10.2;eor
  2309;19761101;19761130;   5;   2;    31.6;   -999;      0;    5.5;eor
  2309;19761201;19761231;   5;   2;    26.2;   -999;     71;    4.5;eor
  2309;19770101;19770131;   5;   2;    23.8;   -999;     29;    5.7;eor
  2309;19770201;19770228;   5;   2;    37.9;   -999;      2;    6.0;eor
  2309;19770301;19770331;   5;   2;    37.8;   -999;      0;    9.3;eor
  2309;19770401;19770430;   5;   2;    82.8;   -999;      4;   18.6;eor
  2309;19770501;19770531;   5;   2;    56.0;   -999;      0;   18.1;eor
  2309;19770601;19770630;   5;   2;    56.9;   -999;      0;   20.1;eor
  2309;19770701;19770731;   5;   2;    55.1;   -999;      0;   16.8;eor
  2309;19770801;19770831;   5;   2;    67.5;   -999;      0;   18.0;eor
  2309;19770901;19770930;   5;   2;    63.5;   -999;      0;   15.6;eor
  2309;19771001;19771031;   5;   2;    23.0;   -999;      0;    6.8;eor
  2309;19771101;19771130;   5;   2;    60.4;   -999;      2;    9.5;eor
  2309;19771201;19771231;   5;   2;    31.5;   -999;      0;    7.3;eor
  2309;19780101;19780131;   5;   2;    19.1;   -999;      4;    6.0;eor
  2309;19780201;19780228;   5;   2;    16.2;   -999;     86;    7.5;eor
  2309;19780301;19780331;   5;   2;    37.5;   -999;      4;    7.6;eor
  2309;19780401;19780430;   5;   2;     9.8;   -999;      0;    4.0;eor
  2309;19780501;19780531;   5;   2;    75.9;   -999;      0;   11.1;eor
  2309;19780601;19780630;   5;   2;    43.9;   -999;      0;    7.2;eor
  2309;19780701;19780731;   5;   2;    27.4;   -999;      0;    7.2;eor
  2309;19780801;19780831;   5;   2;   155.0;   -999;      0;  109.1;eor
  2309;19780901;19780930;   5;   2;   105.7;   -999;      0;   16.9;eor
  2309;19781001;19781031;   5;   2;    60.9;   -999;      0;   12.3;eor
  2309;19781101;19781130;   5;   2;    20.0;   -999;      0;   13.6;eor
  2309;19781201;19781231;   5;   2;    73.4;   -999;     29;    8.0;eor
  2309;19790101;19790131;   5;   2;    41.8;   -999;    556;   10.7;eor
  2309;19790201;19790228;   5;   2;    30.8;   -999;    628;    9.0;eor
  2309;19790301;19790331;   5;   2;    65.3;   -999;     73;    9.7;eor
  2309;19790401;19790430;   5;   2;    28.0;   -999;      0;    8.0;eor
  2309;19790501;19790531;   5;   2;    43.4;   -999;      0;   13.4;eor
  2309;19790601;19790630;   5;   2;    76.8;   -999;      0;   21.2;eor
  2309;19790701;19790731;   5;   2;    49.3;   -999;      0;   12.5;eor
  2309;19790801;19790831;   5;   2;    36.4;   -999;      0;   20.4;eor
  2309;19790901;19790930;   5;   2;    36.7;   -999;      0;   18.1;eor
  2309;19791001;19791031;   5;   2;     6.3;   -999;      0;    3.0;eor
  2309;19791101;19791130;   5;   2;    58.9;   -999;      0;   10.4;eor
  2309;19791201;19791231;   5;   2;    71.4;   -999;      6;   19.3;eor
  2309;19800101;19800131;   5;   2;    25.4;   -999;    108;   10.0;eor
  2309;19800201;19800229;   5;   2;    40.4;   -999;     32;   13.4;eor
  2309;19800301;19800331;   5;   2;    21.4;   -999;     10;    4.1;eor
  2309;19800401;19800430;   5;   2;   104.2;   -999;      0;   25.8;eor
  2309;19800501;19800531;   5;   2;    21.8;   -999;      0;   18.8;eor
  2309;19800601;19800630;   5;   2;   116.6;   -999;      0;   35.4;eor
  2309;19800701;19800731;   5;   2;    77.9;   -999;      0;   21.9;eor
  2309;19800801;19800831;   5;   2;    54.6;   -999;      0;   12.0;eor
  2309;19800901;19800930;   5;   2;    43.6;   -999;      0;   15.4;eor
  2309;19801001;19801031;   5;   2;    65.3;   -999;      0;   22.2;eor
  2309;19801101;19801130;   5;   2;    32.9;   -999;     13;    7.8;eor
  2309;19801201;19801231;   5;   2;    31.8;   -999;     32;    8.4;eor
  2309;19810101;19810131;  10;   2;    56.3;   -999;    162;   12.1;eor
  2309;19810201;19810228;  10;   2;    20.0;   -999;     39;    4.7;eor
  2309;19810301;19810331;  10;   2;    75.9;   -999;      7;   16.3;eor
  2309;19810401;19810430;  10;   2;    40.1;   -999;      0;   25.4;eor
  2309;19810501;19810531;  10;   2;    35.6;   -999;      0;   12.7;eor
  2309;19810601;19810630;  10;   2;    49.9;   -999;      0;    7.7;eor
  2309;19810701;19810731;  10;   2;    92.3;   -999;      0;   24.4;eor
  2309;19810801;19810831;  10;   2;    48.2;   -999;      0;   15.0;eor
  2309;19810901;19810930;  10;   2;    72.6;   -999;      0;   38.8;eor
  2309;19811001;19811031;  10;   2;    73.8;   -999;      0;   13.3;eor
  2309;19811101;19811130;  10;   2;    44.8;   -999;      1;   10.0;eor
  2309;19811201;19811231;  10;   2;    61.6;   -999;    241;   13.8;eor
  2309;19820101;19820131;  10;   2;    45.3;   -999;     39;   13.7;eor
  2309;19820201;19820228;  10;   2;    13.4;   -999;      0;    9.6;eor
  2309;19820301;19820331;  10;   2;    22.4;   -999;      0;    6.0;eor
  2309;19820401;19820430;  10;   2;    16.8;   -999;      0;    5.2;eor
  2309;19820501;19820531;  10;   2;    48.9;   -999;      0;   16.0;eor
  2309;19820601;19820630;  10;   2;    46.8;   -999;      0;   10.8;eor
  2309;19820701;19820731;  10;   2;    22.0;   -999;      0;   11.4;eor
  2309;19820801;19820831;  10;   2;    26.4;   -999;      0;   12.1;eor
  2309;19820901;19820930;  10;   2;    11.3;   -999;      0;    8.6;eor
  2309;19821001;19821031;  10;   2;    44.2;   -999;      0;    8.6;eor
  2309;19821101;19821130;  10;   2;    22.4;   -999;      0;    4.0;eor
  2309;19821201;19821231;  10;   2;    30.8;   -999;      1;    5.2;eor
  2309;19830101;19830131;  10;   2;    61.1;   -999;      1;   11.0;eor
  2309;19830201;19830228;  10;   2;    18.0;   -999;     93;    4.0;eor
  2309;19830301;19830331;  10;   2;    27.8;   -999;      0;    5.4;eor
  2309;19830401;19830430;  10;   2;    73.8;   -999;      0;   22.0;eor
  2309;19830501;19830531;  10;   2;    65.3;   -999;      0;   16.4;eor
  2309;19830601;19830630;  10;   2;    18.5;   -999;      0;   10.5;eor
  2309;19830701;19830731;  10;   2;    33.4;   -999;      0;   23.5;eor
  2309;19830801;19830831;  10;   2;    84.9;   -999;      0;   28.4;eor
  2309;19830901;19830930;  10;   2;    48.6;   -999;      0;   15.6;eor
  2309;19831001;19831031;  10;   2;    19.9;   -999;      0;    6.9;eor
  2309;19831101;19831130;  10;   2;    32.4;   -999;      0;   12.0;eor
  2309;19831201;19831231;  10;   2;    40.4;   -999;     30;   13.4;eor
  2309;19840101;19840131;  10;   2;    46.5;   -999;     13;   13.0;eor
  2309;19840201;19840229;  10;   2;    27.0;   -999;      9;    6.7;eor
  2309;19840301;19840331;  10;   2;     7.3;   -999;      0;    2.5;eor
  2309;19840401;19840430;  10;   2;    45.4;   -999;      0;   16.8;eor
  2309;19840501;19840531;  10;   2;    57.3;   -999;      0;   14.2;eor
  2309;19840601;19840630;  10;   2;    53.4;   -999;      0;    8.0;eor
  2309;19840701;19840731;  10;   2;    26.6;   -999;      0;    4.5;eor
  2309;19840801;19840831;  10;   2;    42.1;   -999;      0;   15.0;eor
  2309;19840901;19840930;  10;   2;    46.1;   -999;      0;   11.1;eor
  2309;19841001;19841031;  10;   2;    45.3;   -999;      0;   13.3;eor
  2309;19841101;19841130;  10;   2;    31.8;   -999;      5;   11.2;eor
  2309;19841201;19841231;  10;   2;    29.5;   -999;      8;    7.5;eor
  2309;19850101;19850131;  10;   2;    21.6;   -999;    149;    4.2;eor
  2309;19850201;19850228;  10;   2;    19.4;   -999;     23;    4.8;eor
  2309;19850301;19850331;  10;   2;    39.3;   -999;     23;   14.6;eor
  2309;19850401;19850430;  10;   2;    54.0;   -999;      0;    9.8;eor
  2309;19850501;19850531;  10;   2;    40.5;   -999;      0;   15.3;eor
  2309;19850601;19850630;  10;   2;    53.9;   -999;      0;    5.1;eor
  2309;19850701;19850731;  10;   2;    37.3;   -999;      0;   10.0;eor
  2309;19850801;19850831;  10;   2;    53.7;   -999;      0;   11.5;eor
  2309;19850901;19850930;  10;   2;    41.5;   -999;      0;   14.0;eor
  2309;19851001;19851031;  10;   2;    11.6;   -999;      0;    2.1;eor
  2309;19851101;19851130;  10;   2;    24.6;   -999;     45;    5.5;eor
  2309;19851201;19851231;  10;   2;    50.7;   -999;     37;    7.0;eor
  2309;19860101;19860131;  10;   2;    50.0;   -999;     67;    7.9;eor
  2309;19860201;19860228;  10;   2;    14.3;   -999;    176;    6.5;eor
  2309;19860301;19860331;  10;   2;    52.5;   -999;     55;   17.0;eor
  2309;19860401;19860430;  10;   2;    49.8;   -999;      3;   14.4;eor
  2309;19860501;19860531;  10;   2;   107.0;   -999;      0;   18.5;eor
  2309;19860601;19860630;  10;   2;    66.3;   -999;      0;   18.0;eor
  2309;19860701;19860731;  10;   2;    22.4;   -999;      0;    8.0;eor
  2309;19860801;19860831;  10;   2;    53.2;   -999;      0;   24.3;eor
  2309;19860901;19860930;  10;   2;    47.3;   -999;      0;   26.1;eor
  2309;19861001;19861031;  10;   2;    52.4;   -999;      0;   18.2;eor
  2309;19861101;19861130;  10;   2;    12.1;   -999;      0;    5.2;eor
  2309;19861201;19861231;  10;   2;    93.3;   -999;     45;   23.4;eor
  2309;19870101;19870131;  10;   2;    53.4;   -999;    360;   10.0;eor
  2309;19870201;19870228;  10;   2;    44.2;   -999;    217;   12.5;eor
  2309;19870301;19870331;  10;   2;    19.3;   -999;     28;    4.3;eor
  2309;19870401;19870430;  10;   2;    39.6;   -999;      0;   13.1;eor
  2309;19870501;19870531;  10;   2;    57.4;   -999;      0;   23.0;eor
  2309;19870601;19870630;  10;   2;    54.5;   -999;      0;   17.7;eor
  2309;19870701;19870731;  10;   2;    54.7;   -999;      0;   23.0;eor
  2309;19870801;19870831;  10;   2;    69.5;   -999;      0;   13.0;eor
  2309;19870901;19870930;  10;   2;    65.3;   -999;      0;   29.3;eor
  2309;19871001;19871031;  10;   2;    15.2;   -999;      0;   10.2;eor
  2309;19871101;19871130;  10;   2;    57.0;   -999;      0;   23.5;eor
  2309;19871201;19871231;  10;   2;    44.7;   -999;      2;   11.5;eor
  2309;19880101;19880131;  10;   2;    30.5;   -999;      1;    6.3;eor
  2309;19880201;19880229;  10;   2;    74.1;   -999;     29;   12.6;eor
  2309;19880301;19880331;  10;   2;    59.1;   -999;     17;    7.0;eor
  2309;19880401;19880430;  10;   2;     1.1;   -999;      0;    0.5;eor
  2309;19880501;19880531;  10;   2;    25.9;   -999;      0;   14.5;eor
  2309;19880601;19880630;  10;   2;    54.4;   -999;      0;    9.7;eor
  2309;19880701;19880731;  10;   2;    68.9;   -999;      0;   22.2;eor
  2309;19880801;19880831;  10;   2;    38.5;   -999;      0;   14.5;eor
  2309;19880901;19880930;  10;   2;    27.4;   -999;      0;    7.0;eor
  2309;19881001;19881031;  10;   2;     7.1;   -999;      0;    2.2;eor
  2309;19881101;19881130;  10;   2;    35.3;   -999;     10;    6.7;eor
  2309;19881201;19881231;  10;   2;    55.2;   -999;     24;    7.5;eor
  2309;19890101;19890131;  10;   2;    13.2;   -999;      0;    3.3;eor
  2309;19890201;19890228;  10;   2;    25.8;   -999;      0;    9.1;eor
  2309;19890301;19890331;  10;   2;    23.6;   -999;      0;    5.1;eor
  2309;19890401;19890430;  10;   2;    47.9;   -999;      0;   18.2;eor
  2309;19890501;19890531;  10;   2;     6.1;   -999;      0;    2.4;eor
  2309;19890601;19890630;  10;   2;    37.7;   -999;      0;    7.1;eor
  2309;19890701;19890731;  10;   2;    56.6;   -999;      0;   27.0;eor
  2309;19890801;19890831;  10;   2;    31.9;   -999;      0;    7.5;eor
  2309;19890901;19890930;  10;   2;    15.8;   -999;      0;    8.1;eor
  2309;19891001;19891031;  10;   2;    35.7;   -999;      0;   12.0;eor
  2309;19891101;19891130;  10;   2;    71.6;   -999;     15;   28.8;eor
  2309;19891201;19891231;  10;   2;    54.1;   -999;      0;   15.0;eor
  2309;19900101;19900131;  10;   2;    23.9;   -999;      5;    8.5;eor
  2309;19900201;19900228;  10;   2;    42.1;   -999;      1;    7.0;eor
  2309;19900301;19900331;  10;   2;    20.8;   -999;      4;    6.1;eor
  2309;19900401;19900430;  10;   2;    30.5;   -999;      0;    7.0;eor
  2309;19900501;19900531;  10;   2;     7.4;   -999;      0;    2.4;eor
  2309;19900601;19900630;  10;   2;   127.4;   -999;      0;   31.1;eor
  2309;19900701;19900731;  10;   2;    19.3;   -999;      0;    8.7;eor
  2309;19900801;19900831;  10;   2;    73.3;   -999;      0;   24.5;eor
  2309;19900901;19900930;  10;   2;    47.2;   -999;      0;    8.0;eor
  2309;19901001;19901031;  10;   2;    14.6;   -999;      0;    3.0;eor
  2309;19901101;19901130;  10;   2;    50.7;   -999;      0;   14.0;eor
  2309;19901201;19901231;  10;   2;    53.2;   -999;     48;   11.1;eor
  2309;19910101;19910131;   9;   2;    18.4;      0;      0;    5.0;eor
  2309;19910201;19910228;   9;   2;    24.3;     17;    175;    6.0;eor
  2309;19910301;19910331;   9;   2;    27.9;      0;      0;   12.9;eor
  2309;19910401;19910430;   9;   2;    39.3;      0;      0;    7.5;eor
  2309;19910501;19910531;   9;   2;    38.0;      0;      0;    9.5;eor
  2309;19910601;19910630;   9;   2;    69.6;      0;      0;   27.0;eor
  2309;19910701;19910731;   9;   2;    22.0;      0;      0;   14.8;eor
  2309;19910801;19910831;   9;   2;    22.8;      0;      0;    5.5;eor
  2309;19910901;19910930;   9;   2;    10.3;      0;      0;    4.0;eor
  2309;19911001;19911031;   9;   2;    29.1;      0;      0;    8.0;eor
  2309;19911101;19911130;   9;   2;    57.7;      0;      0;   20.7;eor
  2309;19911201;19911231;   9;   2;    36.5;      0;      0;   14.2;eor
  2309;19920101;19920131;   9;   2;    46.4;      0;      0;   16.3;eor
  2309;19920201;19920229;   9;   2;    32.8;      3;      4;    6.8;eor
  2309;19920301;19920331;   9;   2;    84.4;      1;      1;   17.0;eor
  2309;19920401;19920430;   9;   2;    21.0;      0;      0;    5.4;eor
  2309;19920501;19920531;   9;   2;    20.4;      0;      0;    6.2;eor
  2309;19920601;19920630;   9;   2;    15.8;      0;      0;    6.3;eor
  2309;19920701;19920731;   9;   2;    77.8;      0;      0;   16.7;eor
  2309;19920801;19920831;   9;   2;    61.3;      0;      0;   26.2;eor
  2309;19920901;19920930;   9;   2;    19.4;      0;      0;    3.8;eor
  2309;19921001;19921031;   9;   2;    42.8;      0;      0;   10.6;eor
  2309;19921101;19921130;   9;   2;    49.4;      0;      0;    9.3;eor
  2309;19921201;19921231;   9;   2;    46.6;      1;      1;   15.0;eor
  2309;19930101;19930131;   9;   2;    63.1;      1;      2;   15.0;eor
  2309;19930201;19930228;   9;   2;    32.3;      8;     29;    6.6;eor
  2309;19930301;19930331;   9;   2;    11.7;      0;      0;    4.4;eor
  2309;19930401;19930430;   9;   2;    24.5;      0;      0;   10.4;eor
  2309;19930501;19930531;   9;   2;    52.8;      0;      0;   11.0;eor
  2309;19930601;19930630;   9;   2;    97.7;      0;      0;   21.7;eor
  2309;19930701;19930731;   9;   2;   107.7;      0;      0;   19.7;eor
  2309;19930801;19930831;   9;   2;    29.2;      0;      0;   11.4;eor
  2309;19930901;19930930;   9;   2;    43.7;      0;      0;   10.4;eor
  2309;19931001;19931031;   9;   2;    24.4;      0;      0;    6.5;eor
  2309;19931101;19931130;   9;   2;    40.7;     18;    102;   11.0;eor
  2309;19931201;19931231;   9;   2;    78.6;      9;     42;   14.6;eor
  2309;19940101;19940131;   9;   2;    59.3;      0;      0;   10.2;eor
  2309;19940201;19940228;   9;   2;     6.6;      7;     19;    4.3;eor
  2309;19940301;19940331;   9;   2;    82.2;      0;      0;    9.4;eor
  2309;19940401;19940430;   9;   2;    83.1;      0;      0;   33.2;eor
  2309;19940501;19940531;   9;   2;    97.5;      0;      0;   46.5;eor
  2309;19940601;19940630;   9;   2;    25.8;      0;      0;    9.2;eor
  2309;19940701;19940731;   9;   2;    34.6;      0;      0;   22.5;eor
  2309;19940801;19940831;   9;   2;   141.7;      0;      0;   45.1;eor
  2309;19940901;19940930;   9;   2;    64.5;      0;      0;   16.5;eor
  2309;19941001;19941031;   9;   2;    22.3;      0;      0;    5.5;eor
  2309;19941101;19941130;   9;   2;    31.6;      0;      0;    9.5;eor
  2309;19941201;19941231;   9;   2;    37.1;      0;      0;    6.4;eor
  2309;19950101;19950131;   9;   2;    50.5;     13;     47;   12.5;eor
  2309;19950201;19950228;   9;   2;    51.4;      0;      0;    9.5;eor
  2309;19950301;19950331;   9;   2;    40.2;      2;      3;    6.5;eor
  2309;19950401;19950430;   9;   2;    51.5;      0;      0;   13.6;eor
  2309;19950501;19950531;   9;   2;    64.7;      0;      0;   20.8;eor
  2309;19950601;19950630;   9;   2;    77.8;      0;      0;   15.2;eor
  2309;19950701;19950731;   9;   2;    83.3;      0;      0;   52.3;eor
  2309;19950801;19950831;   9;   2;    74.3;      0;      0;   35.6;eor
  2309;19950901;19950930;   9;   2;    48.9;      0;      0;   11.1;eor
  2309;19951001;19951031;   9;   2;     8.2;      0;      0;    2.2;eor
  2309;19951101;19951130;   9;   2;    48.4;      1;      2;   10.3;eor
  2309;19951201;19951231;   9;   2;    28.6;     11;     56;   11.6;eor
  2309;19960101;19960131;   9;   2;     3.0;      6;     20;    1.2;eor
  2309;19960201;19960229;   9;   2;    32.1;     22;    108;    7.2;eor
  2309;19960301;19960331;   9;   2;    13.7;      4;      4;    3.8;eor
  2309;19960401;19960430;   9;   2;     8.0;      1;      1;    3.6;eor
  2309;19960501;19960531;   9;   2;   142.9;      0;      0;   57.8;eor
  2309;19960601;19960630;   9;   2;    23.6;      0;      0;    7.2;eor
  2309;19960701;19960731;   9;   2;   108.7;      0;      0;   27.0;eor
  2309;19960801;19960831;   9;   2;    42.6;      0;      0;   11.3;eor
  2309;19960901;19960930;   9;   2;    40.2;      0;      0;   11.0;eor
  2309;19961001;19961031;   9;   2;    38.2;      0;      0;    8.0;eor
  2309;19961101;19961130;   9;   2;    38.9;      3;      9;    6.4;eor
  2309;19961201;19961231;   9;   2;     9.3;      2;      4;    3.0;eor
  2309;19970101;19970131;   9;   2;     6.0;      1;     30;    2.0;eor
  2309;19970201;19970228;   9;   2;    42.2;      0;      0;   10.0;eor
  2309;19970301;19970331;   9;   2;    20.0;      0;      1;    4.0;eor
  2309;19970401;19970430;   9;   2;    26.2;      1;      1;    7.4;eor
  2309;19970501;19970531;   9;   2;    65.7;      0;      0;   19.7;eor
  2309;19970601;19970630;   9;   2;    22.5;      0;      0;    5.3;eor
  2309;19970701;19970731;   9;   2;    67.6;      0;      0;   33.3;eor
  2309;19970801;19970831;   9;   2;    20.7;      0;      0;   11.8;eor
  2309;19970901;19970930;   9;   2;    14.9;      0;      0;    3.5;eor
  2309;19971001;19971031;   9;   2;    36.1;      0;      0;    6.0;eor
  2309;19971101;19971130;   9;   2;    11.3;      0;      0;    4.6;eor
  2309;19971201;19971231;   9;   2;    65.5;      6;     11;    9.3;eor
  2309;19980101;19980131;   9;   2;    50.7;      3;     21;    7.3;eor
  2309;19980201;19980228;   9;   2;    10.2;      4;      8;    2.5;eor
  2309;19980301;19980331;   9;   2;    38.4;      0;      0;    7.5;eor
  2309;19980401;19980430;   9;   2;    43.4;      0;      0;   10.5;eor
  2309;19980501;19980531;   9;   2;    21.4;      0;      0;    6.4;eor
  2309;19980601;19980630;   9;   2;    75.4;      0;      0;   11.0;eor
  2309;19980701;19980731;   9;   2;    70.7;      0;      0;   12.1;eor
  2309;19980801;19980831;   9;   2;    50.8;      0;      0;    9.7;eor
  2309;19980901;19980930;   9;   2;    67.9;      0;      0;   15.6;eor
  2309;19981001;19981031;   9;   2;    80.0;      0;      0;   22.4;eor
  2309;19981101;19981130;   9;   2;    37.2;      0;      0;   13.5;eor
  2309;19981201;19981231;   9;   2;    24.7;     10;     58;    4.1;eor
  2309;19990101;19990131;   9;   2;    19.5;      6;     10;    3.7;eor
  2309;19990201;19990228;   9;   2;    37.5;     15;     47;    6.5;eor
  2309;19990301;19990331;   9;   2;    41.0;      0;      0;    7.2;eor
  2309;19990401;19990430;   9;   2;    29.6;      0;      0;    7.0;eor
  2309;19990501;19990531;   9;   2;    50.5;      0;      0;   17.0;eor
  2309;19990601;19990630;   9;   2;    38.1;      0;      0;    9.7;eor
  2309;19990701;19990731;   9;   2;    35.1;      0;      0;   14.3;eor
  2309;19990801;19990831;   9;   2;    34.1;      0;      0;   12.5;eor
  2309;19990901;19990930;   9;   2;    28.0;      0;      0;    9.5;eor
  2309;19991001;19991031;   9;   2;    13.3;      0;      0;    2.5;eor
  2309;19991101;19991130;   9;   2;    32.5;      7;     12;   12.1;eor
  2309;19991201;19991231;   9;   2;    59.6;      4;     14;    8.7;eor
  2309;20000101;20000131;   9;   2;    33.7;      5;     20;    6.5;eor
  2309;20000201;20000229;   9;   2;    39.9;      1;      1;    6.3;eor
  2309;20000301;20000331;   9;   2;    67.6;      1;      1;   11.8;eor
  2309;20000401;20000430;   9;   2;    16.1;      0;      0;    6.0;eor
  2309;20000501;20000531;   9;   2;    19.5;      0;      0;    7.0;eor
  2309;20000601;20000630;   9;   2;    16.5;      0;      0;    8.3;eor
  2309;20000701;20000731;   9;   2;    48.3;      0;      0;    7.6;eor
  2309;20000801;20000831;   9;   2;    65.8;      0;      0;   21.3;eor
  2309;20000901;20000930;   9;   2;    43.9;      0;      0;    8.4;eor
  2309;20001001;20001031;   9;   2;    22.0;      0;      0;    6.8;eor
  2309;20001101;20001130;   9;   2;    26.5;      0;      0;   12.7;eor
  2309;20001201;20001231;   9;   2;    22.1;     11;     45;    3.8;eor
  2309;20010101;20010131;   9;   2;    29.7;      2;     15;    9.5;eor
  2309;20010201;20010228;   9;   2;    29.3;     15;     33;    5.2;eor
  2309;20010301;20010331;   9;   2;    61.9;     21;     57;   10.5;eor
  2309;20010401;20010430;   9;   2;    39.3;      0;      0;    7.6;eor
  2309;20010501;20010531;   9;   2;    44.5;      0;      0;   14.0;eor
  2309;20010601;20010630;   9;   2;    53.3;      0;      0;   12.0;eor
  2309;20010701;20010731;   9;   2;    64.0;      0;      0;   21.0;eor
  2309;20010801;20010831;   9;   2;    46.1;      0;      0;   11.0;eor
  2309;20010901;20010930;   9;   2;   119.1;      0;      0;   19.5;eor
  2309;20011001;20011031;   9;   2;    16.8;      0;      0;    4.5;eor
  2309;20011101;20011130;   9;   2;    31.7;      0;      0;    9.0;eor
  2309;20011201;20011231;   9;   2;    44.7;     28;     43;    9.2;eor
  2309;20020101;20020131;   9;   2;    20.2;      2;     27;    4.3;eor
  2309;20020201;20020228;   9;   2;    44.0;      7;      8;    5.3;eor
  2309;20020301;20020331;   9;   2;    21.6;      0;      0;    6.9;eor
  2309;20020401;20020430;   9;   2;    42.4;      0;      0;   19.2;eor
  2309;20020501;20020531;   9;   2;    89.9;      0;      0;   39.8;eor
  2309;20020601;20020630;   9;   2;    33.6;      0;      0;    8.3;eor
  2309;20020701;20020731;   9;   2;    56.2;      0;      0;   15.4;eor
  2309;20020801;20020831;   9;   2;   172.3;      0;      0;   92.7;eor
  2309;20020901;20020930;   9;   2;    26.1;      0;      0;   10.8;eor
  2309;20021001;20021031;   9;   2;    67.1;      0;      0;   15.9;eor
  2309;20021101;20021130;   9;   2;    64.1;      7;     18;   11.2;eor
  2309;20021201;20021231;   9;   2;    25.0;      7;      7;    8.0;eor
  2309;20030101;20030131;   9;   2;    42.5;      7;     29;   11.0;eor
  2309;20030201;20030228;   9;   2;     2.9;      5;     22;    1.3;eor
  2309;20030301;20030331;   9;   2;    20.7;      2;      3;    5.2;eor
  2309;20030401;20030430;   9;   2;    24.7;      1;      1;    7.0;eor
  2309;20030501;20030531;   9;   2;    17.7;      0;      0;    5.2;eor
  2309;20030601;20030630;   9;   2;    28.4;      0;      0;    9.8;eor
  2309;20030701;20030731;   9;   2;    50.4;      0;      0;   15.2;eor
  2309;20030801;20030831;   9;   2;    19.3;      0;      0;    7.8;eor
  2309;20030901;20030930;   9;   2;    33.6;      0;      0;   13.1;eor
  2309;20031001;20031031;   9;   2;    38.3;      0;      0;    6.2;eor
  2309;20031101;20031130;   9;   2;    29.1;      0;      0;   11.0;eor
  2309;20031201;20031231;   9;   2;    30.9;      0;      0;   11.6;eor
  2309;20040101;20040131;   9;   2;    39.7;     12;     51;    9.0;eor
  2309;20040201;20040229;   9;   2;    23.8;      2;      3;    6.0;eor
  2309;20040301;20040331;   9;   2;    15.8;      5;      5;    4.2;eor
  2309;20040401;20040430;   9;   2;    22.0;      0;      0;    7.3;eor
  2309;20040501;20040531;   9;   2;    51.1;      0;      0;   21.7;eor
  2309;20040601;20040630;   9;   2;    54.4;      0;      0;   11.0;eor
  2309;20040701;20040731;   9;   2;    80.2;      0;      0;   22.0;eor
  2309;20040801;20040831;   9;   2;    65.3;      0;      0;   21.0;eor
  2309;20040901;20040930;   9;   2;    28.2;      0;      0;    6.0;eor
  2309;20041001;20041031;   9;   2;    26.1;      0;      0;    4.7;eor
  2309;20041101;20041130;   9;   2;    55.5;      6;      7;   13.0;eor
  2309;20041201;20041231;   9;   2;    26.7;      1;      1;   10.0;eor
  2309;20050101;20050131;   9;   2;    39.3;     11;     43;   10.8;eor
  2309;20050201;20050228;   9;   2;    34.6;     21;     76;    7.8;eor
  2309;20050301;20050331;   9;   2;    15.0;      8;    111;    4.0;eor
  2309;20050401;20050430;   9;   2;    13.8;      0;      0;    6.1;eor
  2309;20050501;20050531;   9;   2;    91.4;      0;      0;   20.6;eor
  2309;20050601;20050630;   9;   2;    35.0;      0;      0;    9.7;eor
  2309;20050701;20050731;   9;   2;   150.2;      0;      0;   32.0;eor
  2309;20050801;20050831;   9;   2;    65.8;      0;      0;   14.0;eor
  2309;20050901;20050930;   9;   2;    34.6;      0;      0;   11.2;eor
  2309;20051001;20051031;   9;   2;    18.3;      0;      0;   10.0;eor
  2309;20051101;20051130;   9;   2;    37.8;      2;      5;    9.7;eor
  2309;20051201;20051231;   9;   2;    42.8;     17;     46;    6.5;eor
