STATIONS_ID; MESS_DATUM_BEGINN; MESS_DATUM_ENDE; QUALITAETS_NIVEAU; ART; NIEDERSCHLAGSHOEHE;NEUSCHNEEHOEHE;SCHNEEHOEHE; max(NIEDERSCHLAGSHOEHE);eor
  3166;19560101;19560131;   5;   2;    61.0;   -999;   -999;-999;eor
  3166;19560201;19560229;   5;   2;    53.0;   -999;   -999;-999;eor
  3166;19560301;19560331;   5;   2;    93.0;   -999;   -999;-999;eor
  3166;19560401;19560430;   5;   2;   112.0;   -999;   -999;-999;eor
  3166;19560501;19560531;   5;   2;    72.0;   -999;   -999;-999;eor
  3166;19560601;19560630;   5;   2;   188.0;   -999;   -999;-999;eor
  3166;19560701;19560731;   5;   2;   103.0;   -999;   -999;-999;eor
  3166;19560801;19560831;   5;   2;    78.0;   -999;   -999;-999;eor
  3166;19560901;19560930;   5;   2;    42.0;   -999;   -999;-999;eor
  3166;19561001;19561031;   5;   2;   104.0;   -999;   -999;-999;eor
  3166;19561101;19561130;   5;   2;   120.0;   -999;   -999;-999;eor
  3166;19561201;19561231;   5;   2;    89.0;   -999;   -999;-999;eor
  3166;19570101;19570131;   5;   2;    64.0;   -999;   -999;-999;eor
  3166;19570201;19570228;   5;   2;    78.0;   -999;   -999;-999;eor
  3166;19570301;19570331;   5;   2;   109.0;   -999;   -999;-999;eor
  3166;19570401;19570430;   5;   2;    37.0;   -999;   -999;-999;eor
  3166;19570501;19570531;   5;   2;    60.0;   -999;   -999;-999;eor
  3166;19570601;19570630;   5;   2;    47.0;   -999;   -999;-999;eor
  3166;19570701;19570731;   5;   2;   257.0;   -999;   -999;-999;eor
  3166;19570801;19570831;   5;   2;    62.0;   -999;   -999;-999;eor
  3166;19570901;19570930;   5;   2;   102.0;   -999;   -999;-999;eor
  3166;19571001;19571031;   5;   2;    23.0;   -999;   -999;-999;eor
  3166;19571101;19571130;   5;   2;    48.0;   -999;   -999;-999;eor
  3166;19571201;19571231;   5;   2;    53.0;   -999;   -999;-999;eor
  3166;19580101;19580131;   5;   2;    92.0;   -999;   -999;-999;eor
  3166;19580201;19580228;   5;   2;   100.0;   -999;   -999;-999;eor
  3166;19580301;19580331;   5;   2;    79.0;   -999;   -999;-999;eor
  3166;19580401;19580430;   5;   2;    58.0;   -999;   -999;-999;eor
  3166;19580501;19580531;   5;   2;    86.0;   -999;   -999;-999;eor
  3166;19580601;19580630;   5;   2;   120.0;   -999;   -999;-999;eor
  3166;19580701;19580731;   5;   2;   205.0;   -999;   -999;-999;eor
  3166;19580801;19580831;   5;   2;    59.0;   -999;   -999;-999;eor
  3166;19580901;19580930;   5;   2;    66.0;   -999;   -999;-999;eor
  3166;19581001;19581031;   5;   2;   168.0;   -999;   -999;-999;eor
  3166;19581101;19581130;   5;   2;    27.0;   -999;   -999;-999;eor
  3166;19581201;19581231;   5;   2;    80.0;   -999;   -999;-999;eor
  3166;19590101;19590131;   5;   2;    62.0;   -999;   -999;-999;eor
  3166;19590201;19590228;   5;   2;    53.0;   -999;   -999;-999;eor
  3166;19590301;19590331;   5;   2;    23.0;   -999;   -999;-999;eor
  3166;19590401;19590430;   5;   2;    97.0;   -999;   -999;-999;eor
  3166;19590501;19590531;   5;   2;   108.0;   -999;   -999;-999;eor
  3166;19590601;19590630;   5;   2;    27.0;   -999;   -999;-999;eor
  3166;19590701;19590731;   5;   2;    80.0;   -999;   -999;-999;eor
  3166;19590801;19590831;   5;   2;    59.0;   -999;   -999;-999;eor
  3166;19590901;19590930;   5;   2;     2.0;   -999;   -999;-999;eor
  3166;19591001;19591031;   5;   2;    70.0;   -999;   -999;-999;eor
  3166;19591101;19591130;   5;   2;    31.0;   -999;   -999;-999;eor
  3166;19591201;19591231;   5;   2;    39.0;   -999;   -999;-999;eor
  3166;19600101;19600131;   5;   2;   131.0;   -999;   -999;-999;eor
  3166;19600201;19600229;   5;   2;    23.0;   -999;   -999;-999;eor
  3166;19600301;19600331;   5;   2;    70.0;   -999;   -999;-999;eor
  3166;19600401;19600430;   5;   2;    49.0;   -999;   -999;-999;eor
  3166;19600501;19600531;   5;   2;   116.0;   -999;   -999;-999;eor
  3166;19600601;19600630;   5;   2;    71.0;   -999;   -999;-999;eor
  3166;19600701;19600731;   5;   2;    83.0;   -999;   -999;-999;eor
  3166;19600801;19600831;   5;   2;    97.0;   -999;   -999;-999;eor
  3166;19600901;19600930;   5;   2;    28.0;   -999;   -999;-999;eor
  3166;19601001;19601031;   5;   2;   204.0;   -999;   -999;-999;eor
  3166;19601101;19601130;   5;   2;    55.0;   -999;   -999;-999;eor
  3166;19601201;19601231;   5;   2;    57.0;   -999;   -999;-999;eor
  3166;19610101;19610131;   5;   2;    24.0;   -999;   -999;-999;eor
  3166;19610201;19610228;   5;   2;   111.0;   -999;   -999;-999;eor
  3166;19610301;19610331;   5;   2;   136.0;   -999;   -999;-999;eor
  3166;19610401;19610430;   5;   2;    61.0;   -999;   -999;-999;eor
  3166;19610501;19610531;   5;   2;   180.0;   -999;   -999;-999;eor
  3166;19610601;19610630;   5;   2;    80.0;   -999;   -999;-999;eor
  3166;19610701;19610731;   5;   2;    94.0;   -999;   -999;-999;eor
  3166;19610801;19610831;   5;   2;    76.0;   -999;   -999;-999;eor
  3166;19610901;19610930;   5;   2;    24.0;   -999;   -999;-999;eor
  3166;19611001;19611031;   5;   2;    37.0;   -999;   -999;-999;eor
  3166;19611101;19611130;   5;   2;    56.0;   -999;   -999;-999;eor
  3166;19611201;19611231;   5;   2;    70.0;   -999;   -999;-999;eor
  3166;19620101;19620131;   5;   2;    71.0;   -999;   -999;-999;eor
  3166;19620201;19620228;   5;   2;    98.0;   -999;   -999;-999;eor
  3166;19620301;19620331;   5;   2;    53.0;   -999;   -999;-999;eor
  3166;19620401;19620430;   5;   2;    81.0;   -999;   -999;-999;eor
  3166;19620501;19620531;   5;   2;    89.0;   -999;   -999;-999;eor
  3166;19620601;19620630;   5;   2;    53.0;   -999;   -999;-999;eor
  3166;19620701;19620731;   5;   2;   122.0;   -999;   -999;-999;eor
  3166;19620801;19620831;   5;   2;    58.0;   -999;   -999;-999;eor
  3166;19620901;19620930;   5;   2;    83.0;   -999;   -999;-999;eor
  3166;19621001;19621031;   5;   2;    11.0;   -999;   -999;-999;eor
  3166;19621101;19621130;   5;   2;    19.0;   -999;   -999;-999;eor
  3166;19621201;19621231;   5;   2;    68.0;   -999;   -999;-999;eor
  3166;19630101;19630131;   5;   2;    53.0;   -999;   -999;-999;eor
  3166;19630201;19630228;   5;   2;    14.0;   -999;   -999;-999;eor
  3166;19630301;19630331;   5;   2;    53.0;   -999;   -999;-999;eor
  3166;19630401;19630430;   5;   2;    67.0;   -999;   -999;-999;eor
  3166;19630501;19630531;   5;   2;    88.0;   -999;   -999;-999;eor
  3166;19630601;19630630;   5;   2;   126.0;   -999;   -999;-999;eor
  3166;19630701;19630731;   5;   2;    76.0;   -999;   -999;-999;eor
  3166;19630801;19630831;   5;   2;    94.0;   -999;   -999;-999;eor
  3166;19630901;19630930;   5;   2;    86.0;   -999;   -999;-999;eor
  3166;19631001;19631031;   5;   2;    47.0;   -999;   -999;-999;eor
  3166;19631101;19631130;   5;   2;    71.0;   -999;   -999;-999;eor
  3166;19631201;19631231;   5;   2;    18.0;   -999;   -999;-999;eor
  3166;19640101;19640131;   5;   2;    44.0;   -999;   -999;-999;eor
  3166;19640201;19640229;   5;   2;    94.0;   -999;   -999;-999;eor
  3166;19640301;19640331;   5;   2;    18.0;   -999;   -999;-999;eor
  3166;19640401;19640430;   5;   2;    64.0;   -999;   -999;-999;eor
  3166;19640501;19640531;   5;   2;    59.0;   -999;   -999;-999;eor
  3166;19640601;19640630;   5;   2;   112.0;   -999;   -999;-999;eor
  3166;19640701;19640731;   5;   2;    38.0;   -999;   -999;-999;eor
  3166;19640801;19640831;   5;   2;   117.0;   -999;   -999;-999;eor
  3166;19640901;19640930;   5;   2;    50.0;   -999;   -999;-999;eor
  3166;19641001;19641031;   5;   2;   107.0;   -999;   -999;-999;eor
  3166;19641101;19641130;   5;   2;    84.0;   -999;   -999;-999;eor
  3166;19641201;19641231;   5;   2;    49.0;   -999;   -999;-999;eor
  3166;19650101;19650131;   5;   2;    87.0;   -999;   -999;-999;eor
  3166;19650201;19650228;   5;   2;   147.0;   -999;   -999;-999;eor
  3166;19650301;19650331;   5;   2;    82.0;   -999;   -999;-999;eor
  3166;19650401;19650430;   5;   2;   129.0;   -999;   -999;-999;eor
  3166;19650501;19650531;   5;   2;   206.0;   -999;   -999;-999;eor
  3166;19650601;19650630;   5;   2;   106.0;   -999;   -999;-999;eor
  3166;19650701;19650731;   5;   2;   139.0;   -999;   -999;-999;eor
  3166;19650801;19650831;   5;   2;    34.0;   -999;   -999;-999;eor
  3166;19650901;19650930;   5;   2;   117.0;   -999;   -999;-999;eor
  3166;19651001;19651031;   5;   2;     4.0;   -999;   -999;-999;eor
  3166;19651101;19651130;   5;   2;    65.0;   -999;   -999;-999;eor
  3166;19651201;19651231;   5;   2;    96.0;   -999;   -999;-999;eor
  3166;19660101;19660131;   5;   2;    53.0;   -999;   -999;-999;eor
  3166;19660201;19660228;   5;   2;    69.0;   -999;   -999;-999;eor
  3166;19660301;19660331;   5;   2;   133.0;   -999;   -999;-999;eor
  3166;19660401;19660430;   5;   2;   108.0;   -999;   -999;-999;eor
  3166;19660501;19660531;   5;   2;    94.0;   -999;   -999;-999;eor
  3166;19660601;19660630;   5;   2;   152.0;   -999;   -999;-999;eor
  3166;19660701;19660731;   5;   2;   110.0;   -999;   -999;-999;eor
  3166;19660801;19660831;   5;   2;    84.0;   -999;   -999;-999;eor
  3166;19660901;19660930;   5;   2;    66.0;   -999;   -999;-999;eor
  3166;19661001;19661031;   5;   2;    85.0;   -999;   -999;-999;eor
  3166;19661101;19661130;   5;   2;    32.0;   -999;   -999;-999;eor
  3166;19661201;19661231;   5;   2;   132.0;   -999;   -999;-999;eor
  3166;19670101;19670131;   5;   2;   112.0;   -999;   -999;-999;eor
  3166;19670201;19670228;   5;   2;    54.0;   -999;   -999;-999;eor
  3166;19670301;19670331;   5;   2;   104.0;   -999;   -999;-999;eor
  3166;19670401;19670430;   5;   2;    35.0;   -999;   -999;-999;eor
  3166;19670501;19670531;   5;   2;    81.0;   -999;   -999;-999;eor
  3166;19670601;19670630;   5;   2;   125.0;   -999;   -999;-999;eor
  3166;19670701;19670731;   5;   2;   150.0;   -999;   -999;-999;eor
  3166;19670801;19670831;   5;   2;    91.0;   -999;   -999;-999;eor
  3166;19670901;19670930;   5;   2;   116.0;   -999;   -999;-999;eor
  3166;19671001;19671031;   5;   2;    33.0;   -999;   -999;-999;eor
  3166;19671101;19671130;   5;   2;    22.0;   -999;   -999;-999;eor
  3166;19671201;19671231;   5;   2;   170.0;   -999;   -999;-999;eor
  3166;19680101;19680131;   5;   2;   166.0;   -999;   -999;-999;eor
  3166;19680201;19680229;   5;   2;    44.0;   -999;   -999;-999;eor
  3166;19680301;19680331;   5;   2;    94.0;   -999;   -999;-999;eor
  3166;19680401;19680430;   5;   2;    53.0;   -999;   -999;-999;eor
  3166;19680501;19680531;   5;   2;    70.0;   -999;   -999;-999;eor
  3166;19680601;19680630;   5;   2;    96.0;   -999;   -999;-999;eor
  3166;19680701;19680731;   5;   2;    87.0;   -999;   -999;-999;eor
  3166;19680801;19680831;   5;   2;    92.0;   -999;   -999;-999;eor
  3166;19680901;19680930;   5;   2;    84.0;   -999;   -999;-999;eor
  3166;19681001;19681031;   5;   2;    96.0;   -999;   -999;-999;eor
  3166;19681101;19681130;   5;   2;    47.0;   -999;   -999;-999;eor
  3166;19681231;19681231;-999;-999;    -999;   -999;   -999;    0.0;eor
  3166;19690101;19690131;   5;   2;    81.5;   -999;    875;   27.1;eor
  3166;19690201;19690228;   5;   2;    41.6;   -999;    613;   21.4;eor
  3166;19690301;19690331;   5;   2;    54.9;   -999;    256;   10.6;eor
  3166;19690401;19690430;   5;   2;   126.2;   -999;     76;   22.5;eor
  3166;19690501;19690531;   5;   2;    67.6;   -999;      0;   25.3;eor
  3166;19690601;19690630;   5;   2;   141.5;   -999;      0;   37.1;eor
  3166;19690701;19690731;   5;   2;    31.0;   -999;      0;    9.0;eor
  3166;19690801;19690831;   5;   2;    70.1;   -999;      0;   12.9;eor
  3166;19690901;19690930;   5;   2;    50.2;   -999;      0;   25.6;eor
  3166;19691001;19691031;   5;   2;    51.5;   -999;      0;   17.8;eor
  3166;19691101;19691130;   5;   2;    51.9;   -999;     82;    9.3;eor
  3166;19691201;19691231;   5;   2;    29.5;   -999;    808;    7.9;eor
  3166;19700101;19700131;   5;   2;    39.0;   -999;   1092;   10.0;eor
  3166;19700201;19700228;   5;   2;   143.3;   -999;   1362;   34.4;eor
  3166;19700301;19700331;   5;   2;   104.8;   -999;   2215;   27.8;eor
  3166;19700401;19700430;   5;   2;   104.8;   -999;    475;   19.2;eor
  3166;19700501;19700531;   5;   2;   117.3;   -999;     14;   17.7;eor
  3166;19700601;19700630;   5;   2;    46.2;   -999;      0;   14.7;eor
  3166;19700701;19700731;   5;   2;    85.1;   -999;      0;   13.9;eor
  3166;19700801;19700831;   5;   2;   137.7;   -999;      0;   33.5;eor
  3166;19700901;19700930;   5;   2;    45.7;   -999;      0;   14.0;eor
  3166;19701001;19701031;   5;   2;   120.4;   -999;      2;   16.6;eor
  3166;19701101;19701130;   5;   2;    94.1;   -999;      0;   25.2;eor
  3166;19701201;19701231;   5;   2;    84.8;   -999;    192;   15.8;eor
  3166;19710101;19710131;   5;   2;    15.0;   -999;    531;    3.5;eor
  3166;19710201;19710228;   5;   2;    87.7;   -999;    195;   15.6;eor
  3166;19711001;19711031;   5;   2;    37.0;   -999;      3;   18.3;eor
  3166;19711101;19711130;   5;   2;    84.8;   -999;    170;   30.0;eor
  3166;19711201;19711231;   5;   2;   103.5;   -999;     16;   24.4;eor
  3166;19720101;19720131;   5;   2;    19.2;   -999;    178;    3.6;eor
  3166;19720201;19720229;   5;   2;     5.4;   -999;    180;    2.2;eor
  3166;19720301;19720331;   5;   2;    30.5;   -999;     17;    9.0;eor
  3166;19720401;19720430;   5;   2;    62.4;   -999;      1;    8.4;eor
  3166;19720501;19720531;   5;   2;   115.6;   -999;      0;   19.3;eor
  3166;19720601;19720630;   5;   2;    68.8;   -999;      0;   22.8;eor
  3166;19720701;19720731;   5;   2;    86.6;   -999;      0;   27.8;eor
  3166;19720801;19720831;   5;   2;    93.5;   -999;      0;   25.8;eor
  3166;19720901;19720930;   5;   2;    86.3;   -999;      0;   12.6;eor
  3166;19721001;19721031;   5;   2;    55.7;   -999;     11;   14.6;eor
  3166;19721101;19721130;   5;   2;    54.1;   -999;     61;   15.1;eor
  3166;19721201;19721231;   5;   2;     8.1;   -999;      5;    4.5;eor
  3166;19730101;19730131;   5;   2;    47.3;   -999;     92;   12.0;eor
  3166;19730201;19730228;   5;   2;    80.2;   -999;    299;   18.4;eor
  3166;19730301;19730331;   5;   2;    59.8;   -999;    532;   14.1;eor
  3166;19730401;19730430;   5;   2;    98.2;   -999;    239;   27.9;eor
  3166;19730501;19730531;   5;   2;    62.7;   -999;      0;   22.1;eor
  3166;19730601;19730630;   5;   2;   110.6;   -999;      0;   37.1;eor
  3166;19730701;19730731;   5;   2;   118.5;   -999;      0;   47.3;eor
  3166;19730801;19730831;   5;   2;    25.0;   -999;      0;    8.0;eor
  3166;19730901;19730930;   5;   2;    21.5;   -999;      0;    8.2;eor
  3166;19731001;19731031;   5;   2;    70.1;   -999;      6;   14.8;eor
  3166;19731101;19731130;   5;   2;    59.4;   -999;     88;   10.3;eor
  3166;19731201;19731231;   5;   2;    71.3;   -999;    778;   10.4;eor
  3166;19740101;19740131;   5;   2;    73.5;   -999;    236;   29.8;eor
  3166;19740201;19740228;   5;   2;    52.9;   -999;    111;    9.9;eor
  3166;19740301;19740331;   5;   2;    31.3;   -999;     54;   10.8;eor
  3166;19740401;19740430;   5;   2;    24.0;   -999;     13;   11.3;eor
  3166;19740501;19740531;   5;   2;   141.5;   -999;      0;   31.2;eor
  3166;19740601;19740630;   5;   2;   110.6;   -999;      0;   15.9;eor
  3166;19740701;19740731;   5;   2;   107.5;   -999;      0;   20.4;eor
  3166;19740801;19740831;   5;   2;    66.7;   -999;      0;   17.4;eor
  3166;19740901;19740930;   5;   2;    61.0;   -999;      0;   14.3;eor
  3166;19741001;19741031;   5;   2;   159.9;   -999;     61;   28.8;eor
  3166;19741101;19741130;   5;   2;    77.8;   -999;     74;   22.3;eor
  3166;19741201;19741231;   5;   2;   187.6;   -999;    159;   34.5;eor
  3166;19750101;19750131;   5;   2;    52.8;   -999;     54;   13.4;eor
  3166;19750201;19750228;   5;   2;    31.6;   -999;     59;   10.7;eor
  3166;19750301;19750331;   5;   2;    63.6;   -999;    104;   17.3;eor
  3166;19750401;19750430;   5;   2;    62.9;   -999;     37;   13.1;eor
  3166;19750501;19750531;   5;   2;    65.2;   -999;      0;   21.9;eor
  3166;19750601;19750630;   5;   2;    88.5;   -999;      0;   22.4;eor
  3166;19750701;19750731;   5;   2;    50.1;   -999;      0;   17.1;eor
  3166;19750801;19750831;   5;   2;   106.9;   -999;      0;   24.8;eor
  3166;19750901;19750930;   5;   2;    45.3;   -999;      0;   26.6;eor
  3166;19751001;19751031;   5;   2;    62.8;   -999;      1;    9.9;eor
  3166;19751101;19751130;   5;   2;    47.5;   -999;    110;   12.8;eor
  3166;19751201;19751231;   5;   2;    34.6;   -999;     71;    6.9;eor
  3166;19760101;19760131;   5;   2;   154.3;   -999;    336;   17.2;eor
  3166;19760201;19760229;   5;   2;    14.2;   -999;    426;    3.6;eor
  3166;19760301;19760331;   5;   2;    40.7;   -999;    100;   12.5;eor
  3166;19760401;19760430;   5;   2;    34.5;   -999;      6;   10.3;eor
  3166;19760501;19760531;   5;   2;    55.5;   -999;      0;   12.1;eor
  3166;19760601;19760630;   5;   2;    60.1;   -999;      0;   17.0;eor
  3166;19760701;19760731;   5;   2;    57.8;   -999;      0;   12.8;eor
  3166;19760801;19760831;   5;   2;    40.2;   -999;      0;    9.8;eor
  3166;19760901;19760930;   5;   2;    59.2;   -999;      0;   12.0;eor
  3166;19761001;19761031;   5;   2;    38.4;   -999;      0;    9.8;eor
  3166;19761101;19761130;   5;   2;    82.2;   -999;     90;   17.4;eor
  3166;19761201;19761231;   5;   2;    55.9;   -999;    597;    9.4;eor
  3166;19770101;19770131;   5;   2;    28.4;   -999;    861;    7.2;eor
  3166;19770201;19770228;   5;   2;    31.1;   -999;     37;    5.4;eor
  3166;19770301;19770331;   5;   2;    72.1;   -999;     51;   16.6;eor
  3166;19770401;19770430;   5;   2;    91.0;   -999;     31;   13.7;eor
  3166;19770501;19770531;   5;   2;    75.2;   -999;      0;   21.8;eor
  3166;19770601;19770630;   5;   2;   140.8;   -999;      0;   42.2;eor
  3166;19770701;19770731;   5;   2;   164.3;   -999;      0;   47.8;eor
  3166;19770801;19770831;   5;   2;   189.8;   -999;      0;   58.6;eor
  3166;19770901;19770930;   5;   2;    84.5;   -999;      0;   14.2;eor
  3166;19771001;19771031;   5;   2;    39.2;   -999;      0;   13.8;eor
  3166;19771101;19771130;   5;   2;   106.8;   -999;     80;   25.4;eor
  3166;19771201;19771231;   5;   2;    44.5;   -999;    200;    6.5;eor
  3166;19780101;19780131;   5;   2;    34.0;   -999;    430;    6.7;eor
  3166;19780201;19780228;   5;   2;    16.3;   -999;    769;    3.4;eor
  3166;19780301;19780331;   5;   2;    51.9;   -999;    106;    7.7;eor
  3166;19780401;19780430;   5;   2;    30.9;   -999;      0;    9.8;eor
  3166;19780501;19780531;   5;   2;   155.9;   -999;      2;   57.1;eor
  3166;19780601;19780630;   5;   2;    57.2;   -999;      0;   14.2;eor
  3166;19780701;19780731;   5;   2;    45.4;   -999;      0;    8.2;eor
  3166;19780801;19780831;   5;   2;   169.4;   -999;      0;   62.2;eor
  3166;19780901;19780930;   5;   2;   116.7;   -999;      0;   21.6;eor
  3166;19781001;19781031;   5;   2;    68.8;   -999;      0;   21.1;eor
  3166;19781101;19781130;   5;   2;    27.2;   -999;     21;   11.7;eor
  3166;19781201;19781231;   5;   2;    78.9;   -999;    192;   30.7;eor
  3166;19790101;19790131;   5;   2;    42.0;   -999;    990;   10.1;eor
  3166;19790201;19790228;   5;   2;    26.7;   -999;    731;    5.7;eor
  3166;19790301;19790331;   5;   2;    75.1;   -999;    117;   17.2;eor
  3166;19790401;19790430;   5;   2;    63.7;   -999;     95;   21.3;eor
  3166;19790501;19790531;   5;   2;    38.6;   -999;      3;   15.8;eor
  3166;19790601;19790630;   5;   2;   104.7;   -999;      0;   24.1;eor
  3166;19790701;19790731;   5;   2;   111.4;   -999;      0;   20.7;eor
  3166;19790801;19790831;   5;   2;    44.2;   -999;      0;   12.4;eor
  3166;19790901;19790930;   5;   2;   156.7;   -999;      0;   36.4;eor
  3166;19791001;19791031;   5;   2;    16.3;   -999;      0;    5.8;eor
  3166;19791101;19791130;   5;   2;    71.7;   -999;     76;    9.9;eor
  3166;19791201;19791231;   5;   2;    74.0;   -999;     48;   14.2;eor
  3166;19800101;19800131;   5;   2;    42.2;   -999;    877;    7.7;eor
  3166;19800201;19800229;   5;   2;    56.7;   -999;     68;    9.8;eor
  3166;19800301;19800331;   5;   2;    44.5;   -999;     99;   16.4;eor
  3166;19800401;19800430;   5;   2;   143.7;   -999;    300;   42.8;eor
  3166;19800501;19800531;   5;   2;    30.5;   -999;      6;   16.1;eor
  3166;19800601;19800630;   5;   2;   101.1;   -999;      0;   18.6;eor
  3166;19800701;19800731;   5;   2;   214.0;   -999;      0;   79.9;eor
  3166;19800801;19800831;   5;   2;    71.7;   -999;      0;   20.8;eor
  3166;19800901;19800930;   5;   2;    81.0;   -999;      0;   14.0;eor
  3166;19801001;19801031;   5;   2;   112.6;   -999;      0;   40.9;eor
  3166;19801101;19801130;   5;   2;    47.1;   -999;     38;    8.3;eor
  3166;19801201;19801231;   5;   2;    30.5;   -999;    197;    4.4;eor
  3166;19810101;19810131;  10;   2;    76.2;   -999;    974;   13.9;eor
  3166;19810201;19810228;  10;   2;    28.9;   -999;    568;    6.4;eor
  3166;19810301;19810331;  10;   2;    74.8;   -999;     46;   18.3;eor
  3166;19810401;19810430;  10;   2;    68.3;   -999;     12;   27.3;eor
  3166;19810501;19810531;  10;   2;    73.2;   -999;      0;   45.8;eor
  3166;19810601;19810630;  10;   2;    63.2;   -999;      0;   23.9;eor
  3166;19810701;19810731;  10;   2;   202.9;   -999;      0;   66.8;eor
  3166;19810801;19810831;  10;   2;    75.5;   -999;      0;   22.4;eor
  3166;19810901;19810930;  10;   2;    76.8;   -999;      0;   21.8;eor
  3166;19811001;19811031;  10;   2;   124.9;   -999;      5;   20.6;eor
  3166;19811101;19811130;  10;   2;   113.6;   -999;    145;   14.6;eor
  3166;19811201;19811231;  10;   2;    66.2;   -999;   1206;   10.8;eor
  3166;19820101;19820131;  10;   2;    61.4;   -999;    239;   32.6;eor
  3166;19820201;19820228;  10;   2;    16.6;   -999;     18;   14.0;eor
  3166;19820301;19820331;  10;   2;    37.1;   -999;     46;   15.9;eor
  3166;19820401;19820430;  10;   2;    45.8;   -999;     25;   10.4;eor
  3166;19820501;19820531;  10;   2;    65.3;   -999;      2;   16.7;eor
  3166;19820601;19820630;  10;   2;    84.2;   -999;      0;   34.2;eor
  3166;19820701;19820731;  10;   2;    75.6;   -999;      0;   18.7;eor
  3166;19820801;19820831;  10;   2;    39.8;   -999;      0;   10.9;eor
  3166;19820901;19820930;  10;   2;     6.3;   -999;      0;    2.8;eor
  3166;19821001;19821031;  10;   2;    32.3;   -999;      0;   13.7;eor
  3166;19821101;19821130;  10;   2;    15.5;   -999;      5;    4.6;eor
  3166;19821201;19821231;  10;   2;    47.2;   -999;     31;    9.4;eor
  3166;19830101;19830131;  10;   2;   111.7;   -999;     76;   14.7;eor
  3166;19830201;19830228;  10;   2;    49.9;   -999;    502;   10.5;eor
  3166;19830301;19830331;  10;   2;    55.8;   -999;     43;   14.0;eor
  3166;19830401;19830430;  10;   2;   114.6;   -999;      0;   22.7;eor
  3166;19830501;19830531;  10;   2;    62.6;   -999;      0;   18.3;eor
  3166;19830601;19830630;  10;   2;    44.3;   -999;      0;   17.1;eor
  3166;19830701;19830731;  10;   2;    57.8;   -999;      0;   34.7;eor
  3166;19830801;19830831;  10;   2;   229.6;   -999;      0;   58.7;eor
  3166;19830901;19830930;  10;   2;    37.8;   -999;      0;   18.2;eor
  3166;19831001;19831031;  10;   2;    18.4;   -999;      0;    6.4;eor
  3166;19831101;19831130;  10;   2;    58.3;   -999;     54;   12.2;eor
  3166;19831201;19831231;  10;   2;    34.6;   -999;    305;   11.0;eor
  3166;19840101;19840131;  10;   2;    38.0;   -999;    186;   11.3;eor
  3166;19840201;19840229;  10;   2;    65.5;   -999;    680;   22.0;eor
  3166;19840301;19840331;  10;   2;    17.1;   -999;    277;    9.7;eor
  3166;19840401;19840430;  10;   2;    58.4;   -999;     21;   13.9;eor
  3166;19840501;19840531;  10;   2;    78.5;   -999;      0;   18.6;eor
  3166;19840601;19840630;  10;   2;    66.2;   -999;      0;   11.5;eor
  3166;19840701;19840731;  10;   2;   151.4;   -999;      0;   28.1;eor
  3166;19840801;19840831;  10;   2;    86.1;   -999;      0;   23.8;eor
  3166;19840901;19840930;  10;   2;   100.9;   -999;      0;   19.0;eor
  3166;19841001;19841031;  10;   2;    44.4;   -999;      0;   14.7;eor
  3166;19841101;19841130;  10;   2;    34.1;   -999;      0;   19.8;eor
  3166;19841201;19841231;  10;   2;    24.0;   -999;     37;    4.2;eor
  3166;19850101;19850131;  10;   2;    31.0;   -999;    838;    4.8;eor
  3166;19850201;19850228;  10;   2;    50.6;   -999;    431;   14.0;eor
  3166;19850301;19850331;  10;   2;    36.6;   -999;    166;   16.3;eor
  3166;19850401;19850430;  10;   2;    59.4;   -999;     30;    8.3;eor
  3166;19850501;19850531;  10;   2;    59.9;   -999;     15;   19.3;eor
  3166;19850601;19850630;  10;   2;    89.9;   -999;      0;   10.3;eor
  3166;19850701;19850731;  10;   2;    97.1;   -999;      0;   20.3;eor
  3166;19850801;19850831;  10;   2;    63.6;   -999;      0;   15.8;eor
  3166;19850901;19850930;  10;   2;    35.6;   -999;      0;    8.8;eor
  3166;19851001;19851031;  10;   2;    32.0;   -999;      0;   18.8;eor
  3166;19851101;19851130;  10;   2;    40.5;   -999;    198;    6.6;eor
  3166;19851201;19851231;  10;   2;    81.8;   -999;     76;   32.0;eor
  3166;19860101;19860131;  10;   2;   104.1;   -999;    663;   22.6;eor
  3166;19860201;19860228;  10;   2;    14.0;   -999;    546;    6.4;eor
  3166;19860301;19860331;  10;   2;    36.3;   -999;    166;    9.2;eor
  3166;19860401;19860430;  10;   2;    48.6;   -999;     22;   15.9;eor
  3166;19860501;19860531;  10;   2;   153.2;   -999;      0;   33.9;eor
  3166;19860601;19860630;  10;   2;    64.7;   -999;      0;   13.1;eor
  3166;19860701;19860731;  10;   2;    63.3;   -999;      0;   13.1;eor
  3166;19860801;19860831;  10;   2;   170.2;   -999;      0;   39.8;eor
  3166;19860901;19860930;  10;   2;    61.1;   -999;      0;   17.0;eor
  3166;19861001;19861031;  10;   2;    60.9;   -999;      0;   14.7;eor
  3166;19861101;19861130;  10;   2;    21.8;   -999;      0;    6.0;eor
  3166;19861201;19861231;  10;   2;   124.9;   -999;    372;   19.8;eor
  3166;19870101;19870131;  10;   2;   102.4;   -999;   1277;   17.3;eor
  3166;19870201;19870228;  10;   2;    54.2;   -999;   1142;   19.3;eor
  3166;19870301;19870331;  10;   2;    40.3;   -999;   1050;   10.8;eor
  3166;19870401;19870430;  10;   2;    81.3;   -999;     17;   30.0;eor
  3166;19870501;19870531;  10;   2;   108.4;   -999;      2;   23.6;eor
  3166;19870601;19870630;  10;   2;   132.5;   -999;      0;   22.1;eor
  3166;19870701;19870731;  10;   2;    94.0;   -999;      0;   26.3;eor
  3166;19870801;19870831;  10;   2;    98.9;   -999;      0;   24.5;eor
  3166;19870901;19870930;  10;   2;    68.4;   -999;      0;   16.2;eor
  3166;19871001;19871031;  10;   2;    28.4;   -999;      0;   20.2;eor
  3166;19871101;19871130;  10;   2;    63.6;   -999;      2;   16.5;eor
  3166;19871201;19871231;  10;   2;    82.9;   -999;     23;   25.5;eor
  3166;19880101;19880131;  10;   2;    34.1;   -999;     36;    6.0;eor
  3166;19880201;19880229;  10;   2;    76.4;   -999;    523;   14.8;eor
  3166;19880301;19880331;  10;   2;    96.8;   -999;   1643;   10.9;eor
  3166;19880401;19880430;  10;   2;    21.8;   -999;     35;    5.1;eor
  3166;19880501;19880531;  10;   2;    31.0;   -999;      0;    7.8;eor
  3166;19880601;19880630;  10;   2;    73.2;   -999;      0;   26.0;eor
  3166;19880701;19880731;  10;   2;    78.4;   -999;      0;   23.0;eor
  3166;19880801;19880831;  10;   2;    51.6;   -999;      0;   12.1;eor
  3166;19880901;19880930;  10;   2;    62.5;   -999;      0;   12.4;eor
  3166;19881001;19881031;  10;   2;    32.7;   -999;      1;   11.2;eor
  3166;19881101;19881130;  10;   2;    97.0;   -999;    131;   18.2;eor
  3166;19881201;19881231;  10;   2;   117.6;   -999;    197;   22.8;eor
  3166;19890101;19890131;  10;   2;    36.5;   -999;     30;    9.3;eor
  3166;19890201;19890228;  10;   2;    29.0;   -999;     59;    6.2;eor
  3166;19890301;19890331;  10;   2;    41.9;   -999;      1;    5.8;eor
  3166;19890401;19890430;  10;   2;    80.9;   -999;     11;   11.9;eor
  3166;19890501;19890531;  10;   2;    44.0;   -999;      0;   14.3;eor
  3166;19890601;19890630;  10;   2;   105.3;   -999;      0;   26.2;eor
  3166;19890701;19890731;  10;   2;    54.6;   -999;      0;   10.4;eor
  3166;19890801;19890831;  10;   2;    78.1;   -999;      0;   24.2;eor
  3166;19890901;19890930;  10;   2;    47.2;   -999;      0;   20.7;eor
  3166;19891001;19891031;  10;   2;    43.6;   -999;      0;   11.8;eor
  3166;19891101;19891130;  10;   2;    85.0;   -999;    173;   17.7;eor
  3166;19891201;19891231;  10;   2;    40.9;   -999;    244;    9.2;eor
  3166;19900101;19900131;  10;   2;    12.2;   -999;     13;    2.4;eor
  3166;19900201;19900228;  10;   2;    52.7;   -999;    131;   17.8;eor
  3166;19900301;19900331;  10;   2;    22.1;   -999;     29;    5.1;eor
  3166;19900401;19900430;  10;   2;   105.0;   -999;      1;   24.9;eor
  3166;19900501;19900531;  10;   2;    17.7;   -999;      0;    7.2;eor
  3166;19900601;19900630;  10;   2;   113.6;   -999;      0;   33.1;eor
  3166;19900701;19900731;  10;   2;    30.0;   -999;      0;   14.3;eor
  3166;19900801;19900831;  10;   2;    78.6;   -999;      0;   22.6;eor
  3166;19900901;19900930;  10;   2;   128.0;   -999;      0;   20.5;eor
  3166;19901001;19901031;  10;   2;    40.1;   -999;      0;    8.3;eor
  3166;19901101;19901130;  10;   2;    66.9;   -999;     26;    9.1;eor
  3166;19901201;19901231;  10;   2;    43.6;   -999;    566;   11.3;eor
  3166;19911101;19911130;-999;-999;    -999;   -999;   -999;    6.2;eor
  3166;19911201;19911231;-999;-999;    -999;   -999;   -999;   21.6;eor
  3166;19920101;19920131;-999;-999;    -999;   -999;   -999;   13.2;eor
  3166;19920201;19920229;-999;-999;    -999;   -999;   -999;   19.4;eor
  3166;19920301;19920331;-999;-999;    -999;   -999;   -999;   14.3;eor
  3166;19920401;19920430;-999;-999;    -999;   -999;   -999;    3.8;eor
  3166;19920501;19920531;-999;-999;    -999;   -999;   -999;    1.1;eor
  3166;19920601;19920630;-999;-999;    -999;   -999;   -999;   37.0;eor
  3166;19920701;19920731;-999;-999;    -999;   -999;   -999;   41.8;eor
  3166;19920801;19920831;-999;-999;    -999;   -999;   -999;   39.3;eor
  3166;19920901;19920930;-999;-999;    -999;   -999;   -999;   10.3;eor
  3166;19921001;19921031;-999;-999;    -999;   -999;   -999;   13.5;eor
  3166;19921101;19921129;-999;-999;    -999;   -999;   -999;    7.6;eor
  3166;19921201;19921231;-999;-999;    -999;   -999;   -999;    9.2;eor
  3166;19930101;19930131;-999;-999;    -999;   -999;   -999;    8.8;eor
  3166;19930201;19930228;-999;-999;    -999;   -999;   -999;    9.9;eor
  3166;19930301;19930331;-999;-999;    -999;   -999;   -999;    6.0;eor
  3166;19930401;19930430;-999;-999;    -999;   -999;   -999;   12.5;eor
  3166;19930501;19930531;-999;-999;    -999;   -999;   -999;   31.7;eor
  3166;19930601;19930630;-999;-999;    -999;   -999;   -999;   23.9;eor
  3166;19930701;19930731;-999;-999;    -999;   -999;   -999;   22.9;eor
  3166;19930801;19930831;-999;-999;    -999;   -999;   -999;   11.1;eor
  3166;19930901;19930930;-999;-999;    -999;   -999;   -999;   11.0;eor
  3166;19931001;19931031;-999;-999;    -999;   -999;   -999;   13.9;eor
  3166;19931101;19931130;-999;-999;    -999;   -999;   -999;   16.2;eor
  3166;19931201;19931231;-999;-999;    -999;   -999;   -999;   19.4;eor
  3166;19940101;19940131;-999;-999;    -999;   -999;   -999;    7.1;eor
  3166;19940201;19940228;-999;-999;    -999;   -999;   -999;    5.9;eor
  3166;19940301;19940331;-999;-999;    -999;   -999;   -999;   21.4;eor
  3166;19940401;19940430;-999;-999;    -999;   -999;   -999;   22.8;eor
  3166;19940501;19940531;-999;-999;    -999;   -999;   -999;   32.1;eor
  3166;19940601;19940629;-999;-999;    -999;   -999;   -999;   40.2;eor
  3166;19940701;19940731;-999;-999;    -999;   -999;   -999;   12.8;eor
  3166;19940801;19940831;-999;-999;    -999;   -999;   -999;   35.5;eor
  3166;19940901;19940930;-999;-999;    -999;   -999;   -999;    0.4;eor
  3166;19941001;19941031;-999;-999;    -999;   -999;   -999;   16.4;eor
  3166;19941101;19941130;-999;-999;    -999;   -999;   -999;   15.1;eor
  3166;19941201;19941231;-999;-999;    -999;   -999;   -999;   12.8;eor
  3166;19950101;19950131;-999;-999;    -999;   -999;   -999;   11.0;eor
  3166;19950201;19950228;-999;-999;    -999;   -999;   -999;   11.1;eor
  3166;19950301;19950331;-999;-999;    -999;   -999;   -999;   10.7;eor
  3166;19950402;19950430;-999;-999;    -999;   -999;   -999;   23.2;eor
  3166;19950501;19950531;-999;-999;    -999;   -999;   -999;   49.4;eor
  3166;19950601;19950630;-999;-999;    -999;   -999;   -999;   47.7;eor
  3166;19950701;19950731;-999;-999;    -999;   -999;   -999;   42.2;eor
  3166;19950801;19950831;-999;-999;    -999;   -999;   -999;   12.6;eor
  3166;19950901;19950929;-999;-999;    -999;   -999;   -999;   45.0;eor
  3166;19951001;19951031;-999;-999;    -999;   -999;   -999;    6.7;eor
  3166;19951101;19951130;-999;-999;    -999;   -999;   -999;   21.8;eor
  3166;19951201;19951231;-999;-999;    -999;   -999;   -999;    9.3;eor
  3166;19960101;19960131;   9;   2;     1.7;      1;    164;    1.0;eor
  3166;19960201;19960229;   9;   2;    25.0;     42;    422;    6.1;eor
  3166;19960301;19960331;   9;   2;    42.5;     62;    645;    7.4;eor
  3166;19960401;19960430;   9;   2;    28.7;     18;     85;    5.8;eor
  3166;19960501;19960531;   9;   2;    94.5;      0;      0;   20.6;eor
  3166;19960601;19960630;   9;   2;    72.9;      0;      0;   13.9;eor
  3166;19960701;19960731;   9;   2;   147.3;      0;      0;   60.1;eor
  3166;19960801;19960831;   9;   2;   108.5;      0;      0;   40.3;eor
  3166;19960901;19960930;   9;   2;   133.3;      0;      0;   26.1;eor
  3166;19961001;19961031;   9;   2;    67.7;      0;      0;   16.4;eor
  3166;19961101;19961130;   9;   2;    42.6;     14;     32;    8.5;eor
  3166;19961201;19961231;   9;   2;    42.2;     25;    454;   16.9;eor
  3166;19970101;19970131;   9;   2;    18.7;     11;    422;    5.2;eor
  3166;19970201;19970228;   9;   2;    69.4;     27;    195;   13.4;eor
  3166;19970301;19970331;   9;   2;    91.0;     17;     47;   20.5;eor
  3166;19970401;19970430;   9;   2;    83.2;     21;     38;   12.4;eor
  3166;19970501;19970531;   9;   2;    70.8;      0;      0;   16.9;eor
  3166;19970601;19970630;   9;   2;   100.5;      0;      0;   22.7;eor
  3166;19970701;19970731;   9;   2;   147.5;      0;      0;   35.8;eor
  3166;19970801;19970831;   9;   2;    57.7;      0;      0;   16.8;eor
  3166;19970901;19970930;   9;   2;    23.9;      0;      0;   10.7;eor
  3166;19971001;19971031;   9;   2;    69.9;      2;      3;   10.3;eor
  3166;19971101;19971130;   9;   2;    19.6;      0;      0;   12.7;eor
  3166;19971201;19971231;   9;   2;    89.5;     34;    188;   21.7;eor
  3166;19980101;19980131;   9;   2;    47.4;     22;    154;    7.7;eor
  3166;19980201;19980228;   9;   2;    42.7;      5;    178;   19.1;eor
  3166;19980301;19980331;   9;   2;   128.8;     23;     64;   33.2;eor
  3166;19980401;19980430;   9;   2;    30.3;      0;      0;    7.9;eor
  3166;19980501;19980531;   9;   2;    35.4;      0;      0;    8.9;eor
  3166;19980601;19980630;   9;   2;    92.3;      0;      0;   32.2;eor
  3166;19980701;19980731;   9;   2;   104.0;      0;      0;   24.6;eor
  3166;19980801;19980831;   9;   2;    88.9;      0;      0;   20.4;eor
  3166;19980901;19980930;   9;   2;   109.0;      0;      0;   20.2;eor
  3166;19981001;19981031;   9;   2;   103.9;      0;      0;   18.7;eor
  3166;19981101;19981130;   9;   2;    80.2;     29;    164;   23.5;eor
  3166;19981201;19981231;   9;   2;    48.0;     54;    420;    9.7;eor
  3166;19990101;19990131;   9;   2;    50.9;     45;    137;    7.7;eor
  3166;19990201;19990228;   9;   2;    94.1;     96;    702;   10.7;eor
  3166;19990301;19990331;   9;   2;    60.7;      8;     44;   13.7;eor
  3166;19990401;19990430;   9;   2;    47.6;     11;     16;   11.0;eor
  3166;19990501;19990531;   9;   2;    61.7;      0;      0;   20.5;eor
  3166;19990601;19990630;   9;   2;   105.4;      0;      0;   32.4;eor
  3166;19990701;19990731;   9;   2;   216.1;      0;      0;  128.0;eor
  3166;19990801;19990831;   9;   2;    69.5;      0;      0;   13.6;eor
  3166;19990901;19990930;   9;   2;    45.5;      0;      0;   16.8;eor
  3166;19991001;19991031;   9;   2;    49.9;      0;      0;   10.7;eor
  3166;19991101;19991130;   9;   2;    72.3;     13;     51;   17.0;eor
  3166;19991201;19991231;   9;   2;    58.3;     59;    280;    8.6;eor
  3166;20000101;20000131;   9;   2;   109.6;     30;    608;   33.2;eor
  3166;20000201;20000229;   9;   2;    81.5;     32;    121;    7.9;eor
  3166;20000301;20000331;   9;   2;   191.8;     53;    185;   28.8;eor
  3166;20000401;20000430;   9;   2;    29.1;      0;      0;    9.2;eor
  3166;20000501;20000531;   9;   2;    42.7;      0;      0;   11.1;eor
  3166;20000601;20000630;   9;   2;    52.0;      0;      0;   15.6;eor
  3166;20000701;20000731;   9;   2;   101.6;      0;      0;   18.6;eor
  3166;20000801;20000831;   9;   2;    57.7;      0;      0;   18.8;eor
  3166;20000901;20000930;   9;   2;    62.5;      0;      0;   14.7;eor
  3166;20001001;20001031;   9;   2;    87.4;      0;      0;   31.8;eor
  3166;20001101;20001130;   9;   2;    38.2;      0;      0;    6.9;eor
  3166;20001201;20001231;   9;   2;    20.8;     10;     33;    3.9;eor
  3166;20010101;20010131;   9;   2;    21.2;     12;     49;    4.2;eor
  3166;20010201;20010228;   9;   2;    56.5;     65;    242;   15.0;eor
  3166;20010301;20010331;   9;   2;    84.6;     16;    161;   10.6;eor
  3166;20010401;20010430;   9;   2;    71.2;     25;     57;    9.7;eor
  3166;20010501;20010531;   9;   2;    53.5;      0;      0;   13.6;eor
  3166;20010601;20010630;   9;   2;    80.3;      0;      0;   13.2;eor
  3166;20010701;20010731;   9;   2;    76.0;      0;      0;   23.8;eor
  3166;20010801;20010831;   9;   2;    53.8;      0;      0;   25.9;eor
  3166;20010901;20010930;   9;   2;   123.0;      0;      0;   17.0;eor
  3166;20011001;20011031;   9;   2;    55.1;      0;      0;   11.1;eor
  3166;20011101;20011130;   9;   2;   101.6;     21;     66;   23.9;eor
  3166;20011201;20011231;   9;   2;   125.7;     85;    616;   20.6;eor
  3166;20020101;20020131;   9;   2;    35.2;     18;   1139;   12.0;eor
  3166;20020201;20020228;   9;   2;    96.9;     24;     50;   23.4;eor
  3166;20020301;20020331;   9;   2;    60.8;     21;     94;   13.6;eor
  3166;20020401;20020430;   9;   2;    58.8;      0;      0;   30.0;eor
  3166;20020501;20020531;   9;   2;    66.6;      0;      0;   12.6;eor
  3166;20020601;20020630;   9;   2;    76.4;      0;      0;   24.5;eor
  3166;20020701;20020731;   9;   2;    84.5;      0;      0;   28.4;eor
  3166;20020801;20020831;   9;   2;    -999;      0;      0;   43.9;eor
  3166;20020901;20020930;   9;   2;    74.2;      0;      0;   15.8;eor
  3166;20021001;20021031;   9;   2;    90.1;      0;      0;   13.7;eor
  3166;20021101;20021130;   9;   2;   144.9;      5;      6;   26.2;eor
  3166;20021201;20021230;-999;-999;    -999;   -999;   -999;   21.8;eor
  3166;20030101;20030131;   9;   2;    71.4;     39;    123;   15.3;eor
  3166;20030201;20030228;   9;   2;    10.8;     12;    627;    3.9;eor
  3166;20030301;20030331;-999;-999;    -999;   -999;   -999;   14.3;eor
  3166;20030401;20030430;   9;   2;    49.2;   -999;   -999;   15.8;eor
  3166;20030501;20030531;   9;   2;    60.9;   -999;   -999;   15.7;eor
  3166;20030601;20030630;   9;   2;    56.6;   -999;   -999;   17.2;eor
  3166;20030701;20030731;-999;-999;    -999;   -999;   -999;   19.7;eor
  3166;20030801;20030831;   9;   2;    23.5;   -999;   -999;    5.9;eor
  3166;20030901;20030930;   9;   2;    41.7;   -999;   -999;    8.5;eor
  3166;20031001;20031031;-999;-999;    -999;   -999;   -999;   15.0;eor
  3166;20031101;20031130;   9;   2;    19.9;   -999;   -999;    5.4;eor
  3166;20031201;20031231;-999;-999;    -999;   -999;   -999;    9.8;eor
  3166;20040101;20040131;-999;-999;    -999;   -999;   -999;    9.9;eor
  3166;20040201;20040229;-999;-999;    -999;   -999;   -999;   16.9;eor
  3166;20040302;20040331;-999;-999;    -999;   -999;   -999;   14.6;eor
  3166;20040401;20040430;   9;   2;    38.4;   -999;   -999;   10.7;eor
  3166;20040501;20040531;   9;   2;   152.9;   -999;   -999;   27.6;eor
  3166;20040601;20040630;   9;   2;    73.3;   -999;   -999;   13.5;eor
  3166;20040701;20040731;-999;-999;    -999;   -999;   -999;   26.6;eor
  3166;20040801;20040831;-999;-999;    -999;   -999;   -999;   21.8;eor
  3166;20040901;20040930;   9;   2;    63.4;   -999;   -999;   13.3;eor
  3166;20041001;20041031;   9;   2;    49.8;   -999;   -999;   10.2;eor
  3166;20041101;20041130;-999;-999;    -999;   -999;   -999;   22.1;eor
  3166;20041201;20041231;   9;   2;    40.9;   -999;   -999;   13.8;eor
  3166;20050101;20050131;   9;   2;    82.1;   -999;   -999;   29.4;eor
  3166;20050201;20050228;   9;   2;    78.6;   -999;   -999;   15.2;eor
  3166;20050301;20050331;   9;   2;    50.8;   -999;   -999;   16.4;eor
  3166;20050401;20050429;-999;-999;    -999;   -999;   -999;    8.0;eor
  3166;20050501;20050531;-999;-999;    -999;   -999;   -999;   23.7;eor
  3166;20050601;20050630;   9;   2;    82.3;   -999;   -999;   13.8;eor
  3166;20050701;20050731;   9;   2;   131.4;   -999;   -999;   21.8;eor
  3166;20050801;20050831;   9;   2;   152.5;   -999;   -999;   34.8;eor
  3166;20050901;20050930;   9;   2;    68.3;   -999;   -999;   17.7;eor
  3166;20051001;20051031;   9;   2;    21.0;   -999;   -999;   10.6;eor
  3166;20051101;20051130;   9;   2;    47.6;   -999;   -999;   12.4;eor
  3166;20051201;20051231;   9;   2;    66.4;   -999;   -999;   10.9;eor
  3166;20060101;20060131;   9;   2;    24.7;   -999;   -999;    8.9;eor
  3166;20060201;20060228;   9;   2;    37.6;   -999;   -999;   11.4;eor
  3166;20060301;20060331;   9;   2;    73.7;   -999;   -999;   15.4;eor
  3166;20060401;20060430;   9;   2;    50.0;   -999;   -999;   11.3;eor
  3166;20060501;20060531;   9;   2;    89.7;   -999;   -999;   22.2;eor
  3166;20060601;20060630;   9;   2;    80.1;   -999;   -999;   39.9;eor
  3166;20060701;20060731;   9;   2;    40.2;   -999;   -999;    9.6;eor
  3166;20060801;20060831;   9;   2;   131.2;   -999;   -999;   40.0;eor
  3166;20060901;20060930;   9;   2;    41.1;   -999;   -999;   12.0;eor
  3166;20061001;20061031;   9;   2;    78.4;   -999;   -999;   28.8;eor
  3166;20061101;20061130;   9;   2;    54.9;   -999;   -999;   10.4;eor
  3166;20061201;20061231;   9;   2;    38.7;   -999;   -999;   11.8;eor
  3166;20070101;20070131;   9;   2;    76.3;   -999;   -999;   15.7;eor
  3166;20070201;20070228;   9;   2;    52.7;   -999;   -999;    9.8;eor
  3166;20070301;20070331;   9;   2;    42.4;   -999;   -999;   14.0;eor
  3166;20070401;20070430;   9;   2;     3.6;   -999;   -999;    0.7;eor
  3166;20070501;20070531;   9;   2;    96.8;   -999;   -999;   20.0;eor
  3166;20070601;20070630;   9;   2;    88.7;   -999;   -999;   40.3;eor
  3166;20070701;20070731;   9;   2;   114.4;   -999;   -999;   31.1;eor
  3166;20070801;20070831;   9;   2;   167.7;   -999;   -999;   60.2;eor
  3166;20070901;20070930;   9;   2;   128.7;   -999;   -999;   32.9;eor
  3166;20071001;20071031;   9;   2;    38.0;   -999;   -999;   11.6;eor
  3166;20071101;20071130;   9;   2;   108.0;   -999;   -999;   12.2;eor
  3166;20071201;20071231;   9;   2;    45.5;   -999;   -999;    9.3;eor
  3166;20080101;20080131;   9;   2;    70.8;   -999;   -999;   22.1;eor
  3166;20080201;20080229;   9;   2;    42.5;   -999;   -999;   13.7;eor
  3166;20080301;20080331;   9;   2;    53.2;   -999;   -999;    7.8;eor
  3166;20080401;20080430;   9;   2;   135.0;   -999;   -999;   31.6;eor
  3166;20080501;20080531;   9;   2;    33.3;   -999;   -999;   16.3;eor
  3166;20080601;20080630;   9;   2;    52.0;   -999;   -999;   11.6;eor
  3166;20080701;20080731;   9;   2;    82.4;   -999;   -999;   22.4;eor
  3166;20080801;20080831;   9;   2;    73.4;   -999;   -999;   17.6;eor
  3166;20080901;20080930;   9;   2;    65.6;   -999;   -999;   17.8;eor
  3166;20081001;20081031;   9;   2;    88.2;   -999;   -999;   22.8;eor
  3166;20081101;20081130;   9;   2;    40.8;   -999;   -999;   16.2;eor
  3166;20081201;20081231;   9;   2;    62.0;   -999;   -999;   10.8;eor
  3166;20090101;20090131;   9;   2;    20.6;   -999;   -999;    5.9;eor
  3166;20090201;20090228;   9;   2;    86.6;   -999;    600;   13.9;eor
  3166;20090301;20090331;   9;   2;    85.2;   -999;   -999;   11.9;eor
  3166;20090401;20090430;   9;   2;    68.6;   -999;   -999;   38.5;eor
  3166;20090501;20090531;   9;   2;   118.8;   -999;   -999;   26.1;eor
  3166;20090601;20090630;   9;   2;    74.7;   -999;   -999;   20.6;eor
  3166;20090701;20090731;   9;   2;    75.4;   -999;   -999;   13.8;eor
  3166;20090801;20090831;   9;   2;    85.0;   -999;   -999;   26.4;eor
  3166;20090901;20090930;   9;   2;    33.0;   -999;   -999;   11.7;eor
  3166;20091001;20091031;   9;   2;   116.5;   -999;   -999;   15.3;eor
  3166;20091101;20091130;   9;   2;    59.6;   -999;   -999;   27.6;eor
  3166;20091201;20091231;   9;   2;    68.4;   -999;     46;   14.1;eor
  3166;20100101;20100131;   9;   2;    36.7;   -999;    519;    5.7;eor
  3166;20100201;20100228;   9;   2;    25.6;   -999;    874;    7.2;eor
  3166;20100301;20100331;   9;   2;    50.3;   -999;    150;   10.5;eor
  3166;20100401;20100430;   9;   2;    40.4;   -999;      1;   12.0;eor
  3166;20100501;20100531;   9;   2;    98.5;   -999;   -999;   14.8;eor
  3166;20100601;20100630;   9;   2;    82.1;   -999;   -999;   28.3;eor
  3166;20100701;20100731;   9;   2;   115.2;   -999;   -999;   31.4;eor
  3166;20100801;20100831;   9;   2;   201.8;   -999;   -999;   35.5;eor
  3166;20100901;20100930;   9;   2;   143.8;   -999;   -999;   50.4;eor
  3166;20101001;20101031;  10;   2;    20.5;   -999;   -999;    8.0;eor
  3166;20101101;20101130;   7;   2;   120.8;   -999;     94;   20.9;eor
  3166;20101201;20101231;   7;   2;   102.4;   -999;   1204;   17.9;eor
  3166;20110101;20110131;   3;   2;    68.6;   -999;    577;   15.0;eor
  3166;20110201;20110228;   3;   2;    22.7;   -999;     77;   11.5;eor
  3166;20110301;20110331;   3;   2;    19.3;   -999;      0;    8.4;eor
  3166;20110401;20110430;   3;   2;    49.2;   -999;      0;   19.7;eor
  3166;20110501;20110531;   3;   2;   119.6;   -999;   -999;   39.0;eor
  3166;20110601;20110630;   3;   2;    87.4;   -999;   -999;   26.0;eor
  3166;20110701;20110731;   3;   2;   215.6;   -999;   -999;   59.5;eor
  3166;20110801;20110831;   3;   2;    63.0;   -999;   -999;   12.0;eor
  3166;20110901;20110930;   3;   2;    62.3;   -999;   -999;   19.6;eor
  3166;20111001;20111031;   3;   2;    56.7;   -999;      0;   13.9;eor
  3166;20111101;20111130;   3;   2;     0.1;   -999;      0;    0.1;eor
  3166;20111201;20111231;   3;   2;    86.2;   -999;   -999;   28.3;eor
  3166;20120101;20120131;   3;   2;   100.8;   -999;   -999;   13.1;eor
  3166;20120201;20120229;   3;   2;    48.0;   -999;    548;   11.0;eor
  3166;20120301;20120331;   3;   2;    37.6;   -999;      3;    8.3;eor
  3166;20120401;20120430;   3;   2;    47.3;   -999;      0;   19.7;eor
  3166;20120501;20120531;   3;   2;    49.8;   -999;   -999;   15.8;eor
  3166;20120601;20120630;   3;   2;    91.0;   -999;   -999;   14.8;eor
  3166;20120701;20120731;   3;   2;   102.9;   -999;   -999;   17.1;eor
  3166;20120801;20120831;   3;   2;    49.6;   -999;   -999;   15.2;eor
  3166;20120901;20120930;   3;   2;    48.3;   -999;   -999;   14.6;eor
  3166;20121001;20121031;   3;   2;    41.3;   -999;   -999;   10.0;eor
  3166;20121101;20121130;   3;   2;    84.2;   -999;     43;   30.8;eor
  3166;20121201;20121231;   3;   2;    90.9;   -999;    767;   31.8;eor
  3166;20130101;20130131;   3;   2;   117.7;   -999;    149;   34.1;eor
  3166;20130201;20130228;   3;   2;    61.4;   -999;    465;    8.0;eor
  3166;20130301;20130331;   3;   2;    35.2;   -999;    439;   10.0;eor
  3166;20130401;20130430;   3;   2;    31.7;   -999;    145;    7.0;eor
  3166;20130501;20130531;   3;   2;   160.5;   -999;   -999;   43.0;eor
  3166;20130601;20130630;   3;   2;   277.8;   -999;   -999;   66.1;eor
  3166;20130701;20130731;   3;   2;    48.5;   -999;   -999;   20.6;eor
  3166;20130801;20130831;   3;   2;    96.3;   -999;   -999;   34.7;eor
  3166;20130901;20130930;   3;   2;    75.7;   -999;   -999;   21.6;eor
  3166;20131001;20131031;   3;   2;    54.0;   -999;      0;   26.8;eor
  3166;20131101;20131130;   3;   2;    55.9;   -999;     10;    9.1;eor
  3166;20131201;20131231;   3;   2;    29.6;   -999;     16;   14.7;eor
  3166;20140101;20140131;   3;   2;    25.5;   -999;     43;   10.8;eor
  3166;20140201;20140228;   3;   2;     4.9;   -999;     17;    2.2;eor
  3166;20140301;20140331;   3;   2;    36.1;   -999;      1;   11.6;eor
  3166;20140401;20140430;   3;   2;    43.1;   -999;   -999;   15.8;eor
  3166;20140501;20140531;   3;   2;   142.1;   -999;   -999;   51.6;eor
  3166;20140601;20140630;   3;   2;    52.9;   -999;   -999;   24.1;eor
  3166;20140701;20140731;-999;-999;    -999;   -999;   -999;   49.6;eor
  3166;20140801;20140831;   3;   2;    74.0;   -999;   -999;   13.4;eor
  3166;20140901;20140930;   3;   2;   142.8;   -999;   -999;   29.0;eor
  3166;20141001;20141031;   3;   2;    63.9;   -999;   -999;   29.1;eor
  3166;20141101;20141130;   3;   2;    15.9;   -999;   -999;    8.1;eor
  3166;20141201;20141231;   3;   2;    51.2;   -999;     67;    6.0;eor
