STATIONS_ID; MESS_DATUM_BEGINN; MESS_DATUM_ENDE; QUALITAETS_NIVEAU; ART; NIEDERSCHLAGSHOEHE;NEUSCHNEEHOEHE;SCHNEEHOEHE; max(NIEDERSCHLAGSHOEHE);eor
  1543;19470101;19470131;   5;   2;    22.0;   -999;   -999;-999;eor
  1543;19470201;19470228;   5;   2;    12.0;   -999;   -999;-999;eor
  1543;19470301;19470331;   5;   2;    57.0;   -999;   -999;-999;eor
  1543;19470401;19470430;   5;   2;    54.0;   -999;   -999;-999;eor
  1543;19470501;19470531;   5;   2;    31.0;   -999;   -999;-999;eor
  1543;19470601;19470630;   5;   2;    49.0;   -999;   -999;-999;eor
  1543;19470701;19470731;   5;   2;    69.0;   -999;   -999;-999;eor
  1543;19470801;19470831;   5;   2;    64.0;   -999;   -999;-999;eor
  1543;19470901;19470930;   5;   2;    86.0;   -999;   -999;-999;eor
  1543;19471001;19471031;   5;   2;    24.0;   -999;   -999;-999;eor
  1543;19471101;19471130;   5;   2;    92.0;   -999;   -999;-999;eor
  1543;19471201;19471231;   5;   2;    88.0;   -999;   -999;-999;eor
  1543;19480101;19480131;   5;   2;    72.0;   -999;   -999;-999;eor
  1543;19480201;19480229;   5;   2;    75.0;   -999;   -999;-999;eor
  1543;19480301;19480331;   5;   2;    20.0;   -999;   -999;-999;eor
  1543;19480401;19480430;   5;   2;    54.0;   -999;   -999;-999;eor
  1543;19480501;19480531;   5;   2;    38.0;   -999;   -999;-999;eor
  1543;19480601;19480630;   5;   2;    52.0;   -999;   -999;-999;eor
  1543;19480701;19480731;   5;   2;    58.0;   -999;   -999;-999;eor
  1543;19480801;19480831;   5;   2;   118.0;   -999;   -999;-999;eor
  1543;19480901;19480930;   5;   2;    34.0;   -999;   -999;-999;eor
  1543;19481001;19481031;   5;   2;    49.0;   -999;   -999;-999;eor
  1543;19481101;19481130;   5;   2;    23.0;   -999;   -999;-999;eor
  1543;19481201;19481231;   5;   2;    20.0;   -999;   -999;-999;eor
  1543;19490101;19490131;   5;   2;    32.0;   -999;   -999;-999;eor
  1543;19490201;19490228;   5;   2;    46.0;   -999;   -999;-999;eor
  1543;19490301;19490331;   5;   2;    37.0;   -999;   -999;-999;eor
  1543;19490401;19490430;   5;   2;    95.0;   -999;   -999;-999;eor
  1543;19490501;19490531;   5;   2;    79.0;   -999;   -999;-999;eor
  1543;19490601;19490630;   5;   2;    88.0;   -999;   -999;-999;eor
  1543;19490701;19490731;   5;   2;    24.0;   -999;   -999;-999;eor
  1543;19490801;19490831;   5;   2;    50.0;   -999;   -999;-999;eor
  1543;19490901;19490930;   5;   2;    60.0;   -999;   -999;-999;eor
  1543;19491001;19491031;   5;   2;     8.0;   -999;   -999;-999;eor
  1543;19491101;19491130;   5;   2;    60.0;   -999;   -999;-999;eor
  1543;19491201;19491231;   5;   2;   144.0;   -999;   -999;-999;eor
  1543;19500101;19500131;   5;   2;    43.0;   -999;   -999;-999;eor
  1543;19500201;19500228;   5;   2;    70.0;   -999;   -999;-999;eor
  1543;19500301;19500331;   5;   2;    25.0;   -999;   -999;-999;eor
  1543;19500401;19500430;   5;   2;    68.0;   -999;   -999;-999;eor
  1543;19500501;19500531;   5;   2;    96.0;   -999;   -999;-999;eor
  1543;19500601;19500630;   5;   2;    76.0;   -999;   -999;-999;eor
  1543;19500701;19500731;   5;   2;   150.0;   -999;   -999;-999;eor
  1543;19500801;19500831;   5;   2;    62.0;   -999;   -999;-999;eor
  1543;19500901;19500930;   5;   2;    72.0;   -999;   -999;-999;eor
  1543;19501001;19501031;   5;   2;    31.0;   -999;   -999;-999;eor
  1543;19501101;19501130;   5;   2;    64.0;   -999;   -999;-999;eor
  1543;19501201;19501231;   5;   2;    20.0;   -999;   -999;-999;eor
  1543;19510101;19510131;   5;   2;    67.3;   -999;      9;   12.5;eor
  1543;19510201;19510228;   5;   2;    41.4;   -999;     15;   14.3;eor
  1543;19510301;19510331;   5;   2;    77.1;   -999;     19;   17.3;eor
  1543;19510401;19510430;   5;   2;    53.6;   -999;      0;   13.1;eor
  1543;19510501;19510531;   5;   2;    83.0;   -999;      0;   28.3;eor
  1543;19510601;19510630;   5;   2;    47.9;   -999;      0;    9.4;eor
  1543;19510701;19510731;   5;   2;    46.7;   -999;      0;   17.2;eor
  1543;19510801;19510831;   5;   2;    57.6;   -999;      0;   21.6;eor
  1543;19510901;19510930;   5;   2;    69.5;   -999;      0;   13.2;eor
  1543;19511001;19511031;   5;   2;     4.8;   -999;      0;    4.6;eor
  1543;19511101;19511130;   5;   2;    75.1;   -999;      0;   15.9;eor
  1543;19511201;19511231;   5;   2;    55.8;   -999;      0;   10.8;eor
  1543;19520101;19520131;   5;   2;    52.1;   -999;     16;   13.3;eor
  1543;19520201;19520229;   5;   2;    26.3;   -999;     74;    5.9;eor
  1543;19520301;19520331;   5;   2;    11.2;   -999;     11;    3.6;eor
  1543;19520401;19520430;   5;   2;    11.1;   -999;     16;    6.6;eor
  1543;19520501;19520531;   5;   2;   102.1;   -999;      0;   45.0;eor
  1543;19520601;19520630;   5;   2;   106.9;   -999;      0;   20.8;eor
  1543;19520701;19520731;   5;   2;    43.9;   -999;      0;   10.7;eor
  1543;19520801;19520831;   5;   2;    51.7;   -999;      0;   10.6;eor
  1543;19520901;19520930;   5;   2;    78.3;   -999;      0;   20.0;eor
  1543;19521001;19521031;   5;   2;    61.0;   -999;      0;   19.5;eor
  1543;19521101;19521130;   5;   2;    57.3;   -999;      2;   14.9;eor
  1543;19521201;19521231;   5;   2;    62.1;   -999;    137;   19.3;eor
  1543;19530101;19530131;   5;   2;    57.0;   -999;    215;   13.9;eor
  1543;19530201;19530228;   5;   2;    36.1;   -999;    212;    9.2;eor
  1543;19530301;19530331;   5;   2;    23.8;   -999;      0;   12.2;eor
  1543;19530401;19530430;   5;   2;    26.1;   -999;      0;   11.3;eor
  1543;19530501;19530531;   5;   2;    75.9;   -999;      0;   10.5;eor
  1543;19530601;19530630;   5;   2;    99.0;   -999;      0;   40.9;eor
  1543;19530701;19530731;   5;   2;    49.6;   -999;      0;   16.3;eor
  1543;19530801;19530831;   5;   2;    61.4;   -999;      0;   16.8;eor
  1543;19530901;19530930;   5;   2;    58.6;   -999;      0;   32.0;eor
  1543;19531001;19531031;   5;   2;    20.5;   -999;      0;   18.2;eor
  1543;19531101;19531130;   5;   2;    35.7;   -999;      0;   13.6;eor
  1543;19531201;19531231;   5;   2;    20.2;   -999;      0;    8.9;eor
  1543;19540101;19540131;   5;   2;    55.4;   -999;     87;   11.4;eor
  1543;19540201;19540228;   5;   2;    17.9;   -999;    140;    6.2;eor
  1543;19540301;19540331;   5;   2;    29.3;   -999;      0;    9.4;eor
  1543;19540401;19540430;   5;   2;    46.0;   -999;      0;   14.3;eor
  1543;19540501;19540531;   5;   2;    12.7;   -999;      0;    8.1;eor
  1543;19540601;19540630;   5;   2;    47.8;   -999;      0;   18.0;eor
  1543;19540701;19540731;   5;   2;   109.0;   -999;      0;   22.5;eor
  1543;19540801;19540831;   5;   2;   108.6;   -999;      0;   18.7;eor
  1543;19540901;19540930;   5;   2;    39.3;   -999;      0;    8.1;eor
  1543;19541001;19541031;   5;   2;    60.5;   -999;      0;   23.9;eor
  1543;19541101;19541130;   5;   2;    57.4;   -999;      0;   27.8;eor
  1543;19541201;19541231;   5;   2;    82.4;   -999;      1;   12.5;eor
  1543;19550101;19550131;   5;   2;    40.3;   -999;     59;   20.6;eor
  1543;19550201;19550228;   5;   2;    22.4;   -999;     89;    7.0;eor
  1543;19550301;19550331;   5;   2;    45.7;   -999;    119;   16.0;eor
  1543;19550401;19550430;   5;   2;    38.6;   -999;      0;   10.0;eor
  1543;19550501;19550531;   5;   2;    57.3;   -999;      0;   10.7;eor
  1543;19550601;19550630;   5;   2;   121.8;   -999;      0;   57.2;eor
  1543;19550701;19550731;   5;   2;   136.7;   -999;      0;   72.5;eor
  1543;19550801;19550831;   5;   2;    73.4;   -999;      0;   41.0;eor
  1543;19550901;19550930;   5;   2;    28.7;   -999;      0;    7.1;eor
  1543;19551001;19551031;   5;   2;    83.0;   -999;      0;   32.0;eor
  1543;19551101;19551130;   5;   2;    20.1;   -999;      0;    5.5;eor
  1543;19551201;19551231;   5;   2;    80.1;   -999;     23;    9.1;eor
  1543;19560101;19560131;   5;   2;    59.9;   -999;      6;   12.6;eor
  1543;19560201;19560229;   5;   2;    44.1;   -999;    381;   13.7;eor
  1543;19560301;19560331;   5;   2;    32.9;   -999;      9;   16.2;eor
  1543;19560401;19560430;   5;   2;    46.0;   -999;      6;   14.6;eor
  1543;19560501;19560531;   5;   2;    32.4;   -999;      0;    6.7;eor
  1543;19560601;19560630;   5;   2;   101.7;   -999;      0;   23.9;eor
  1543;19560701;19560731;   5;   2;    77.7;   -999;      0;   63.4;eor
  1543;19560801;19560831;   5;   2;    92.2;   -999;      0;   23.8;eor
  1543;19560901;19560930;   5;   2;    36.0;   -999;      0;   12.0;eor
  1543;19561001;19561031;   5;   2;    71.0;   -999;      0;   15.6;eor
  1543;19561101;19561130;   5;   2;    44.8;   -999;      0;    9.0;eor
  1543;19561201;19561231;   5;   2;    40.9;   -999;     61;    8.9;eor
  1543;19570101;19570131;   5;   2;    37.0;   -999;     29;    8.1;eor
  1543;19570201;19570228;   5;   2;    40.3;   -999;      0;    6.4;eor
  1543;19570301;19570331;   5;   2;    50.2;   -999;      0;   12.2;eor
  1543;19570401;19570430;   5;   2;    11.5;   -999;      0;    4.2;eor
  1543;19570501;19570531;   5;   2;    67.1;   -999;      0;   28.9;eor
  1543;19570601;19570630;   5;   2;    66.8;   -999;      0;   25.3;eor
  1543;19570701;19570731;   5;   2;   105.1;   -999;      0;   25.3;eor
  1543;19570801;19570831;   5;   2;   105.0;   -999;      0;   20.3;eor
  1543;19570901;19570930;   5;   2;    77.5;   -999;      0;    9.0;eor
  1543;19571001;19571031;   5;   2;    28.3;   -999;      0;    5.4;eor
  1543;19571101;19571130;   5;   2;    42.2;   -999;      0;   22.7;eor
  1543;19571201;19571231;   5;   2;    41.5;   -999;     27;   12.2;eor
  1543;19580101;19580131;   5;   2;    50.4;   -999;      1;   13.0;eor
  1543;19580201;19580228;   5;   2;    81.9;   -999;    128;   17.9;eor
  1543;19580301;19580331;   5;   2;    16.1;   -999;    102;    7.9;eor
  1543;19580401;19580430;   5;   2;    52.0;   -999;      3;   17.3;eor
  1543;19580501;19580531;   5;   2;    82.3;   -999;      0;   17.0;eor
  1543;19580601;19580630;   5;   2;    46.4;   -999;      0;    8.9;eor
  1543;19580701;19580731;   5;   2;   142.0;   -999;      0;   32.7;eor
  1543;19580801;19580831;   5;   2;    49.5;   -999;      0;   11.9;eor
  1543;19580901;19580930;   5;   2;    62.9;   -999;      0;   17.0;eor
  1543;19581001;19581031;   5;   2;    43.0;   -999;      0;    9.5;eor
  1543;19581101;19581130;   5;   2;    18.3;   -999;      0;    5.2;eor
  1543;19581201;19581231;   5;   2;    31.5;   -999;     21;    5.2;eor
  1543;19590101;19590131;   5;   2;    44.7;   -999;    187;   13.1;eor
  1543;19590201;19590228;   5;   2;     3.1;   -999;      3;    1.4;eor
  1543;19590301;19590331;   5;   2;     8.8;   -999;      1;    3.0;eor
  1543;19590401;19590430;   5;   2;    41.1;   -999;      0;   15.8;eor
  1543;19590501;19590531;   5;   2;    37.6;   -999;      0;   16.0;eor
  1543;19590601;19590630;   5;   2;    16.3;   -999;      0;    6.5;eor
  1543;19590701;19590731;   5;   2;    44.4;   -999;      0;   11.4;eor
  1543;19590801;19590831;   5;   2;    90.6;   -999;      0;   58.0;eor
  1543;19590901;19590930;   5;   2;     1.3;   -999;      0;    0.7;eor
  1543;19591001;19591031;   5;   2;    48.9;   -999;      0;   12.1;eor
  1543;19591101;19591130;   5;   2;    34.1;   -999;      5;    9.3;eor
  1543;19591201;19591231;   5;   2;    30.8;   -999;     25;    4.2;eor
  1543;19600101;19600131;   5;   2;    53.9;   -999;    162;    9.5;eor
  1543;19600201;19600229;   5;   2;    18.0;   -999;     35;    2.9;eor
  1543;19600301;19600331;   5;   2;    31.3;   -999;      0;   16.1;eor
  1543;19600401;19600430;   5;   2;    26.7;   -999;      0;    7.3;eor
  1543;19600501;19600531;   5;   2;    40.2;   -999;      0;   17.5;eor
  1543;19600601;19600630;   5;   2;    55.8;   -999;      0;   14.3;eor
  1543;19600701;19600731;   5;   2;    85.5;   -999;      0;   21.0;eor
  1543;19600801;19600831;   5;   2;   112.8;   -999;      0;   39.5;eor
  1543;19600901;19600930;   5;   2;    29.6;   -999;      0;    7.5;eor
  1543;19601001;19601031;   5;   2;    68.7;   -999;      0;   13.6;eor
  1543;19601101;19601130;   5;   2;    77.8;   -999;      0;   16.0;eor
  1543;19601201;19601231;   5;   2;   100.1;   -999;     11;   17.2;eor
  1543;19610101;19610131;   5;   2;    38.4;   -999;     60;    9.0;eor
  1543;19610201;19610228;   5;   2;    52.3;   -999;      5;   12.7;eor
  1543;19610301;19610331;   5;   2;    39.2;   -999;      1;    8.4;eor
  1543;19610401;19610430;   5;   2;    22.0;   -999;      6;    5.0;eor
  1543;19610501;19610531;   5;   2;    75.0;   -999;      0;   20.5;eor
  1543;19610601;19610630;   5;   2;    97.0;   -999;      0;   25.9;eor
  1543;19610701;19610731;   5;   2;    91.6;   -999;      0;   14.1;eor
  1543;19610801;19610831;   5;   2;    90.5;   -999;      0;   16.3;eor
  1543;19610901;19610930;   5;   2;    27.3;   -999;      0;   11.4;eor
  1543;19611001;19611031;   5;   2;    62.4;   -999;      0;   29.6;eor
  1543;19611101;19611130;   5;   2;    52.0;   -999;      0;   16.5;eor
  1543;19611201;19611231;   5;   2;    69.7;   -999;     39;   23.1;eor
  1543;19620101;19620131;   5;   2;    52.5;   -999;      2;   14.5;eor
  1543;19620201;19620228;   5;   2;    53.9;   -999;     32;   14.9;eor
  1543;19620301;19620331;   5;   2;    46.7;   -999;     93;    9.8;eor
  1543;19620401;19620430;   5;   2;    43.7;   -999;      0;    9.9;eor
  1543;19620501;19620531;   5;   2;    61.7;   -999;      0;   10.1;eor
  1543;19620601;19620630;   5;   2;    61.5;   -999;      0;   24.6;eor
  1543;19620701;19620731;   5;   2;    66.8;   -999;      0;   17.5;eor
  1543;19620801;19620831;   5;   2;    83.0;   -999;      0;   14.6;eor
  1543;19620901;19620930;   5;   2;    47.3;   -999;      0;    8.0;eor
  1543;19621001;19621031;   5;   2;    16.2;   -999;      0;    5.8;eor
  1543;19621101;19621130;   5;   2;    27.7;   -999;     57;   15.8;eor
  1543;19621201;19621231;   5;   2;    35.8;   -999;     14;   12.1;eor
  1543;19630101;19630131;   5;   2;    15.7;   -999;    233;    3.8;eor
  1543;19630201;19630228;   5;   2;    15.6;   -999;    557;    4.8;eor
  1543;19630301;19630331;   5;   2;    19.3;   -999;    116;    7.7;eor
  1543;19630401;19630430;   5;   2;    52.3;   -999;      0;   18.0;eor
  1543;19630501;19630531;   5;   2;    28.8;   -999;      0;   10.8;eor
  1543;19630601;19630630;   5;   2;    72.4;   -999;      0;   25.3;eor
  1543;19630701;19630731;   5;   2;    11.0;   -999;      0;    5.7;eor
  1543;19630801;19630831;   5;   2;   114.7;   -999;      0;   23.5;eor
  1543;19630901;19630930;   5;   2;    58.0;   -999;      0;   15.1;eor
  1543;19631001;19631031;   5;   2;    41.7;   -999;      0;    9.0;eor
  1543;19631101;19631130;   5;   2;   112.7;   -999;      0;   29.1;eor
  1543;19631201;19631231;   5;   2;    11.5;   -999;    106;    3.1;eor
  1543;19640101;19640131;   5;   2;    20.5;   -999;    102;    6.6;eor
  1543;19640201;19640229;   5;   2;    25.4;   -999;     68;    5.8;eor
  1543;19640301;19640331;   5;   2;    29.3;   -999;     10;    9.0;eor
  1543;19640401;19640430;   5;   2;    33.8;   -999;      0;    5.1;eor
  1543;19640501;19640531;   5;   2;    57.7;   -999;      0;   13.1;eor
  1543;19640601;19640630;   5;   2;    80.4;   -999;      0;   23.9;eor
  1543;19640701;19640731;   5;   2;    34.8;   -999;      0;   21.6;eor
  1543;19640801;19640831;   5;   2;    82.6;   -999;      0;   24.7;eor
  1543;19640901;19640930;   5;   2;    66.8;   -999;      0;   10.9;eor
  1543;19641001;19641031;   5;   2;    21.1;   -999;      0;    3.9;eor
  1543;19641101;19641130;   5;   2;    47.9;   -999;      0;   11.3;eor
  1543;19641201;19641231;   5;   2;    38.5;   -999;     59;    5.3;eor
  1543;19650101;19650131;   5;   2;    55.3;   -999;     43;   11.5;eor
  1543;19650201;19650228;   5;   2;    32.8;   -999;    190;    6.9;eor
  1543;19650301;19650331;   5;   2;    22.9;   -999;    286;    4.3;eor
  1543;19650401;19650430;   5;   2;    75.9;   -999;      0;   17.4;eor
  1543;19650501;19650531;   5;   2;    83.2;   -999;      0;   15.7;eor
  1543;19650601;19650630;   5;   2;    47.1;   -999;      0;   13.9;eor
  1543;19650701;19650731;   5;   2;   109.4;   -999;      0;   15.1;eor
  1543;19650801;19650831;   5;   2;    33.6;   -999;      0;   10.4;eor
  1543;19650901;19650930;   5;   2;    38.8;   -999;      0;   12.4;eor
  1543;19651001;19651031;   5;   2;    36.1;   -999;      0;   22.9;eor
  1543;19651101;19651130;   5;   2;    46.7;   -999;    124;   10.7;eor
  1543;19651201;19651231;   5;   2;    86.5;   -999;     74;   20.5;eor
  1543;19660101;19660131;   5;   2;    43.9;   -999;    242;   15.7;eor
  1543;19660201;19660228;   5;   2;    58.9;   -999;    143;   11.6;eor
  1543;19660301;19660331;   5;   2;    40.9;   -999;      6;    7.3;eor
  1543;19660401;19660430;   5;   2;    68.6;   -999;     11;   11.2;eor
  1543;19660501;19660531;   5;   2;    51.8;   -999;      0;   21.2;eor
  1543;19660601;19660630;   5;   2;    95.3;   -999;      0;   24.5;eor
  1543;19660701;19660731;   5;   2;   131.5;   -999;      0;   72.8;eor
  1543;19660801;19660831;   5;   2;    64.4;   -999;      0;   16.8;eor
  1543;19660901;19660930;   5;   2;    24.5;   -999;      0;    5.4;eor
  1543;19661001;19661031;   5;   2;    20.8;   -999;      0;    8.0;eor
  1543;19661101;19661130;   5;   2;    50.5;   -999;      0;    7.9;eor
  1543;19661201;19661231;   5;   2;    84.6;   -999;     13;   11.6;eor
  1543;19670101;19670131;   5;   2;    55.1;   -999;     17;   14.6;eor
  1543;19670201;19670228;   5;   2;    67.1;   -999;      0;   13.8;eor
  1543;19670301;19670331;   5;   2;    62.2;   -999;      0;   17.2;eor
  1543;19670401;19670430;   5;   2;    28.0;   -999;      0;   10.9;eor
  1543;19670501;19670531;   5;   2;    39.8;   -999;      0;   16.5;eor
  1543;19670601;19670630;   5;   2;    39.7;   -999;      0;    8.4;eor
  1543;19670701;19670731;   5;   2;    64.8;   -999;      0;   24.6;eor
  1543;19670801;19670831;   5;   2;    97.8;   -999;      0;   25.0;eor
  1543;19670901;19670930;   5;   2;    71.6;   -999;      0;   15.0;eor
  1543;19671001;19671031;   5;   2;    36.7;   -999;      0;   11.4;eor
  1543;19671101;19671130;   5;   2;    48.1;   -999;      0;   22.1;eor
  1543;19671201;19671231;   5;   2;    56.2;   -999;     40;    9.4;eor
  1543;19680101;19680131;   5;   2;    52.4;   -999;    148;   17.5;eor
  1543;19680201;19680229;   5;   2;    15.7;   -999;     28;    5.6;eor
  1543;19680301;19680331;   5;   2;    55.9;   -999;      2;   15.5;eor
  1543;19680401;19680430;   5;   2;    16.9;   -999;      0;    8.0;eor
  1543;19680501;19680531;   5;   2;    84.1;   -999;      0;   25.4;eor
  1543;19680601;19680630;   5;   2;    79.2;   -999;      0;   13.3;eor
  1543;19680701;19680731;   5;   2;    78.3;   -999;      0;   18.5;eor
  1543;19680801;19680831;   5;   2;    46.0;   -999;      0;   12.5;eor
  1543;19680901;19680930;   5;   2;   131.4;   -999;      0;   29.8;eor
  1543;19681001;19681031;   5;   2;    67.8;   -999;      0;   14.9;eor
  1543;19681101;19681130;   5;   2;    55.0;   -999;      0;   19.0;eor
  1543;19681201;19681231;   5;   2;    26.0;   -999;     51;    7.3;eor
  1543;19780101;19780131;   5;   2;    42.8;   -999;     19;   11.4;eor
  1543;19780201;19780228;   5;   2;    26.7;   -999;    179;    6.7;eor
  1543;19780301;19780331;   5;   2;    69.2;   -999;     20;   11.6;eor
  1543;19780401;19780430;   5;   2;    17.1;   -999;      0;    4.5;eor
  1543;19780501;19780531;   5;   2;    13.6;   -999;      0;    4.7;eor
  1543;19780601;19780630;   5;   2;    82.6;   -999;      0;   20.3;eor
  1543;19780701;19780731;   5;   2;    57.8;   -999;      0;   10.7;eor
  1543;19780801;19780831;   5;   2;    56.9;   -999;      0;   25.6;eor
  1543;19780901;19780930;   5;   2;   133.6;   -999;      0;   26.8;eor
  1543;19781001;19781031;   5;   2;    31.5;   -999;      0;    9.4;eor
  1543;19781101;19781130;   5;   2;    25.4;   -999;      0;    5.8;eor
  1543;19781201;19781231;   5;   2;    91.1;   -999;     36;   23.2;eor
  1543;19790101;19790131;   5;   2;    47.0;   -999;    988;    7.0;eor
  1543;19790201;19790228;   5;   2;    28.4;   -999;   1129;    6.3;eor
  1543;19790301;19790331;   5;   2;    59.4;   -999;    220;    5.9;eor
  1543;19790401;19790430;   5;   2;    46.5;   -999;      0;    9.8;eor
  1543;19790501;19790531;   5;   2;    45.2;   -999;      0;    9.2;eor
  1543;19790601;19790630;   5;   2;    53.0;   -999;      0;   22.3;eor
  1543;19790701;19790731;   5;   2;    85.7;   -999;      0;   26.3;eor
  1543;19790801;19790831;   5;   2;    71.4;   -999;      0;   19.6;eor
  1543;19790901;19790930;   5;   2;    30.7;   -999;      0;   12.0;eor
  1543;19791001;19791031;   5;   2;     8.2;   -999;      0;    2.6;eor
  1543;19791101;19791130;   5;   2;    62.9;   -999;      0;   13.6;eor
  1543;19791201;19791231;   5;   2;    91.0;   -999;     14;   12.3;eor
  1543;19800101;19800131;   5;   2;    35.9;   -999;    325;    9.7;eor
  1543;19800201;19800229;   5;   2;    40.7;   -999;     76;    8.5;eor
  1543;19800301;19800331;   5;   2;    32.6;   -999;     43;   11.7;eor
  1543;19800401;19800430;   5;   2;    66.7;   -999;      2;   22.4;eor
  1543;19800501;19800531;   5;   2;    16.9;   -999;      0;   11.9;eor
  1543;19800601;19800630;   5;   2;   111.9;   -999;      0;   26.0;eor
  1543;19800701;19800731;   5;   2;   121.0;   -999;      0;   45.7;eor
  1543;19800801;19800831;   5;   2;    91.3;   -999;      0;   17.3;eor
  1543;19800901;19800930;   5;   2;    37.1;   -999;      0;   11.5;eor
  1543;19801001;19801031;   5;   2;    64.2;   -999;      0;   12.5;eor
  1543;19801101;19801130;   5;   2;    59.8;   -999;      2;   12.5;eor
  1543;19801201;19801231;   5;   2;    46.7;   -999;     93;    6.4;eor
  1543;19810101;19810131;  10;   2;    62.9;   -999;    221;   12.0;eor
  1543;19810201;19810228;  10;   2;    30.4;   -999;     20;    5.2;eor
  1543;19810301;19810331;  10;   2;   122.4;   -999;     21;   32.3;eor
  1543;19810401;19810430;  10;   2;    15.4;   -999;      0;    6.8;eor
  1543;19810501;19810531;  10;   2;    58.3;   -999;      0;   26.8;eor
  1543;19810601;19810630;  10;   2;   136.0;   -999;      0;   57.0;eor
  1543;19810701;19810731;  10;   2;    68.1;   -999;      0;   43.4;eor
  1543;19810801;19810831;  10;   2;    75.8;   -999;      0;   23.5;eor
  1543;19810901;19810930;  10;   2;    60.5;   -999;      0;   16.1;eor
  1543;19811001;19811031;  10;   2;    94.3;   -999;      0;   10.3;eor
  1543;19811101;19811130;  10;   2;    57.3;   -999;      1;    9.1;eor
  1543;19811201;19811231;  10;   2;    49.5;   -999;    207;   17.3;eor
  1543;19820101;19820131;  10;   2;    63.7;   -999;    148;   14.8;eor
  1543;19820201;19820228;  10;   2;    12.0;   -999;      0;    4.6;eor
  1543;19820301;19820331;  10;   2;    62.6;   -999;      0;   15.8;eor
  1543;19820401;19820430;  10;   2;    39.7;   -999;      0;    8.5;eor
  1543;19820501;19820531;  10;   2;    49.4;   -999;      0;   12.2;eor
  1543;19820601;19820630;  10;   2;    70.6;   -999;      0;   16.8;eor
  1543;19820701;19820731;  10;   2;    51.2;   -999;      0;   21.2;eor
  1543;19820801;19820831;  10;   2;    44.9;   -999;      0;   10.7;eor
  1543;19820901;19820930;  10;   2;    13.4;   -999;      0;    6.6;eor
  1543;19821001;19821031;  10;   2;    46.0;   -999;      0;   12.3;eor
  1543;19821101;19821130;  10;   2;    35.3;   -999;      0;   11.0;eor
  1543;19821201;19821231;  10;   2;    48.5;   -999;      1;    8.7;eor
  1543;19830101;19830131;  10;   2;    88.8;   -999;      5;   14.1;eor
  1543;19830201;19830228;  10;   2;    43.1;   -999;    195;   20.0;eor
  1543;19830301;19830331;  10;   2;    50.4;   -999;      1;    8.5;eor
  1543;19830401;19830430;  10;   2;    96.4;   -999;      0;   16.5;eor
  1543;19830501;19830531;  10;   2;    99.5;   -999;      0;   15.5;eor
  1543;19830601;19830630;  10;   2;    46.3;   -999;      0;   15.6;eor
  1543;19830701;19830731;  10;   2;    20.1;   -999;      0;   13.6;eor
  1543;19830801;19830831;  10;   2;    26.5;   -999;      0;   12.4;eor
  1543;19830901;19830930;  10;   2;    37.8;   -999;      0;    7.0;eor
  1543;19831001;19831031;  10;   2;    62.4;   -999;      0;   19.6;eor
  1543;19831101;19831130;  10;   2;    37.2;   -999;      5;   10.8;eor
  1543;19831201;19831231;  10;   2;    60.7;   -999;     10;    9.0;eor
  1543;19840101;19840131;  10;   2;    84.9;   -999;     29;    9.6;eor
  1543;19840201;19840229;  10;   2;    40.5;   -999;      5;    9.6;eor
  1543;19840301;19840331;  10;   2;    16.8;   -999;      2;    6.5;eor
  1543;19840401;19840430;  10;   2;    20.3;   -999;      0;    4.9;eor
  1543;19840501;19840531;  10;   2;    85.4;   -999;      0;   21.3;eor
  1543;19840601;19840630;  10;   2;    68.7;   -999;      0;   13.0;eor
  1543;19840701;19840731;  10;   2;    51.4;   -999;      0;   14.1;eor
  1543;19840801;19840831;  10;   2;    16.1;   -999;      0;    4.7;eor
  1543;19840901;19840930;  10;   2;    47.6;   -999;      0;    9.4;eor
  1543;19841001;19841031;  10;   2;    49.1;   -999;      0;    6.3;eor
  1543;19841101;19841130;  10;   2;    49.8;   -999;     13;   22.0;eor
  1543;19841201;19841231;  10;   2;    43.7;   -999;      3;   17.5;eor
  1543;19850101;19850131;  10;   2;    47.0;   -999;    477;    6.5;eor
  1543;19850201;19850228;  10;   2;    12.7;   -999;     29;    3.2;eor
  1543;19850301;19850331;  10;   2;    31.4;   -999;      7;   11.4;eor
  1543;19850401;19850430;  10;   2;    72.1;   -999;      0;    9.4;eor
  1543;19850501;19850531;  10;   2;    21.6;   -999;      0;    6.8;eor
  1543;19850601;19850630;  10;   2;    78.0;   -999;      0;   15.1;eor
  1543;19850701;19850731;  10;   2;    49.4;   -999;      0;   15.4;eor
  1543;19850801;19850831;  10;   2;    56.3;   -999;      0;   14.3;eor
  1543;19850901;19850930;  10;   2;    50.4;   -999;      0;   10.4;eor
  1543;19851001;19851031;  10;   2;    20.6;   -999;      0;   11.5;eor
  1543;19851101;19851130;  10;   2;    44.6;   -999;     68;    8.5;eor
  1543;19851201;19851231;  10;   2;    81.7;   -999;     35;   12.3;eor
  1543;19860101;19860131;  10;   2;    65.9;   -999;     74;   11.7;eor
  1543;19860201;19860228;  10;   2;    16.1;   -999;    144;    5.7;eor
  1543;19860301;19860331;  10;   2;    35.3;   -999;     46;    9.0;eor
  1543;19860401;19860430;  10;   2;    47.3;   -999;      3;   14.0;eor
  1543;19860501;19860531;  10;   2;    85.8;   -999;      0;   16.7;eor
  1543;19860601;19860630;  10;   2;    60.5;   -999;      0;   21.9;eor
  1543;19860701;19860731;  10;   2;    44.0;   -999;      0;   11.5;eor
  1543;19860801;19860831;  10;   2;    58.2;   -999;      0;   14.8;eor
  1543;19860901;19860930;  10;   2;    34.2;   -999;      0;    9.4;eor
  1543;19861001;19861031;  10;   2;    39.1;   -999;      0;   16.4;eor
  1543;19861101;19861130;  10;   2;    46.5;   -999;      0;   12.4;eor
  1543;19861201;19861231;  10;   2;   119.1;   -999;     65;   21.0;eor
  1543;19870101;19870131;  10;   2;    30.9;   -999;    322;    7.6;eor
  1543;19870201;19870228;  10;   2;    38.7;   -999;    204;   13.4;eor
  1543;19870301;19870331;  10;   2;    21.4;   -999;    140;    3.8;eor
  1543;19870401;19870430;  10;   2;    25.5;   -999;      0;    8.2;eor
  1543;19870501;19870531;  10;   2;    40.3;   -999;      0;   11.0;eor
  1543;19870601;19870630;  10;   2;    99.0;   -999;      0;   24.7;eor
  1543;19870701;19870731;  10;   2;    85.8;   -999;      0;   23.3;eor
  1543;19870801;19870831;  10;   2;    39.9;   -999;      0;    6.8;eor
  1543;19870901;19870930;  10;   2;    83.1;   -999;      0;   11.6;eor
  1543;19871001;19871031;  10;   2;    20.4;   -999;      0;    6.9;eor
  1543;19871101;19871130;  10;   2;    60.0;   -999;      0;   15.3;eor
  1543;19871201;19871231;  10;   2;    43.2;   -999;      4;   10.1;eor
  1543;19880101;19880131;  10;   2;    58.4;   -999;      3;   15.0;eor
  1543;19880201;19880229;  10;   2;    73.0;   -999;     11;   10.8;eor
  1543;19880301;19880331;  10;   2;    91.4;   -999;     61;   14.0;eor
  1543;19880401;19880430;  10;   2;     8.9;   -999;      1;    3.8;eor
  1543;19880501;19880531;  10;   2;    14.6;   -999;      0;    6.0;eor
  1543;19880601;19880630;  10;   2;    80.2;   -999;      0;   27.1;eor
  1543;19880701;19880731;  10;   2;   116.5;   -999;      0;   23.3;eor
  1543;19880801;19880831;  10;   2;    30.8;   -999;      0;    5.8;eor
  1543;19880901;19880930;  10;   2;    23.7;   -999;      0;    4.5;eor
  1543;19881001;19881031;  10;   2;    34.5;   -999;      0;    8.8;eor
  1543;19881101;19881130;  10;   2;    40.9;   -999;      4;   12.6;eor
  1543;19881201;19881231;  10;   2;    60.2;   -999;      4;    9.8;eor
  1543;19890101;19890131;  10;   2;    12.1;   -999;      0;    1.8;eor
  1543;19890201;19890228;  10;   2;    40.5;   -999;      0;    8.5;eor
  1543;19890301;19890331;  10;   2;    51.8;   -999;      0;    8.3;eor
  1543;19890401;19890430;  10;   2;    31.8;   -999;      0;    7.2;eor
  1543;19890501;19890531;  10;   2;     3.6;   -999;      0;    1.5;eor
  1543;19890601;19890630;  10;   2;    32.1;   -999;      0;    8.1;eor
  1543;19890701;19890731;  10;   2;    51.5;   -999;      0;   13.6;eor
  1543;19890801;19890831;  10;   2;    38.2;   -999;      0;    8.4;eor
  1543;19890901;19890930;  10;   2;    18.9;   -999;      0;    8.5;eor
  1543;19891001;19891031;  10;   2;    37.6;   -999;      0;    5.2;eor
  1543;19891101;19891130;  10;   2;    47.1;   -999;      0;   15.2;eor
  1543;19891201;19891231;  10;   2;    57.3;   -999;      5;   15.0;eor
  1543;19900101;19900131;  10;   2;    39.4;   -999;   -999;   11.4;eor
  1543;19900201;19900228;  10;   2;    42.8;   -999;   -999;    7.1;eor
  1543;19900301;19900331;  10;   2;    31.0;   -999;   -999;    7.3;eor
  1543;19900401;19900430;  10;   2;    26.9;   -999;   -999;    6.2;eor
  1543;19900501;19900531;  10;   2;    14.3;   -999;   -999;    4.8;eor
  1543;19900601;19900630;  10;   2;    90.0;   -999;   -999;   21.0;eor
  1543;19900701;19900731;  10;   2;    27.0;   -999;   -999;    8.1;eor
  1543;19900801;19900831;  10;   2;    49.7;   -999;   -999;   10.7;eor
  1543;19900901;19900930;  10;   2;    84.2;   -999;   -999;   15.2;eor
  1543;19901001;19901031;  10;   2;    26.6;   -999;   -999;    8.1;eor
  1543;19901101;19901130;  10;   2;    61.0;   -999;   -999;    8.8;eor
  1543;19901201;19901231;  10;   2;    46.5;   -999;   -999;    8.8;eor
  1543;19910101;19910131;   9;   2;    27.2;      0;      0;   11.0;eor
  1543;19910201;19910228;   9;   2;    29.5;     35;    248;    5.8;eor
  1543;19910301;19910331;   9;   2;    19.8;      0;      0;    7.4;eor
  1543;19910401;19910430;   9;   2;    33.6;      0;      0;   10.2;eor
  1543;19910501;19910531;   9;   2;    38.7;      0;      0;   10.1;eor
  1543;19910601;19910630;   9;   2;   113.5;      0;      0;   21.0;eor
  1543;19910701;19910731;   9;   2;    21.4;      0;      0;    9.1;eor
  1543;19910801;19910831;   9;   2;    40.8;      0;      0;    8.1;eor
  1543;19910901;19910930;   9;   2;    41.0;      0;      0;   17.3;eor
  1543;19911001;19911031;   9;   2;    27.3;      0;      0;    5.4;eor
  1543;19911101;19911130;   9;   2;    52.5;      0;      0;   11.8;eor
  1543;19911201;19911231;   9;   2;    50.9;      0;      0;   16.2;eor
  1543;19920101;19920131;   9;   2;    42.3;      0;      0;   15.3;eor
  1543;19920201;19920229;   9;   2;    39.7;      0;      0;    8.2;eor
  1543;19920301;19920331;   9;   2;    71.4;      3;      3;   15.1;eor
  1543;19920401;19920430;   9;   2;    52.5;      0;      0;   14.0;eor
  1543;19920501;19920531;   9;   2;    30.5;      0;      0;   13.5;eor
  1543;19920601;19920630;   9;   2;    17.4;      0;      0;    6.5;eor
  1543;19920701;19920731;   9;   2;    69.7;      0;      0;   13.6;eor
  1543;19920801;19920831;   9;   2;   101.0;      0;      0;   21.1;eor
  1543;19920901;19920930;   9;   2;    10.9;      0;      0;    3.8;eor
  1543;19921001;19921031;   9;   2;    40.9;      0;      0;    7.3;eor
  1543;19921101;19921130;   9;   2;    69.9;      0;      0;   12.1;eor
  1543;19921201;19921231;   9;   2;    39.1;      1;      2;   13.5;eor
  1543;19930101;19930131;   9;   2;    85.9;      2;     10;   13.8;eor
  1543;19930201;19930228;   9;   2;    35.4;     21;     98;    7.8;eor
  1543;19930301;19930331;   9;   2;    12.0;      5;     23;    2.1;eor
  1543;19930401;19930430;   9;   2;    21.4;      0;      0;    8.1;eor
  1543;19930501;19930531;   9;   2;    57.8;      0;      0;   14.0;eor
  1543;19930601;19930630;   9;   2;    96.1;      0;      0;   43.0;eor
  1543;19930701;19930731;   9;   2;    96.3;      0;      0;   25.4;eor
  1543;19930801;19930831;   9;   2;    70.9;      0;      0;   16.1;eor
  1543;19930901;19930930;   9;   2;    85.7;      0;      0;   24.2;eor
  1543;19931001;19931031;   9;   2;    23.1;      0;      0;    6.5;eor
  1543;19931101;19931130;   9;   2;    35.2;     14;    103;   13.2;eor
  1543;19931201;19931231;   9;   2;   106.2;      3;     27;   15.5;eor
  1543;19940101;19940131;   9;   2;   104.3;      1;      1;   19.1;eor
  1543;19940201;19940228;   9;   2;    10.6;     11;     71;    3.4;eor
  1543;19940301;19940331;   9;   2;   103.3;      7;      8;   11.4;eor
  1543;19940401;19940430;   9;   2;    38.9;      0;      0;   13.2;eor
  1543;19940501;19940531;   9;   2;    39.4;      0;      0;   14.2;eor
  1543;19940601;19940630;   9;   2;    79.7;      0;      0;   42.0;eor
  1543;19940701;19940731;   9;   2;    20.3;      0;      0;   13.0;eor
  1543;19940801;19940831;   9;   2;    89.6;      0;      0;   25.2;eor
  1543;19940901;19940930;   9;   2;    80.2;      0;      0;   16.4;eor
  1543;19941001;19941031;   9;   2;    44.6;      0;      0;   18.8;eor
  1543;19941101;19941130;   9;   2;    41.8;      0;      0;    7.8;eor
  1543;19941201;19941231;   9;   2;    85.8;      2;      3;   13.2;eor
  1543;19950101;19950131;   9;   2;    59.7;     11;     34;    8.4;eor
  1543;19950201;19950228;   9;   2;    65.0;      1;      1;   11.4;eor
  1543;19950301;19950331;   9;   2;    55.6;      5;     10;    9.8;eor
  1543;19950401;19950430;   9;   2;    41.3;      0;      0;   12.1;eor
  1543;19950501;19950531;   9;   2;    43.9;      0;      0;    8.5;eor
  1543;19950601;19950630;   9;   2;    65.7;      0;      0;   21.2;eor
  1543;19950701;19950731;   9;   2;    44.2;      0;      0;   22.5;eor
  1543;19950801;19950831;   9;   2;    25.9;      0;      0;    7.3;eor
  1543;19950901;19950930;   9;   2;    52.3;      0;      0;   14.0;eor
  1543;19951001;19951031;   9;   2;    17.4;      0;      0;    6.4;eor
  1543;19951101;19951130;   9;   2;    49.7;      5;     16;    8.4;eor
  1543;19951201;19951231;   9;   2;    36.3;     21;    114;   20.4;eor
  1543;19960101;19960131;   9;   2;     0.8;      0;     71;    0.4;eor
  1543;19960201;19960229;   9;   2;    27.9;     22;    131;    7.4;eor
  1543;19960301;19960331;   9;   2;    12.6;      7;      8;    5.5;eor
  1543;19960401;19960430;   9;   2;    21.8;      0;      0;   17.8;eor
  1543;19960501;19960531;   9;   2;    88.9;      0;      0;   17.5;eor
  1543;19960601;19960630;   9;   2;    28.9;      0;      0;   10.8;eor
  1543;19960701;19960731;   9;   2;    60.6;      0;      0;   41.0;eor
  1543;19960801;19960831;   9;   2;    30.9;      0;      0;    5.6;eor
  1543;19970701;19970731;   9;   2;    75.7;   -999;   -999;   29.0;eor
  1543;19970801;19970831;   9;   2;    21.2;   -999;   -999;    6.1;eor
  1543;19970901;19970930;   9;   2;    20.2;   -999;   -999;    9.0;eor
  1543;19971001;19971031;   9;   2;    44.2;   -999;   -999;    9.9;eor
  1543;19971101;19971130;   9;   2;    25.2;   -999;   -999;    5.4;eor
  1543;19971201;19971231;   9;   2;    49.0;   -999;   -999;    9.1;eor
  1543;19980101;19980131;   9;   2;    88.8;      1;      2;   20.7;eor
  1543;19980201;19980228;   9;   2;    17.6;      2;      4;    3.3;eor
  1543;19980301;19980331;   9;   2;    62.5;      1;      1;   24.2;eor
  1543;19980401;19980430;   9;   2;    83.4;      0;      0;   15.8;eor
  1543;19980501;19980531;   9;   2;    32.9;      0;      0;    6.7;eor
  1543;19980601;19980630;   9;   2;    88.7;      0;      0;   27.8;eor
  1543;19980701;19980731;   9;   2;    56.2;      0;      0;    7.7;eor
  1543;19980801;19980831;   9;   2;    85.4;      0;      0;   14.7;eor
  1543;19980901;19980930;   9;   2;    37.5;      0;      0;   11.1;eor
  1543;19981001;19981031;   9;   2;   112.0;      0;      0;   23.5;eor
  1543;19981101;19981130;   9;   2;    47.3;      4;      8;   12.3;eor
  1543;19981201;19981231;   9;   2;    68.2;     13;     61;   14.2;eor
  1543;19990101;19990131;   9;   2;    42.9;      8;     15;    6.9;eor
  1543;19990201;19990228;   9;   2;    66.7;     21;     91;    9.2;eor
  1543;19990301;19990331;   9;   2;    59.3;      0;      0;   15.1;eor
  1543;19990401;19990430;   9;   2;    29.3;      0;      0;   10.4;eor
  1543;19990501;19990531;   9;   2;    45.1;      0;      0;    8.6;eor
  1543;19990601;19990630;   9;   2;    95.3;      0;      0;   15.3;eor
  1543;19990701;19990731;   9;   2;    22.2;      0;      0;    5.1;eor
  1543;19990801;19990831;   9;   2;    93.4;      0;      0;   53.7;eor
  1543;19990901;19990930;   9;   2;    42.6;      0;      0;   12.6;eor
  1543;19991001;19991031;   9;   2;    40.5;      0;      0;    7.6;eor
  1543;19991101;19991130;   9;   2;    19.9;      0;      0;    5.4;eor
  1543;19991201;19991231;   9;   2;   111.4;      0;      0;   16.1;eor
  1543;20000101;20000131;   9;   2;    35.1;      3;     10;   10.3;eor
  1543;20000201;20000229;   9;   2;    54.9;      1;      1;    7.4;eor
  1543;20000301;20000331;   9;   2;    73.6;      0;      0;   12.7;eor
  1543;20000401;20000430;   9;   2;    36.8;      0;      0;   17.8;eor
  1543;20000501;20000531;   9;   2;    68.7;      0;      0;   34.0;eor
  1543;20000601;20000630;   9;   2;    43.1;      0;      0;    7.3;eor
  1543;20000701;20000731;   9;   2;    33.1;      0;      0;    9.8;eor
  1543;20000801;20000831;   9;   2;    56.3;      0;      0;   11.1;eor
  1543;20000901;20000930;   9;   2;    41.4;      0;      0;   13.2;eor
  1543;20001001;20001031;   9;   2;    38.3;      0;      0;    8.9;eor
  1543;20001101;20001130;   9;   2;    35.3;      0;      0;    6.1;eor
  1543;20001201;20001231;   9;   2;    41.0;      9;     23;   10.7;eor
  1543;20010101;20010131;   9;   2;    32.2;      0;      4;    6.4;eor
  1543;20010201;20010228;   9;   2;    54.9;     25;     46;   11.3;eor
  1543;20010301;20010331;   9;   2;    54.3;      3;     33;   16.8;eor
  1543;20010401;20010430;   9;   2;    62.4;      0;      0;   12.3;eor
  1543;20010501;20010531;   9;   2;    15.7;      0;      0;    6.5;eor
  1543;20010601;20010630;   9;   2;    98.8;      0;      0;   11.6;eor
  1543;20010701;20010731;   9;   2;    36.4;      0;      0;    9.5;eor
  1543;20010801;20010831;   9;   2;    73.1;      0;      0;   15.7;eor
  1543;20010901;20010930;   9;   2;   163.0;      0;      0;   42.2;eor
  1543;20011001;20011031;   9;   2;    27.7;      0;      0;    4.7;eor
  1543;20011101;20011130;   9;   2;    49.0;      0;      0;   16.5;eor
  1543;20011201;20011231;   9;   2;    64.5;     14;     26;    8.8;eor
  1543;20020101;20020131;   9;   2;    62.0;      2;      4;   17.4;eor
  1543;20020201;20020228;   9;   2;   112.5;     13;     21;   15.6;eor
  1543;20020301;20020331;   9;   2;    50.9;      0;      0;    9.8;eor
  1543;20020401;20020430;   9;   2;    78.6;      0;      0;   22.6;eor
  1543;20020501;20020531;   9;   2;    61.6;      0;      0;   20.0;eor
  1543;20020601;20020630;   9;   2;    54.3;      0;      0;   14.2;eor
  1543;20020701;20020731;   9;   2;    89.9;      0;      0;   28.8;eor
  1543;20020801;20020831;   9;   2;    97.8;      0;      0;   38.9;eor
  1543;20020901;20020930;   9;   2;    25.3;      0;      0;   15.0;eor
  1543;20021001;20021031;   9;   2;    82.2;      0;      0;   22.4;eor
  1543;20021101;20021130;   9;   2;    61.3;      0;      0;   11.2;eor
  1543;20021201;20021231;   9;   2;    11.8;      3;      6;    2.5;eor
  1543;20030101;20030131;   9;   2;    48.2;     31;    150;    8.8;eor
  1543;20030201;20030228;   9;   2;    10.7;      6;     97;    6.3;eor
  1543;20030301;20030331;   9;   2;    23.6;      2;      2;    9.4;eor
  1543;20030401;20030430;   9;   2;    27.3;      1;      1;    6.9;eor
  1543;20030501;20030531;   9;   2;    33.3;      0;      0;    7.6;eor
  1543;20030601;20030630;   9;   2;    47.9;      0;      0;   12.9;eor
  1543;20030701;20030731;   9;   2;    75.9;      0;      0;   25.5;eor
  1543;20030801;20030831;   9;   2;    24.2;      0;      0;   16.6;eor
  1543;20030901;20030930;   9;   2;    68.8;      0;      0;   27.6;eor
  1543;20031001;20031031;   9;   2;    46.8;      0;      0;   12.7;eor
  1543;20031101;20031130;   9;   2;    31.4;      0;      0;    8.3;eor
  1543;20031201;20031231;   9;   2;    47.7;      2;      3;   10.1;eor
  1543;20040101;20040131;   9;   2;    80.9;     14;     58;   14.8;eor
  1543;20040201;20040229;   9;   2;    69.4;      6;     12;   15.0;eor
  1543;20040301;20040331;   9;   2;    33.4;      3;      3;   11.2;eor
  1543;20040401;20040430;   9;   2;    26.4;      0;      0;    8.3;eor
  1543;20040501;20040531;   9;   2;    31.9;      0;      0;    6.9;eor
  1543;20040601;20040630;   9;   2;    93.1;      0;      0;   16.0;eor
  1543;20040701;20040731;   9;   2;   109.8;      0;      0;   29.6;eor
  1543;20040801;20040831;   9;   2;    71.8;      0;      0;   16.2;eor
  1543;20040901;20040930;   9;   2;    36.9;      0;      0;    7.8;eor
  1543;20041001;20041031;   9;   2;    32.3;      0;      0;    9.4;eor
  1543;20041101;20041130;   9;   2;    68.1;      2;      2;   14.4;eor
  1543;20041201;20041231;   9;   2;    35.1;      1;      1;    9.7;eor
  1543;20050101;20050131;   9;   2;    61.5;     11;     40;   13.3;eor
  1543;20050201;20050228;   9;   2;    55.8;     28;    110;   14.7;eor
  1543;20050301;20050331;   9;   2;    38.3;     11;    167;    7.7;eor
  1543;20050401;20050430;   9;   2;    14.8;      0;      0;    7.4;eor
  1543;20050501;20050531;   9;   2;   100.7;      0;      0;   23.0;eor
  1543;20050601;20050630;   9;   2;    26.0;      0;      0;    6.7;eor
  1543;20050701;20050731;   9;   2;   137.3;      0;      0;   38.6;eor
  1543;20050801;20050831;   9;   2;    42.0;      0;      0;   16.0;eor
  1543;20050901;20050930;   9;   2;    39.9;      0;      0;   16.1;eor
  1543;20051001;20051031;   9;   2;    38.1;      0;      0;   15.9;eor
  1543;20051101;20051130;   9;   2;    43.1;      3;      7;   14.3;eor
  1543;20051201;20051231;   9;   2;    78.8;     19;     49;   14.4;eor
