STATIONS_ID; MESS_DATUM_BEGINN; MESS_DATUM_ENDE; QUALITAETS_NIVEAU; ART; NIEDERSCHLAGSHOEHE;NEUSCHNEEHOEHE;SCHNEEHOEHE; max(NIEDERSCHLAGSHOEHE);eor
  2958;19450301;19450331;   1;   2;    35.6;   -999;      8;    6.5;eor
  2958;19450401;19450430;-999;-999;    -999;   -999;   -999;    7.5;eor
  2958;19450501;19450531;-999;-999;    -999;   -999;   -999;   -999;eor
  2958;19450601;19450630;-999;-999;    -999;   -999;   -999;    4.8;eor
  2958;19450701;19450731;   1;   2;    -999;   -999;      0;   19.5;eor
  2958;19450801;19450831;-999;-999;    -999;   -999;   -999;   -999;eor
  2958;19450901;19450930;-999;-999;    -999;   -999;   -999;   -999;eor
  2958;19451001;19451031;-999;-999;    -999;   -999;   -999;    0.1;eor
  2958;19451101;19451130;   1;   2;    55.9;   -999;      6;   13.9;eor
  2958;19451201;19451231;   1;   2;    46.2;   -999;     38;    9.6;eor
  2958;19460101;19460131;   1;   2;    34.1;   -999;   -999;    6.6;eor
  2958;19460201;19460228;   1;   2;   142.6;   -999;     81;   31.7;eor
  2958;19460301;19460331;   1;   2;    16.2;   -999;      8;    5.7;eor
  2958;19460401;19460430;   1;   2;    25.0;   -999;      0;   13.2;eor
  2958;19460501;19460531;   1;   2;    90.2;   -999;      0;   20.6;eor
  2958;19460601;19460630;   1;   2;    78.5;   -999;      0;   27.6;eor
  2958;19460701;19460731;   1;   2;   136.8;   -999;      0;   58.1;eor
  2958;19460801;19460831;   1;   2;    81.9;   -999;      0;   12.8;eor
  2958;19460901;19460930;   1;   2;    39.9;   -999;      0;    7.6;eor
  2958;19461001;19461031;   1;   2;    60.5;   -999;      0;    9.1;eor
  2958;19461101;19461130;   1;   2;    23.7;   -999;      1;    5.2;eor
  2958;19461201;19461231;   1;   2;    18.4;   -999;     10;    4.8;eor
  2958;19470101;19470131;   1;   2;    31.9;   -999;     65;    6.8;eor
  2958;19470201;19470228;   1;   2;    39.4;   -999;    359;   12.5;eor
  2958;19470301;19470331;   1;   2;    52.6;   -999;     92;   12.7;eor
  2958;19470401;19470430;   1;   2;    27.3;   -999;      0;    6.7;eor
  2958;19470501;19470531;   1;   2;    26.7;   -999;      0;    9.1;eor
  2958;19470601;19470630;   1;   2;    61.4;   -999;      0;   19.7;eor
  2958;19470701;19470731;   1;   2;    52.9;   -999;      0;   14.1;eor
  2958;19470801;19470831;   1;   2;    43.0;   -999;      0;   16.7;eor
  2958;19470901;19470930;   1;   2;    20.1;   -999;      0;    8.5;eor
  2958;19471001;19471031;   1;   2;    19.2;   -999;      0;    7.0;eor
  2958;19471101;19471130;   1;   2;   106.5;   -999;      0;   19.8;eor
  2958;19471201;19471231;   1;   2;    86.2;   -999;     89;   17.5;eor
  2958;19480101;19480131;   1;   2;    65.5;   -999;      6;   16.0;eor
  2958;19480201;19480229;   1;   2;    74.0;   -999;    173;   12.8;eor
  2958;19480301;19480331;   1;   2;    23.9;   -999;      0;    5.1;eor
  2958;19480401;19480430;   1;   2;    38.1;   -999;      0;   13.4;eor
  2958;19480501;19480531;   1;   2;   100.1;   -999;      0;   14.5;eor
  2958;19480601;19480630;   1;   2;    28.2;   -999;      0;    6.1;eor
  2958;19480701;19480731;   1;   2;    75.0;   -999;      0;   19.2;eor
  2958;19480801;19480831;   1;   2;   163.0;   -999;      0;   39.0;eor
  2958;19480901;19480930;   1;   2;    24.7;   -999;      0;   18.8;eor
  2958;19481001;19481031;   1;   2;    26.2;   -999;      0;    7.5;eor
  2958;19481101;19481130;   1;   2;    28.7;   -999;      0;    9.8;eor
  2958;19481201;19481231;   1;   2;     6.8;   -999;      3;    2.9;eor
  2958;19490101;19490131;   1;   2;    28.7;   -999;     42;    6.8;eor
  2958;19490201;19490228;   1;   2;    21.4;   -999;      5;    5.8;eor
  2958;19490301;19490331;   1;   2;    43.1;   -999;    130;    9.8;eor
  2958;19490401;19490430;   1;   2;    59.3;   -999;      0;   10.6;eor
  2958;19490501;19490531;   1;   2;    58.7;   -999;      0;   15.5;eor
  2958;19490601;19490630;   1;   2;   107.5;   -999;      0;   19.4;eor
  2958;19490701;19490731;   1;   2;    43.3;   -999;      0;    9.7;eor
  2958;19490801;19490831;   1;   2;    89.0;   -999;      0;   44.3;eor
  2958;19490901;19490930;   1;   2;     6.8;   -999;      0;    3.2;eor
  2958;19491001;19491031;   1;   2;     6.1;   -999;      0;    6.1;eor
  2958;19491101;19491130;   1;   2;    43.4;   -999;      0;   10.0;eor
  2958;19491201;19491231;   1;   2;    70.4;   -999;      0;   23.8;eor
  2958;19500101;19500131;   1;   2;    61.9;   -999;     41;   12.2;eor
  2958;19500201;19500228;   1;   2;    56.9;   -999;     15;   13.8;eor
  2958;19500301;19500331;   1;   2;    13.3;   -999;      3;    4.1;eor
  2958;19500401;19500430;   1;   2;    84.5;   -999;      0;   29.9;eor
  2958;19500501;19500531;   1;   2;    71.3;   -999;      0;   16.0;eor
  2958;19500601;19500630;   1;   2;    90.2;   -999;      0;   29.5;eor
  2958;19500701;19500731;   1;   2;    52.7;   -999;      0;   20.0;eor
  2958;19500801;19500831;   1;   2;    38.4;   -999;      0;   10.8;eor
  2958;19500901;19500930;   1;   2;    62.7;   -999;      0;   15.5;eor
  2958;19501001;19501031;   1;   2;    27.6;   -999;      0;    6.1;eor
  2958;19501101;19501130;   1;   2;    46.4;   -999;      2;   10.1;eor
  2958;19501201;19501231;   1;   2;    25.7;   -999;    133;    7.8;eor
  2958;19510101;19510131;   1;   2;    41.4;   -999;   -999;   15.0;eor
  2958;19510201;19510228;   1;   2;    26.8;   -999;   -999;    7.8;eor
  2958;19510301;19510331;   1;   2;    44.2;   -999;   -999;    8.1;eor
  2958;19510401;19510430;   1;   2;    25.8;   -999;   -999;    9.8;eor
  2958;19510501;19510531;   1;   2;    56.9;   -999;   -999;   21.3;eor
  2958;19510601;19510630;   1;   2;    78.9;   -999;   -999;   15.2;eor
  2958;19510701;19510731;   1;   2;    82.3;   -999;   -999;   48.2;eor
  2958;19510801;19510831;   1;   2;   117.2;   -999;   -999;   26.2;eor
  2958;19510901;19510930;   1;   2;    12.7;   -999;   -999;    5.1;eor
  2958;19511001;19511031;   1;   2;     2.4;   -999;   -999;    1.4;eor
  2958;19511101;19511130;   1;   2;    62.4;   -999;   -999;   10.8;eor
  2958;19511201;19511231;   1;   2;    23.2;   -999;   -999;    9.2;eor
  2958;19520101;19520131;   1;   2;    41.2;   -999;   -999;    9.8;eor
  2958;19520201;19520229;   1;   2;    27.5;   -999;   -999;    6.4;eor
  2958;19520301;19520331;   1;   2;    32.8;   -999;   -999;   10.2;eor
  2958;19520401;19520430;   1;   2;    34.0;   -999;   -999;    9.6;eor
  2958;19520501;19520531;   1;   2;    69.3;   -999;   -999;   19.9;eor
  2958;19520601;19520630;   1;   2;    68.5;   -999;   -999;   26.6;eor
  2958;19520701;19520731;   1;   2;    29.8;   -999;   -999;   16.0;eor
  2958;19520801;19520831;   1;   2;    69.9;   -999;   -999;   26.6;eor
  2958;19520901;19520930;   1;   2;    83.8;   -999;   -999;   20.9;eor
  2958;19521001;19521031;   1;   2;    42.5;   -999;   -999;    7.1;eor
  2958;19521101;19521130;   1;   2;    63.1;   -999;   -999;   21.9;eor
  2958;19521201;19521231;   1;   2;    14.1;   -999;   -999;    4.2;eor
  2958;19530101;19530131;   1;   2;    51.7;   -999;   -999;   16.5;eor
  2958;19530201;19530228;   1;   2;    29.9;   -999;   -999;    7.8;eor
  2958;19530301;19530331;   1;   2;    19.8;   -999;   -999;    7.0;eor
  2958;19530401;19530430;   1;   2;    15.2;   -999;   -999;    7.1;eor
  2958;19530501;19530531;   1;   2;    41.7;   -999;   -999;   10.8;eor
  2958;19530601;19530630;   1;   2;    90.1;   -999;   -999;   19.1;eor
  2958;19530701;19530731;   1;   2;   152.5;   -999;   -999;   33.0;eor
  2958;19530801;19530831;   1;   2;    42.4;   -999;   -999;   12.4;eor
  2958;19530901;19530930;   1;   2;    27.3;   -999;   -999;   10.8;eor
  2958;19531001;19531031;   1;   2;     6.5;   -999;   -999;    2.5;eor
  2958;19531101;19531130;   1;   2;     8.0;   -999;   -999;    5.1;eor
  2958;19531201;19531231;   1;   2;    16.3;   -999;   -999;    7.1;eor
  2958;19540101;19540131;   1;   2;    43.7;   -999;   -999;   16.4;eor
  2958;19540201;19540228;   1;   2;     9.5;   -999;   -999;    5.0;eor
  2958;19540301;19540331;   1;   2;    21.7;   -999;   -999;    8.9;eor
  2958;19540401;19540430;   1;   2;    82.8;   -999;   -999;   21.7;eor
  2958;19540501;19540531;   1;   2;    55.4;   -999;   -999;   17.6;eor
  2958;19540601;19540630;   1;   2;    35.8;   -999;   -999;   12.7;eor
  2958;19540701;19540731;   1;   2;   191.8;   -999;   -999;   33.6;eor
  2958;19540801;19540831;   1;   2;    52.4;   -999;   -999;   22.9;eor
  2958;19540901;19540930;   1;   2;    54.1;   -999;   -999;    8.8;eor
  2958;19541001;19541031;   1;   2;    48.1;   -999;   -999;   12.0;eor
  2958;19541101;19541130;   1;   2;    15.6;   -999;   -999;    4.5;eor
  2958;19541201;19541231;   1;   2;    72.5;   -999;   -999;   10.2;eor
  2958;19550101;19550131;   1;   2;    29.2;   -999;   -999;   12.9;eor
  2958;19550201;19550228;   1;   2;    26.5;   -999;   -999;    6.6;eor
  2958;19550301;19550331;   1;   2;    19.1;   -999;   -999;    7.1;eor
  2958;19550401;19550430;   1;   2;    62.3;   -999;   -999;   13.8;eor
  2958;19550501;19550531;   1;   2;    58.3;   -999;   -999;   15.7;eor
  2958;19550601;19550630;   1;   2;    58.8;   -999;   -999;   15.1;eor
  2958;19550701;19550731;   1;   2;   162.7;   -999;   -999;   29.3;eor
  2958;19550801;19550831;   1;   2;    79.5;   -999;   -999;   17.3;eor
  2958;19550901;19550930;   1;   2;    66.4;   -999;   -999;   19.0;eor
  2958;19551001;19551031;   1;   2;    30.9;   -999;   -999;   12.8;eor
  2958;19551101;19551130;   1;   2;    18.1;   -999;   -999;    6.1;eor
  2958;19551201;19551231;   1;   2;    53.1;   -999;   -999;    6.7;eor
  2958;19560101;19560131;   1;   2;    26.5;   -999;   -999;    5.2;eor
  2958;19560201;19560229;   1;   2;    32.8;   -999;   -999;    8.8;eor
  2958;19560301;19560331;   1;   2;    39.4;   -999;   -999;   15.3;eor
  2958;19560401;19560430;   1;   2;    72.5;   -999;   -999;   20.5;eor
  2958;19560501;19560531;   1;   2;    29.4;   -999;   -999;    9.1;eor
  2958;19560601;19560630;   1;   2;   119.7;   -999;   -999;   29.5;eor
  2958;19560701;19560731;   1;   2;   109.0;   -999;   -999;   37.2;eor
  2958;19560801;19560831;   1;   2;    53.1;   -999;   -999;   20.5;eor
  2958;19560901;19560930;   1;   2;    31.2;   -999;   -999;    9.2;eor
  2958;19561001;19561031;   1;   2;   115.6;   -999;   -999;   35.5;eor
  2958;19561101;19561130;   1;   2;    80.9;   -999;   -999;   22.1;eor
  2958;19561201;19561231;   1;   2;    48.4;   -999;   -999;   10.9;eor
  2958;19570101;19570131;   1;   2;    25.6;   -999;   -999;    5.8;eor
  2958;19570201;19570228;   1;   2;    50.3;   -999;   -999;    6.7;eor
  2958;19570301;19570331;   1;   2;    78.9;   -999;   -999;   18.4;eor
  2958;19570401;19570430;   1;   2;    30.7;   -999;   -999;    5.7;eor
  2958;19570501;19570531;   1;   2;    43.3;   -999;   -999;   20.0;eor
  2958;19570601;19570630;   1;   2;    71.2;   -999;   -999;   16.3;eor
  2958;19570701;19570731;   1;   2;   199.6;   -999;   -999;   56.5;eor
  2958;19570801;19570831;   1;   2;    83.3;   -999;   -999;   22.0;eor
  2958;19570901;19570930;   1;   2;    64.9;   -999;   -999;   11.0;eor
  2958;19571001;19571031;   1;   2;     5.5;   -999;   -999;    2.5;eor
  2958;19571101;19571130;   1;   2;    26.0;   -999;   -999;   10.7;eor
  2958;19571201;19571231;   1;   2;    42.1;   -999;   -999;   12.3;eor
  2958;19580101;19580131;   1;   2;    38.5;   -999;   -999;    8.6;eor
  2958;19580201;19580228;   1;   2;    58.6;   -999;   -999;    6.4;eor
  2958;19580301;19580331;   1;   2;    33.3;   -999;   -999;   14.1;eor
  2958;19580401;19580430;   1;   2;    44.2;   -999;   -999;   15.3;eor
  2958;19580501;19580531;   1;   2;    99.5;   -999;   -999;   23.3;eor
  2958;19580601;19580630;   1;   2;    78.2;   -999;   -999;   21.2;eor
  2958;19580701;19580731;   1;   2;   153.5;   -999;   -999;   48.0;eor
  2958;19580801;19580831;   1;   2;    71.3;   -999;   -999;   21.0;eor
  2958;19580901;19580930;   1;   2;    38.1;   -999;   -999;    9.7;eor
  2958;19581001;19581031;   1;   2;    94.6;   -999;   -999;   23.0;eor
  2958;19581101;19581130;   1;   2;    21.1;   -999;   -999;   12.0;eor
  2958;19581201;19581231;   1;   2;    47.0;   -999;   -999;   12.0;eor
  2958;19590101;19590131;   1;   2;    24.4;   -999;   -999;    3.7;eor
  2958;19590201;19590228;   1;   2;    21.1;   -999;   -999;   10.0;eor
  2958;19590301;19590331;   1;   2;    11.2;   -999;   -999;    4.4;eor
  2958;19590401;19590430;   1;   2;    57.3;   -999;   -999;   11.8;eor
  2958;19590501;19590531;   1;   2;    55.4;   -999;   -999;   34.5;eor
  2958;19590601;19590630;   1;   2;    25.5;   -999;   -999;   11.1;eor
  2958;19590701;19590731;   1;   2;   156.8;   -999;   -999;   48.0;eor
  2958;19590801;19590831;   1;   2;    61.0;   -999;   -999;   26.6;eor
  2958;19590901;19590930;   1;   2;     2.4;   -999;   -999;    2.2;eor
  2958;19591001;19591031;   1;   2;    20.9;   -999;   -999;    5.5;eor
  2958;19591101;19591130;   1;   2;    15.0;   -999;   -999;   12.5;eor
  2958;19591201;19591231;   1;   2;    40.0;   -999;   -999;    7.5;eor
  2958;19600101;19600131;   1;   2;    50.7;   -999;   -999;    9.4;eor
  2958;19600201;19600229;   1;   2;    16.0;   -999;   -999;    7.5;eor
  2958;19600301;19600331;   1;   2;    28.5;   -999;   -999;   11.4;eor
  2958;19600401;19600430;   1;   2;    37.2;   -999;   -999;    9.0;eor
  2958;19600501;19600531;   1;   2;    63.9;   -999;   -999;   21.0;eor
  2958;19600601;19600630;   1;   2;    54.2;   -999;   -999;   18.0;eor
  2958;19600701;19600731;   1;   2;    52.5;   -999;   -999;   14.0;eor
  2958;19600801;19600831;   1;   2;   110.5;   -999;   -999;   42.0;eor
  2958;19600901;19600930;   1;   2;    35.8;   -999;   -999;   12.0;eor
  2958;19601001;19601031;   1;   2;   140.6;   -999;   -999;   36.5;eor
  2958;19601101;19601130;   1;   2;    33.7;   -999;   -999;    4.7;eor
  2958;19601201;19601231;   1;   2;    43.8;   -999;   -999;    6.5;eor
  2958;19610101;19610131;   1;   2;    24.2;   -999;   -999;    8.5;eor
  2958;19610201;19610228;   1;   2;    45.2;   -999;   -999;   13.2;eor
  2958;19610301;19610331;   1;   2;    43.5;   -999;   -999;    7.2;eor
  2958;19610401;19610430;   1;   2;    60.2;   -999;   -999;   17.7;eor
  2958;19610501;19610531;   1;   2;   110.3;   -999;   -999;   25.7;eor
  2958;19610601;19610630;   1;   2;    62.5;   -999;   -999;   23.0;eor
  2958;19610701;19610731;   1;   2;    76.0;   -999;   -999;   17.8;eor
  2958;19610801;19610831;   1;   2;    50.5;   -999;   -999;   12.5;eor
  2958;19610901;19610930;   1;   2;    13.6;   -999;   -999;    4.8;eor
  2958;19611001;19611031;   1;   2;    31.8;   -999;   -999;    8.1;eor
  2958;19611101;19611130;   1;   2;    38.8;   -999;   -999;    8.6;eor
  2958;19611201;19611231;   1;   2;    48.6;   -999;   -999;   21.8;eor
  2958;19620101;19620131;   1;   2;    38.6;   -999;   -999;   10.0;eor
  2958;19620201;19620228;   1;   2;    41.4;   -999;   -999;   10.5;eor
  2958;19620301;19620331;   1;   2;    28.5;   -999;   -999;    7.2;eor
  2958;19620401;19620430;   1;   2;    25.4;   -999;   -999;    6.5;eor
  2958;19620501;19620531;   1;   2;    72.1;   -999;   -999;   14.7;eor
  2958;19620601;19620630;   1;   2;    13.9;   -999;   -999;    6.1;eor
  2958;19620701;19620731;   1;   2;    42.1;   -999;   -999;   12.0;eor
  2958;19620801;19620831;   1;   2;    65.5;   -999;   -999;   29.0;eor
  2958;19620901;19620930;   1;   2;    46.3;   -999;   -999;   12.4;eor
  2958;19621001;19621031;   1;   2;    25.4;   -999;   -999;   15.0;eor
  2958;19621101;19621130;   1;   2;    32.9;   -999;   -999;   10.0;eor
  2958;19621201;19621231;   1;   2;    44.4;   -999;   -999;   15.0;eor
  2958;19630101;19630131;   1;   2;    19.6;   -999;   -999;    5.7;eor
  2958;19630201;19630228;   1;   2;    14.9;   -999;   -999;    5.7;eor
  2958;19630301;19630331;   1;   2;    21.4;   -999;   -999;    6.5;eor
  2958;19630401;19630430;   1;   2;    33.0;   -999;   -999;   13.0;eor
  2958;19630501;19630531;   1;   2;    59.6;   -999;   -999;   17.0;eor
  2958;19630601;19630630;   1;   2;    77.6;   -999;   -999;   25.8;eor
  2958;19630701;19630731;   1;   2;    33.5;   -999;   -999;    9.5;eor
  2958;19630801;19630831;   1;   2;    52.4;   -999;   -999;   12.0;eor
  2958;19630901;19630930;   1;   2;    77.8;   -999;   -999;   14.4;eor
  2958;19631001;19631031;   1;   2;    29.1;   -999;   -999;    8.2;eor
  2958;19631101;19631130;   1;   2;    48.4;   -999;   -999;    8.2;eor
  2958;19631201;19631231;   1;   2;     8.5;   -999;   -999;    2.7;eor
  2958;19640101;19640131;   1;   2;    12.6;   -999;     69;    3.0;eor
  2958;19640201;19640229;   1;   2;    29.8;   -999;     29;    7.1;eor
  2958;19640301;19640331;   1;   2;    17.8;   -999;      2;   10.0;eor
  2958;19640401;19640430;   1;   2;    60.0;   -999;      0;   29.5;eor
  2958;19640501;19640531;   1;   2;    50.4;   -999;      0;   15.8;eor
  2958;19640601;19640630;   1;   2;    23.9;   -999;      0;    6.4;eor
  2958;19640701;19640731;   1;   2;    38.5;   -999;      0;   13.7;eor
  2958;19640801;19640831;   1;   2;   141.2;   -999;      0;   65.0;eor
  2958;19640901;19640930;   1;   2;    24.7;   -999;      0;    7.7;eor
  2958;19641001;19641031;   1;   2;   123.1;   -999;      0;   33.7;eor
  2958;19641101;19641130;   1;   2;    53.1;   -999;      6;   14.1;eor
  2958;19641201;19641231;   1;   2;    16.1;   -999;     43;    4.0;eor
  2958;19650101;19650131;   1;   2;    43.5;   -999;      7;   12.0;eor
  2958;19650201;19650228;   1;   2;    42.4;   -999;    244;    7.0;eor
  2958;19650301;19650331;   1;   2;    26.8;   -999;    271;    7.8;eor
  2958;19650401;19650430;   1;   2;    65.1;   -999;      0;   11.0;eor
  2958;19650501;19650531;   1;   2;   133.8;   -999;      0;   22.5;eor
  2958;19650601;19650630;   1;   2;    88.0;   -999;      0;   38.0;eor
  2958;19650701;19650731;   1;   2;    72.5;   -999;      0;   15.2;eor
  2958;19650801;19650831;   1;   2;    50.6;   -999;      0;   19.0;eor
  2958;19650901;19650930;   1;   2;    64.7;   -999;      0;   26.3;eor
  2958;19651001;19651031;   1;   2;     9.0;   -999;      0;    5.0;eor
  2958;19651101;19651130;   1;   2;    37.6;   -999;     42;    5.0;eor
  2958;19651201;19651231;   1;   2;    81.1;   -999;     12;   14.0;eor
  2958;19660101;19660131;   1;   2;    33.5;   -999;    532;    9.2;eor
  2958;19660201;19660228;   1;   2;    64.6;   -999;    169;    9.3;eor
  2958;19660301;19660331;   1;   2;    60.0;   -999;     29;   11.2;eor
  2958;19660401;19660430;   1;   2;    40.5;   -999;      0;   13.2;eor
  2958;19660501;19660531;   1;   2;    47.3;   -999;      0;   18.2;eor
  2958;19660601;19660630;   1;   2;   100.4;   -999;      0;   30.6;eor
  2958;19660701;19660731;   1;   2;   161.9;   -999;      0;   41.5;eor
  2958;19660801;19660831;   1;   2;    95.8;   -999;      0;   29.8;eor
  2958;19660901;19660930;   1;   2;    29.6;   -999;      0;   11.5;eor
  2958;19661001;19661031;   1;   2;    60.1;   -999;      0;   20.0;eor
  2958;19661101;19661130;   1;   2;    29.7;   -999;     13;    8.0;eor
  2958;19661201;19661231;   1;   2;    79.4;   -999;     15;   10.5;eor
  2958;19670101;19670131;   1;   2;    45.4;   -999;    130;    8.0;eor
  2958;19670201;19670228;   1;   2;    63.8;   -999;     14;   15.0;eor
  2958;19670301;19670331;   1;   2;    58.7;   -999;      0;    9.6;eor
  2958;19670401;19670430;   1;   2;    40.8;   -999;      0;    5.4;eor
  2958;19670501;19670531;   1;   2;   129.9;   -999;      0;   35.0;eor
  2958;19670601;19670630;   1;   2;   101.5;   -999;      0;   37.0;eor
  2958;19670701;19670731;   1;   2;    41.8;   -999;      0;   11.2;eor
  2958;19670801;19670831;   1;   2;    65.4;   -999;      0;   21.5;eor
  2958;19670901;19670930;   1;   2;   154.2;   -999;      0;   40.0;eor
  2958;19671001;19671031;   1;   2;    31.7;   -999;      0;    5.0;eor
  2958;19671101;19671130;   1;   2;    19.2;   -999;      0;    7.5;eor
  2958;19671201;19671231;   1;   2;    67.3;   -999;    265;    9.0;eor
  2958;19680101;19680131;   1;   2;    68.4;   -999;    360;   19.0;eor
  2958;19680201;19680229;   1;   2;    30.4;   -999;   -999;    7.5;eor
  2958;19680301;19680331;   1;   2;    41.2;   -999;     19;    6.5;eor
  2958;19680401;19680430;   1;   2;    70.9;   -999;      0;   20.0;eor
  2958;19680501;19680531;   1;   2;    84.9;   -999;      0;   19.5;eor
  2958;19680601;19680630;   1;   2;   100.6;   -999;      0;   26.0;eor
  2958;19680701;19680731;   1;   2;    54.0;   -999;      0;   10.0;eor
  2958;19680801;19680831;   1;   2;    90.4;   -999;      0;   18.0;eor
  2958;19680901;19680930;   1;   2;    88.1;   -999;      0;   20.0;eor
  2958;19681001;19681031;   1;   2;    39.9;   -999;      0;    6.0;eor
  2958;19681101;19681130;   1;   2;    68.6;   -999;      2;   13.1;eor
  2958;19681201;19681231;   1;   2;    -999;   -999;     73;    4.5;eor
  2958;19690101;19690131;   1;   2;    43.5;   -999;    184;   11.0;eor
  2958;19690201;19690228;   1;   2;    24.6;   -999;    108;   12.0;eor
  2958;19690301;19690331;   1;   2;    43.7;   -999;     30;    8.0;eor
  2958;19690401;19690430;   1;   2;    58.8;   -999;      0;   12.0;eor
  2958;19690501;19690531;   1;   2;    59.5;   -999;      0;   18.0;eor
  2958;19690601;19690630;   1;   2;   103.9;   -999;      0;   40.0;eor
  2958;19690701;19690731;   1;   2;    28.2;   -999;      4;    7.0;eor
  2958;19690801;19690831;   1;   2;    67.0;   -999;      0;   14.0;eor
  2958;19690901;19690930;   1;   2;    50.1;   -999;      0;   40.0;eor
  2958;19691001;19691031;   1;   2;    39.8;   -999;      0;   12.0;eor
  2958;19691101;19691130;   1;   2;    32.2;   -999;     35;   10.0;eor
  2958;19691201;19691231;   1;   2;     9.0;   -999;    130;    4.0;eor
  2958;19700101;19700131;   1;   2;    27.4;   -999;    933;   11.5;eor
  2958;19700201;19700228;   1;   2;    54.4;   -999;    362;    7.1;eor
  2958;19700301;19700331;   1;   2;    28.8;   -999;   1072;    6.3;eor
  2958;19700401;19700430;   1;   2;    79.0;   -999;      4;   18.0;eor
  2958;19700501;19700531;   1;   2;    72.5;   -999;      0;   23.1;eor
  2958;19700601;19700630;   1;   2;    41.2;   -999;      0;    8.0;eor
  2958;19700701;19700731;   1;   2;    66.2;   -999;      0;   20.0;eor
  2958;19700801;19700831;   1;   2;    98.5;   -999;      0;   21.0;eor
  2958;19700901;19700930;   1;   2;    32.3;   -999;      0;    7.5;eor
  2958;19701001;19701031;   1;   2;    76.1;   -999;      0;   20.0;eor
  2958;19701101;19701130;   1;   2;    65.4;   -999;      3;   21.0;eor
  2958;19701201;19701231;   1;   2;    49.5;   -999;    122;   14.0;eor
  2958;19710101;19710131;   1;   2;    16.8;   -999;    616;    6.5;eor
  2958;19710201;19710228;   1;   2;    39.0;   -999;     47;    7.5;eor
  2958;19710301;19710331;   1;   2;    19.5;   -999;    414;    3.0;eor
  2958;19710401;19710430;   1;   2;    49.7;   -999;      0;   14.5;eor
  2958;19710501;19710531;   1;   2;    30.4;   -999;      0;    7.5;eor
  2958;19710601;19710630;   1;   2;   142.5;   -999;      0;   40.0;eor
  2958;19710701;19710731;   1;   2;    55.4;   -999;      0;   41.7;eor
  2958;19710801;19710831;   1;   2;    77.4;   -999;      0;   37.0;eor
  2958;19710901;19710930;   1;   2;    62.1;   -999;      0;   16.0;eor
  2958;19711001;19711031;   1;   2;    27.0;   -999;      0;   17.2;eor
  2958;19711101;19711130;   1;   2;    65.3;   -999;     36;   11.0;eor
  2958;19711201;19711231;   1;   2;    61.3;   -999;      0;   10.0;eor
  2958;19720101;19720131;   1;   2;    21.0;   -999;     68;   12.0;eor
  2958;19720201;19720229;   1;   2;    10.5;   -999;     30;    3.0;eor
  2958;19720301;19720331;   1;   2;    49.3;   -999;      0;   13.0;eor
  2958;19720401;19720430;   1;   2;    31.9;   -999;      0;    5.4;eor
  2958;19720501;19720531;   1;   2;   104.5;   -999;      0;   37.0;eor
  2958;19720601;19720601;-999;-999;    -999;   -999;   -999;    1.4;eor
  2958;19890101;19890131;  10;   2;    20.0;   -999;      4;    5.1;eor
  2958;19890201;19890228;  10;   2;    28.1;   -999;      0;    5.1;eor
  2958;19890301;19890331;  10;   2;    19.9;   -999;      0;    4.8;eor
  2958;19890401;19890430;  10;   2;    49.9;   -999;      0;    8.5;eor
  2958;19890501;19890531;  10;   2;    25.2;   -999;      0;   10.1;eor
  2958;19890601;19890630;  10;   2;    47.5;   -999;      0;   16.3;eor
  2958;19890701;19890731;  10;   2;    48.1;   -999;      0;   14.8;eor
  2958;19890801;19890831;  10;   2;    43.9;   -999;      0;   14.2;eor
  2958;19890901;19890930;  10;   2;    71.1;   -999;      0;   17.7;eor
  2958;19891001;19891031;  10;   2;    32.4;   -999;      0;   14.3;eor
  2958;19891101;19891130;  10;   2;    61.6;   -999;     43;   13.3;eor
  2958;19891201;19891231;  10;   2;    32.8;   -999;      4;    6.2;eor
  2958;19900101;19900131;  10;   2;    14.9;   -999;      0;    5.3;eor
  2958;19900201;19900228;  10;   2;    39.5;   -999;      3;   12.1;eor
  2958;19900301;19900331;  10;   2;    25.4;   -999;      4;   10.9;eor
  2958;19900401;19900430;  10;   2;    46.7;   -999;      0;   10.8;eor
  2958;19900501;19900531;  10;   2;    10.5;   -999;      0;    3.5;eor
  2958;19900601;19900630;  10;   2;    67.8;   -999;      0;   16.7;eor
  2958;19900701;19900731;  10;   2;    19.6;   -999;      0;   10.0;eor
  2958;19900801;19900831;  10;   2;    48.7;   -999;      0;   10.6;eor
  2958;19900901;19900930;  10;   2;    52.9;   -999;      0;    7.1;eor
  2958;19901001;19901031;  10;   2;    32.3;   -999;      0;    7.5;eor
  2958;19901101;19901130;  10;   2;    64.1;   -999;      0;   23.1;eor
  2958;19901201;19901231;  10;   2;    37.1;   -999;      4;    9.0;eor
  2958;19910101;19910131;   9;   2;    15.5;      1;      1;    2.7;eor
  2958;19910201;19910228;   9;   2;    12.6;     17;    112;    3.8;eor
  2958;19910301;19910331;   9;   2;    21.7;      0;      0;    9.6;eor
  2958;19910401;19910430;   9;   2;    41.6;      2;      2;    8.0;eor
  2958;19910501;19910531;   9;   2;    56.6;      0;      0;   19.3;eor
  2958;19910601;19910630;   9;   2;    81.3;      0;      0;   23.2;eor
  2958;19910701;19910731;   9;   2;    16.1;      0;      0;    5.0;eor
  2958;19910801;19910831;   9;   2;   119.8;      0;      0;   53.4;eor
  2958;19910901;19910930;   9;   2;    19.9;      0;      0;    7.0;eor
  2958;19911001;19911031;   9;   2;    17.3;      0;      0;    6.3;eor
  2958;19911101;19911130;   9;   2;    43.2;      0;      0;   11.5;eor
  2958;19911201;19911231;   9;   2;    76.0;      5;      8;   15.5;eor
  2958;19920101;19920131;   9;   2;    43.3;      0;      0;   10.7;eor
  2958;19920201;19920229;   9;   2;    45.8;      3;      6;    6.4;eor
  2958;19920301;19920331;   9;   2;    77.5;      2;      3;   16.6;eor
  2958;19920401;19920430;   9;   2;    29.1;      0;      0;    7.7;eor
  2958;19920501;19920531;   9;   2;    19.0;      0;      0;    8.2;eor
  2958;19920601;19920630;   9;   2;    69.6;      0;      0;   34.2;eor
  2958;19920701;19920731;   9;   2;    70.2;      0;      0;   25.1;eor
  2958;19920801;19920831;   9;   2;    20.6;      0;      0;    9.6;eor
  2958;19920901;19920930;   9;   2;    35.2;      0;      0;   12.4;eor
  2958;19921001;19921031;   9;   2;    52.2;      0;      0;   11.0;eor
  2958;19921101;19921130;   9;   2;    44.4;      0;      0;    8.0;eor
  2958;19921201;19921231;   9;   2;    46.1;      4;      5;   12.1;eor
  2958;19930101;19930131;   9;   2;    44.0;      6;     18;    7.6;eor
  2958;19930201;19930228;   9;   2;    40.4;     26;    114;    7.0;eor
  2958;19930301;19930331;   9;   2;    28.0;      7;     68;    6.0;eor
  2958;19930401;19930430;   9;   2;    22.5;      0;      0;   10.0;eor
  2958;19930501;19930531;   9;   2;    43.6;      0;      0;   12.2;eor
  2958;19930601;19930630;   9;   2;    76.2;      0;      0;   12.6;eor
  2958;19930701;19930731;   9;   2;   183.9;      0;      0;   66.1;eor
  2958;19930801;19930831;   9;   2;    72.8;      0;      0;   21.5;eor
  2958;19930901;19930930;   9;   2;    85.1;      0;      0;   22.4;eor
  2958;19931001;19931031;   9;   2;    54.7;      0;      0;   17.6;eor
  2958;19931101;19931130;   9;   2;    66.8;     29;    117;   20.4;eor
  2958;19931201;19931231;   9;   2;    76.2;      2;     47;   15.0;eor
  2958;19940101;19940131;   9;   2;    54.3;      3;      3;    9.1;eor
  2958;19940201;19940228;   9;   2;    18.7;      7;      8;    4.5;eor
  2958;19940301;19940331;   9;   2;   107.2;      1;      1;   20.8;eor
  2958;19940401;19940430;   9;   2;    52.3;      0;      0;   18.6;eor
  2958;19940501;19940531;   9;   2;   104.8;      0;      0;   37.0;eor
  2958;19940601;19940630;   9;   2;    44.7;      0;      0;    7.7;eor
  2958;19940701;19940731;   9;   2;    50.0;      0;      0;   44.2;eor
  2958;19940801;19940831;   9;   2;   140.3;      0;      0;   54.9;eor
  2958;19940901;19940930;   9;   2;    61.1;      0;      0;   34.7;eor
  2958;19941001;19941031;   9;   2;    33.2;      0;      0;    8.0;eor
  2958;19941101;19941130;   9;   2;    42.6;      0;      0;   13.3;eor
  2958;19941201;19941231;   9;   2;    54.4;      4;      8;   13.5;eor
  2958;19950101;19950131;   9;   2;    49.7;     29;    198;    7.0;eor
  2958;19950201;19950228;   9;   2;    32.8;      1;      1;    5.2;eor
  2958;19950301;19950331;   9;   2;    38.0;      2;      2;    7.5;eor
  2958;19950401;19950430;   9;   2;    51.1;      0;      0;    7.0;eor
  2958;19950501;19950531;   9;   2;    95.9;      0;      0;   42.0;eor
  2958;19950601;19950630;   9;   2;   158.7;      0;      0;   45.3;eor
  2958;19950701;19950731;   9;   2;    30.7;      0;      0;   12.7;eor
  2958;19950801;19950831;   9;   2;    71.5;      0;      0;   36.3;eor
  2958;19950901;19950930;   9;   2;    95.1;      0;      0;   26.0;eor
  2958;19951001;19951031;   9;   2;    11.0;      0;      0;    3.6;eor
  2958;19951101;19951130;   9;   2;    56.0;      3;      3;   11.5;eor
  2958;19951201;19951231;   9;   2;    35.4;      9;     20;    8.0;eor
  2958;19960101;19960131;   9;   2;     4.0;      2;      2;    1.6;eor
  2958;19960201;19960229;   9;   2;    45.1;     19;     32;   13.4;eor
  2958;19960301;19960331;   9;   2;    26.4;     12;     43;    6.5;eor
  2958;19960401;19960430;   9;   2;    19.8;      9;     11;    4.0;eor
  2958;19960501;19960531;   9;   2;   113.3;      0;      0;   40.0;eor
  2958;19960601;19960630;   9;   2;    51.4;      0;      0;   17.2;eor
  2958;19960701;19960731;   9;   2;   100.0;      0;      0;   44.9;eor
  2958;19960801;19960831;   9;   2;    96.1;      0;      0;   19.4;eor
  2958;19960901;19960930;   9;   2;    55.8;      0;      0;   13.2;eor
  2958;19961001;19961031;   9;   2;    36.4;      0;      0;   15.3;eor
  2958;19961101;19961130;   9;   2;    28.3;      6;      6;    4.5;eor
  2958;19961201;19961231;   9;   2;    27.6;     18;     81;    6.4;eor
  2958;19970101;19970131;   9;   2;    12.0;      4;     90;    4.8;eor
  2958;19970201;19970228;   9;   2;    52.1;      5;      7;   12.7;eor
  2958;19970301;19970331;   9;   2;    42.2;      7;      7;   18.2;eor
  2958;19970401;19970430;   9;   2;    60.4;      3;      3;   15.7;eor
  2958;19970501;19970531;   9;   2;    79.7;      0;      0;   22.5;eor
  2958;19970601;19970630;   9;   2;    54.3;      0;      0;   15.5;eor
  2958;19970701;19970731;   9;   2;   139.6;      0;      0;   27.3;eor
  2958;19970801;19970831;   9;   2;    60.1;      0;      0;   37.6;eor
  2958;19970901;19970930;   9;   2;    27.1;      0;      0;   13.8;eor
  2958;19971001;19971031;   9;   2;    62.8;      0;      0;   10.7;eor
  2958;19971101;19971130;   9;   2;    25.2;      0;      0;   11.1;eor
  2958;19971201;19971231;   9;   2;    52.5;      6;      8;    8.3;eor
  2958;19980101;19980131;   9;   2;    30.0;      4;      4;    7.7;eor
  2958;19980201;19980228;   9;   2;    12.7;      2;     11;    3.1;eor
  2958;19980301;19980331;   9;   2;    70.4;      2;      2;   12.9;eor
  2958;19980401;19980430;   9;   2;    41.0;      0;      0;   15.4;eor
  2958;19980501;19980531;   9;   2;    35.0;      0;      0;   12.5;eor
  2958;19980601;19980630;   9;   2;    82.7;      0;      0;   13.8;eor
  2958;19980701;19980731;   9;   2;    57.6;      0;      0;    8.7;eor
  2958;19980801;19980831;   9;   2;    63.7;      0;      0;   11.8;eor
  2958;19980901;19980930;   9;   2;    97.9;      0;      0;   20.0;eor
  2958;19981001;19981031;   9;   2;    76.7;      0;      0;   10.6;eor
  2958;19981101;19981130;   9;   2;    46.1;      6;     37;   17.2;eor
  2958;19981201;19981231;   9;   2;    28.2;     31;    150;    6.4;eor
  2958;19990101;19990131;   9;   2;    25.3;     13;     29;    5.0;eor
  2958;19990201;19990228;   9;   2;    78.5;     52;    130;   15.3;eor
  2958;19990301;19990331;   9;   2;    44.9;      0;      0;   11.3;eor
  2958;19990401;19990430;   9;   2;    47.5;      0;      0;   18.1;eor
  2958;19990501;19990531;   9;   2;    25.0;      0;      0;    4.9;eor
  2958;19990601;19990630;   9;   2;   100.1;      0;      0;   33.3;eor
  2958;19990701;19990731;   9;   2;    73.6;      0;      0;   44.4;eor
  2958;19990801;19990831;   9;   2;    42.5;      0;      0;   23.2;eor
  2958;19990901;19990930;   9;   2;    33.7;      0;      0;   18.9;eor
  2958;19991001;19991031;   9;   2;    27.9;      0;      0;    7.0;eor
  2958;19991101;19991130;   9;   2;    21.3;   -999;   -999;    3.5;eor
  2958;19991201;19991231;   9;   2;    31.0;      7;      8;    6.8;eor
  2958;20000101;20000131;   9;   2;    55.1;     15;     47;   15.9;eor
  2958;20000201;20000229;   9;   2;    68.8;      9;     10;    9.4;eor
  2958;20000301;20000331;   9;   2;   104.9;     15;     17;   24.4;eor
  2958;20000401;20000430;   9;   2;    18.4;      0;      0;    6.3;eor
  2958;20000501;20000531;   9;   2;    55.7;      0;      0;   10.0;eor
  2958;20000601;20000630;   9;   2;    40.4;      0;      0;   10.8;eor
  2958;20000701;20000731;   9;   2;   102.2;      0;      0;   16.3;eor
  2958;20000801;20000831;   9;   2;    60.3;      0;      0;   31.7;eor
  2958;20000901;20000930;   9;   2;    30.9;      0;      0;   10.2;eor
  2958;20001001;20001031;   9;   2;    25.0;      0;      0;    7.2;eor
  2958;20001101;20001130;   9;   2;    30.3;      0;      0;    7.7;eor
  2958;20001201;20001231;   9;   2;    28.1;      7;     11;   10.2;eor
  2958;20010101;20010131;   9;   2;    26.2;      4;     16;    7.4;eor
  2958;20010201;20010228;   9;   2;    39.7;     28;     85;    9.2;eor
  2958;20010301;20010331;   9;   2;    93.4;     17;     30;   18.0;eor
  2958;20010401;20010430;   9;   2;    59.5;      1;      1;    9.5;eor
  2958;20010501;20010531;   9;   2;    46.7;      0;      0;   18.2;eor
  2958;20010601;20010630;   9;   2;    33.4;      0;      0;    5.6;eor
  2958;20010701;20010731;   9;   2;    97.9;      0;      0;   24.7;eor
  2958;20010801;20010831;   9;   2;    95.0;      0;      0;   31.2;eor
  2958;20010901;20010930;   9;   2;   133.6;      0;      0;   57.6;eor
  2958;20011001;20011031;   9;   2;    26.3;      0;      0;   10.0;eor
  2958;20011101;20011130;   9;   2;    63.2;      5;      5;   14.0;eor
  2958;20011201;20011231;   9;   2;    85.1;     46;     61;   13.0;eor
  2958;20020101;20020131;   9;   2;    29.4;      9;     63;    5.0;eor
  2958;20020201;20020228;   9;   2;    56.1;      1;      1;    6.8;eor
  2958;20020301;20020331;   9;   2;    28.6;      0;      0;    7.0;eor
  2958;20020401;20020430;   9;   2;    68.5;      1;      1;   30.7;eor
  2958;20020501;20020531;   9;   2;    74.5;      0;      0;   28.0;eor
  2958;20020601;20020630;   9;   2;    56.4;      0;      0;   17.9;eor
  2958;20020701;20020731;   9;   2;    72.7;      0;      0;   17.5;eor
  2958;20020801;20020831;   9;   2;   142.0;      0;      0;   51.1;eor
  2958;20020901;20020930;   9;   2;    35.0;      0;      0;    8.2;eor
  2958;20021001;20021031;   9;   2;    68.2;      0;      0;    9.0;eor
  2958;20021101;20021130;   9;   2;    93.8;      0;      0;   16.0;eor
  2958;20021201;20021231;   9;   2;    33.5;     25;     63;   10.3;eor
  2958;20030101;20030131;   9;   2;    60.3;      8;     57;   12.9;eor
  2958;20030201;20030228;   9;   2;    20.4;     15;     73;    9.5;eor
  2958;20030301;20030331;   9;   2;    26.0;      1;      1;    8.3;eor
  2958;20030401;20030430;   9;   2;    22.6;      9;      9;   10.0;eor
  2958;20030501;20030531;   9;   2;    25.1;      0;      0;   11.2;eor
  2958;20030601;20030630;   9;   2;    32.1;      0;      0;    8.9;eor
  2958;20030701;20030731;   9;   2;    84.1;      0;      0;   21.1;eor
  2958;20030801;20030831;   9;   2;     2.6;      0;      0;    1.1;eor
  2958;20030901;20030930;   9;   2;    40.4;      0;      0;   15.0;eor
  2958;20031001;20031031;   9;   2;    29.2;      0;      0;    5.7;eor
  2958;20031101;20031130;   9;   2;    21.9;      0;      0;    8.7;eor
  2958;20031201;20031231;   9;   2;    33.4;      6;     10;    9.6;eor
  2958;20040101;20040131;   9;   2;    79.5;     53;    255;   13.9;eor
  2958;20040201;20040229;   9;   2;    29.7;      9;     22;    8.8;eor
  2958;20040301;20040331;   9;   2;    39.9;      8;     10;   11.6;eor
  2958;20040401;20040430;   9;   2;    36.5;      0;      0;   10.6;eor
  2958;20040501;20040531;   9;   2;    63.0;      0;      0;   28.1;eor
  2958;20040601;20040630;   9;   2;    60.2;      0;      0;    8.2;eor
  2958;20040701;20040731;   9;   2;    94.8;      0;      0;   19.8;eor
  2958;20040801;20040831;   9;   2;    52.2;      0;      0;   19.6;eor
  2958;20040901;20040930;   9;   2;    28.1;      0;      0;    8.0;eor
  2958;20041001;20041031;   9;   2;    40.1;      0;      0;   11.7;eor
  2958;20041101;20041130;   9;   2;    89.0;      6;      9;   12.6;eor
  2958;20041201;20041231;   9;   2;    26.5;      0;      0;   10.6;eor
  2958;20050101;20050131;   9;   2;    77.5;     15;     85;   25.8;eor
  2958;20050201;20050228;   9;   2;    38.8;     37;    270;   16.0;eor
  2958;20050301;20050331;   9;   2;    22.0;     14;    316;    6.0;eor
  2958;20050401;20050430;   9;   2;    14.4;      0;      0;    7.1;eor
  2958;20050501;20050531;   9;   2;    61.0;      0;      0;   14.1;eor
  2958;20050601;20050630;   9;   2;    41.8;      0;      0;   10.6;eor
  2958;20050701;20050731;   9;   2;   121.0;      0;      0;   37.4;eor
  2958;20050801;20050831;   9;   2;    69.3;      0;      0;   13.3;eor
  2958;20050901;20050930;   9;   2;    37.7;      0;      0;   10.4;eor
  2958;20051001;20051031;   9;   2;    15.4;      0;      0;    7.6;eor
  2958;20051101;20051130;   9;   2;    29.6;     12;     29;    6.9;eor
  2958;20051201;20051231;   9;   2;    72.7;     30;     74;   18.3;eor
  2958;20060101;20060131;   9;   2;    11.5;      9;     52;    4.5;eor
  2958;20060201;20060228;   9;   2;    28.7;     16;     50;   13.2;eor
  2958;20060301;20060331;   9;   2;    49.5;     45;    162;    9.9;eor
  2958;20060401;20060430;   9;   2;    37.0;      0;      0;    9.5;eor
  2958;20060501;20060531;   9;   2;    57.4;      0;      0;   14.1;eor
  2958;20060601;20060630;   9;   2;    48.1;      0;      0;   17.6;eor
  2958;20060701;20060731;   9;   2;     8.6;      0;      0;    5.3;eor
  2958;20060801;20060831;   9;   2;   136.4;      0;      0;   29.6;eor
  2958;20060901;20060930;   9;   2;    37.8;      0;      0;   27.7;eor
  2958;20061001;20061031;   9;   2;    73.7;      0;      0;   17.7;eor
  2958;20061101;20061130;   9;   2;    52.3;      0;      0;   19.6;eor
  2958;20061201;20061231;   9;   2;    34.9;      4;      4;   15.9;eor
  2958;20070101;20070131;   9;   2;    68.0;     17;     54;   17.6;eor
  2958;20070201;20070228;   9;   2;    50.4;   -999;   -999;    7.6;eor
  2958;20070301;20070331;   9;   2;    38.3;   -999;   -999;    8.8;eor
  2958;20070401;20070430;   9;   2;     2.2;   -999;   -999;    1.2;eor
  2958;20070501;20070531;   9;   2;    90.5;      0;      0;   23.7;eor
  2958;20070601;20070630;   9;   2;    36.0;      0;      0;   10.5;eor
  2958;20070701;20070731;   9;   2;    77.3;      0;      0;   21.1;eor
  2958;20070801;20070831;   9;   2;    59.4;      0;      0;   32.5;eor
  2958;20070901;20070930;   9;   2;    64.5;      0;      0;   16.7;eor
  2958;20071001;20071031;   9;   2;    14.6;      0;      0;    3.3;eor
  2958;20071101;20071130;   9;   2;    69.2;      4;      5;   14.5;eor
  2958;20071201;20071231;   9;   2;    29.2;      0;      0;    8.6;eor
  2958;20080101;20080131;   9;   2;    62.3;      8;     13;   13.0;eor
  2958;20080201;20080229;   9;   2;    32.4;      0;      0;   13.7;eor
  2958;20080301;20080331;   9;   2;    50.5;      3;      3;   10.0;eor
  2958;20080401;20080430;   9;   2;    58.9;      0;      0;   13.4;eor
  2958;20080501;20080531;   9;   2;    25.1;      0;      0;    9.7;eor
  2958;20080601;20080630;   9;   2;    53.1;      0;      0;   25.4;eor
  2958;20080701;20080731;   9;   2;    99.7;      0;      0;   30.5;eor
  2958;20080801;20080831;   9;   2;    89.5;      0;      0;   23.5;eor
  2958;20080901;20080930;   9;   2;    31.0;      0;      0;    5.6;eor
  2958;20081001;20081031;   9;   2;   101.0;      0;      0;   32.2;eor
  2958;20081101;20081130;   9;   2;    41.6;      7;     17;    8.3;eor
  2958;20081201;20081231;   9;   2;    47.1;      3;      3;   10.1;eor
  2958;20090101;20090131;   9;   2;    33.8;     23;    190;    9.1;eor
  2958;20090201;20090228;   9;   2;    48.2;     34;    141;    9.5;eor
  2958;20090301;20090331;   9;   2;    64.5;      9;      9;   14.2;eor
  2958;20090401;20090430;   9;   2;     2.0;      0;      0;    1.0;eor
  2958;20090501;20090531;   9;   2;   100.7;      0;      0;   23.1;eor
  2958;20090601;20090630;   9;   2;    85.6;      0;      0;   19.6;eor
  2958;20090701;20090731;   9;   2;    85.1;      0;      0;   17.5;eor
  2958;20090801;20090831;   9;   2;    45.1;      0;      0;   13.6;eor
  2958;20090901;20090930;   9;   2;    24.9;      0;      0;    8.3;eor
  2958;20091001;20091031;   9;   2;    67.9;      0;      0;    9.7;eor
  2958;20091101;20091130;   9;   2;    29.9;      0;      0;    8.7;eor
  2958;20091201;20091231;   9;   2;    52.4;     12;     31;    9.0;eor
  2958;20100101;20100131;   9;   2;    30.5;     43;    402;    5.7;eor
  2958;20100201;20100228;   9;   2;    17.8;     12;    385;    5.5;eor
  2958;20100301;20100331;   9;   2;    49.0;     14;     23;   11.2;eor
  2958;20100401;20100430;   9;   2;    25.8;      0;      0;   12.7;eor
  2958;20100501;20100531;   9;   2;   115.6;      0;      0;   19.4;eor
  2958;20100601;20100630;   9;   2;    45.9;      0;      0;   21.3;eor
  2958;20100701;20100731;   9;   2;   121.5;      0;      0;   40.9;eor
  2958;20100801;20100807;-999;-999;    -999;   -999;   -999;   14.3;eor
  2958;20100901;20100930;   9;   2;   138.5;   -999;   -999;   59.2;eor
  2958;20101001;20101031;  10;   2;     7.2;   -999;   -999;    3.9;eor
  2958;20101101;20101130;   7;   2;    84.3;     18;     22;   20.5;eor
  2958;20101201;20101231;   7;   2;    76.8;     70;    431;   15.8;eor
  2958;20110101;20110131;   3;   2;    48.6;     16;    132;    7.3;eor
  2958;20110201;20110228;   3;   2;    11.2;      1;     24;    5.4;eor
  2958;20110301;20110331;   3;   2;    25.6;      0;      0;   11.3;eor
  2958;20110401;20110430;   3;   2;    24.1;      0;      0;    7.2;eor
  2958;20110501;20110531;   3;   2;    46.4;   -999;   -999;   14.2;eor
  2958;20110601;20110630;   3;   2;    75.3;      0;      0;   22.0;eor
  2958;20110701;20110731;   3;   2;   182.3;      0;      0;   54.6;eor
  2958;20110801;20110831;   3;   2;   112.0;      0;      0;   42.0;eor
  2958;20110901;20110930;   3;   2;    51.6;      0;      0;   19.4;eor
  2958;20111001;20111031;   3;   2;    27.9;      0;      0;    6.7;eor
  2958;20111101;20111130;   3;   2;     0.1;      0;      0;    0.1;eor
  2958;20111201;20111231;   3;   2;    59.7;      2;      2;   12.4;eor
  2958;20120101;20120131;   3;   2;   103.5;      5;      6;   14.5;eor
  2958;20120201;20120229;   3;   2;    46.9;     16;     57;    9.9;eor
  2958;20120301;20120331;   3;   2;    20.5;      0;      0;    8.9;eor
  2958;20120401;20120430;   3;   2;    45.3;      2;      2;   17.8;eor
  2958;20120501;20120531;   3;   2;    44.3;      0;      0;   14.8;eor
  2958;20120601;20120630;   3;   2;    86.2;      0;      0;   27.4;eor
  2958;20120701;20120731;   3;   2;   195.8;      0;      0;   55.3;eor
  2958;20120801;20120831;   3;   2;   115.6;      0;      0;   55.2;eor
  2958;20120901;20120930;   3;   2;    29.9;      0;      0;   12.6;eor
  2958;20121001;20121031;   3;   2;    20.0;      3;      4;    7.9;eor
  2958;20121101;20121130;   3;   2;    70.2;      0;      0;   19.1;eor
  2958;20121201;20121231;   3;   2;    39.1;     23;     69;   16.5;eor
  2958;20130101;20130131;   3;   2;    71.0;     17;    136;   12.6;eor
  2958;20130201;20130228;   3;   2;    39.2;     33;    107;    6.2;eor
  2958;20130301;20130331;   3;   2;    37.7;     23;     74;    7.3;eor
  2958;20130401;20130430;   3;   2;    25.3;      2;      3;    5.1;eor
  2958;20130501;20130531;   3;   2;    85.5;      0;      0;   19.8;eor
  2958;20130601;20130630;-999;-999;    -999;   -999;   -999;   27.1;eor
  2958;20130701;20130731;   3;   2;    82.1;      0;      0;   39.5;eor
  2958;20130801;20130831;   3;   2;    43.6;      0;      0;   11.6;eor
  2958;20130901;20130930;   3;   2;    76.5;      0;      0;   15.2;eor
  2958;20131001;20131031;   3;   2;    39.5;      0;      0;   10.3;eor
  2958;20131101;20131130;   3;   2;    32.0;      0;      0;    6.0;eor
  2958;20131201;20131231;   3;   2;    33.7;      4;      5;    8.2;eor
  2958;20140101;20140131;   3;   2;    26.3;      5;     23;    4.9;eor
  2958;20140201;20140228;   3;   2;     2.4;   -999;   -999;    0.8;eor
  2958;20140301;20140331;   3;   2;    48.2;   -999;   -999;   12.3;eor
  2958;20140401;20140430;   3;   2;    33.4;   -999;   -999;   11.0;eor
  2958;20140501;20140531;   3;   2;    84.6;   -999;   -999;   28.1;eor
  2958;20140601;20140630;   3;   2;    43.3;   -999;   -999;   19.5;eor
  2958;20140701;20140731;   3;   2;    92.1;   -999;   -999;   46.2;eor
  2958;20140801;20140831;   3;   2;    97.2;   -999;   -999;   24.2;eor
  2958;20140901;20140930;   3;   2;    63.8;   -999;   -999;   16.7;eor
  2958;20141001;20141031;   3;   2;    49.8;   -999;   -999;   12.9;eor
  2958;20141101;20141130;   3;   2;    13.2;   -999;   -999;    8.5;eor
  2958;20141201;20141231;   3;   2;    37.7;      3;     11;    5.7;eor
