STATIONS_ID; MESS_DATUM_BEGINN; MESS_DATUM_ENDE; QUALITAETS_NIVEAU; ART; NIEDERSCHLAGSHOEHE;NEUSCHNEEHOEHE;SCHNEEHOEHE; max(NIEDERSCHLAGSHOEHE);eor
  3747;19370101;19370131;   5;   2;    69.0;   -999;   -999;-999;eor
  3747;19370201;19370228;   5;   2;   101.0;   -999;   -999;-999;eor
  3747;19370301;19370331;   5;   2;    70.0;   -999;   -999;-999;eor
  3747;19370401;19370430;   5;   2;   111.0;   -999;   -999;-999;eor
  3747;19370501;19370531;   5;   2;    41.0;   -999;   -999;-999;eor
  3747;19370601;19370630;   5;   2;    80.0;   -999;   -999;-999;eor
  3747;19370701;19370731;   5;   2;    22.0;   -999;   -999;-999;eor
  3747;19370801;19370831;   5;   2;    49.0;   -999;   -999;-999;eor
  3747;19370901;19370930;   5;   2;    62.0;   -999;   -999;-999;eor
  3747;19371001;19371031;   5;   2;    32.0;   -999;   -999;-999;eor
  3747;19371101;19371130;   5;   2;    31.0;   -999;   -999;-999;eor
  3747;19371201;19371231;   5;   2;    39.0;   -999;   -999;-999;eor
  3747;19380101;19380131;   5;   2;    88.0;   -999;   -999;-999;eor
  3747;19380201;19380228;   5;   2;    60.0;   -999;   -999;-999;eor
  3747;19380301;19380331;   5;   2;    24.0;   -999;   -999;-999;eor
  3747;19380401;19380430;   5;   2;    38.0;   -999;   -999;-999;eor
  3747;19380501;19380531;   5;   2;    60.0;   -999;   -999;-999;eor
  3747;19380601;19380630;   5;   2;    91.0;   -999;   -999;-999;eor
  3747;19380701;19380731;   5;   2;   118.0;   -999;   -999;-999;eor
  3747;19380801;19380831;   5;   2;   203.0;   -999;   -999;-999;eor
  3747;19380901;19380930;   5;   2;    62.0;   -999;   -999;-999;eor
  3747;19381001;19381031;   5;   2;    52.0;   -999;   -999;-999;eor
  3747;19381101;19381130;   5;   2;    29.0;   -999;   -999;-999;eor
  3747;19381201;19381231;   5;   2;    61.0;   -999;   -999;-999;eor
  3747;19390101;19390131;   5;   2;    98.0;   -999;   -999;-999;eor
  3747;19390201;19390228;   5;   2;    37.0;   -999;   -999;-999;eor
  3747;19390301;19390331;   5;   2;   110.0;   -999;   -999;-999;eor
  3747;19390401;19390430;   5;   2;    78.0;   -999;   -999;-999;eor
  3747;19390501;19390531;   5;   2;   110.0;   -999;   -999;-999;eor
  3747;19390601;19390630;   5;   2;    33.0;   -999;   -999;-999;eor
  3747;19390701;19390731;   5;   2;   109.0;   -999;   -999;-999;eor
  3747;19390801;19390831;   5;   2;    48.0;   -999;   -999;-999;eor
  3747;19390901;19390930;   5;   2;   113.0;   -999;   -999;-999;eor
  3747;19391001;19391031;   5;   2;   149.0;   -999;   -999;-999;eor
  3747;19391101;19391130;   5;   2;    82.0;   -999;   -999;-999;eor
  3747;19391201;19391231;   5;   2;    41.0;   -999;   -999;-999;eor
  3747;19400101;19400131;   5;   2;    39.0;   -999;   -999;-999;eor
  3747;19400201;19400229;   5;   2;    60.0;   -999;   -999;-999;eor
  3747;19400301;19400331;   5;   2;   107.0;   -999;   -999;-999;eor
  3747;19400401;19400430;   5;   2;    51.0;   -999;   -999;-999;eor
  3747;19400501;19400531;   5;   2;    34.0;   -999;   -999;-999;eor
  3747;19400601;19400630;   5;   2;    95.0;   -999;   -999;-999;eor
  3747;19400701;19400731;   5;   2;   112.0;   -999;   -999;-999;eor
  3747;19400801;19400831;   5;   2;    74.0;   -999;   -999;-999;eor
  3747;19400901;19400930;   5;   2;   129.0;   -999;   -999;-999;eor
  3747;19401001;19401031;   5;   2;    23.0;   -999;   -999;-999;eor
  3747;19401101;19401130;   5;   2;    67.0;   -999;   -999;-999;eor
  3747;19401201;19401231;   5;   2;    52.0;   -999;   -999;-999;eor
  3747;19410101;19410131;   5;   2;    81.6;   -999;    615;   16.1;eor
  3747;19410201;19410228;   5;   2;    58.4;   -999;   -999;   16.9;eor
  3747;19410301;19410331;   5;   2;    77.7;   -999;   -999;   20.3;eor
  3747;19410401;19410430;   5;   2;    89.8;   -999;   -999;   39.6;eor
  3747;19410501;19410531;   5;   2;    69.3;   -999;   -999;   19.4;eor
  3747;19410601;19410630;   5;   2;    96.5;   -999;   -999;   26.1;eor
  3747;19410701;19410731;   5;   2;    65.0;   -999;   -999;   12.1;eor
  3747;19410801;19410831;   5;   2;   120.7;   -999;   -999;   28.5;eor
  3747;19410901;19410930;   5;   2;    30.2;   -999;   -999;   10.5;eor
  3747;19411001;19411031;   5;   2;   141.1;   -999;   -999;   20.0;eor
  3747;19411101;19411130;   5;   2;    29.1;   -999;   -999;   10.1;eor
  3747;19411201;19411231;   5;   2;    77.3;   -999;   -999;   24.9;eor
  3747;19420101;19420131;   5;   2;    62.2;   -999;    312;   18.5;eor
  3747;19420201;19420228;   5;   2;    35.2;   -999;   1127;    9.5;eor
  3747;19420301;19420331;   5;   2;    54.3;   -999;   -999;   18.4;eor
  3747;19420401;19420430;   5;   2;    59.0;   -999;   -999;   19.6;eor
  3747;19420501;19420531;   5;   2;    97.8;   -999;   -999;   21.5;eor
  3747;19420601;19420630;   5;   2;    60.9;   -999;   -999;   17.2;eor
  3747;19420701;19420731;   5;   2;    93.3;   -999;   -999;   15.6;eor
  3747;19420801;19420831;   5;   2;    82.8;   -999;   -999;   57.1;eor
  3747;19420901;19420930;   5;   2;    53.2;   -999;   -999;   15.1;eor
  3747;19421001;19421031;   5;   2;    92.6;   -999;   -999;   15.4;eor
  3747;19421101;19421130;   5;   2;    67.1;   -999;   -999;   20.8;eor
  3747;19421201;19421231;   5;   2;    28.5;   -999;   -999;   10.0;eor
  3747;19430101;19430131;   5;   2;    46.9;   -999;   -999;   10.4;eor
  3747;19430201;19430228;   5;   2;    26.3;   -999;   -999;    7.3;eor
  3747;19430301;19430331;   5;   2;    24.0;   -999;   -999;    5.8;eor
  3747;19430401;19430430;   5;   2;    85.9;   -999;   -999;   29.6;eor
  3747;19430501;19430531;   5;   2;    82.1;   -999;   -999;   16.7;eor
  3747;19430601;19430630;   5;   2;    78.2;   -999;   -999;   14.4;eor
  3747;19430701;19430731;   5;   2;    84.9;   -999;   -999;   38.0;eor
  3747;19430801;19430831;   5;   2;    45.2;   -999;   -999;   10.7;eor
  3747;19430901;19430930;   5;   2;    66.2;   -999;   -999;   12.0;eor
  3747;19431001;19431031;   5;   2;     1.7;   -999;   -999;    0.6;eor
  3747;19431101;19431130;   5;   2;    62.6;   -999;   -999;   12.9;eor
  3747;19431201;19431231;   5;   2;    29.7;   -999;   -999;    7.4;eor
  3747;19440101;19440131;   5;   2;    57.3;   -999;   -999;   10.1;eor
  3747;19440201;19440229;   5;   2;    75.6;   -999;   -999;   12.1;eor
  3747;19440301;19440331;   5;   2;    62.2;   -999;   -999;   11.2;eor
  3747;19440401;19440430;   5;   2;    62.2;   -999;   -999;   13.5;eor
  3747;19440501;19440531;   5;   2;    26.7;   -999;   -999;   14.4;eor
  3747;19440601;19440630;   5;   2;    91.4;   -999;   -999;   16.7;eor
  3747;19440701;19440731;   5;   2;   116.1;   -999;   -999;   36.5;eor
  3747;19440801;19440831;   5;   2;    47.6;   -999;   -999;   16.1;eor
  3747;19440901;19440930;   5;   2;    87.8;   -999;   -999;   17.0;eor
  3747;19441001;19441031;   5;   2;    53.2;   -999;   -999;   11.5;eor
  3747;19441101;19441130;   5;   2;   179.0;   -999;   -999;   25.6;eor
  3747;19441201;19441231;   5;   2;    72.3;   -999;   -999;   15.2;eor
  3747;19470101;19470131;   5;   2;    28.3;   -999;   -999;    7.2;eor
  3747;19470201;19470228;   5;   2;    33.4;   -999;     48;    7.8;eor
  3747;19470301;19470331;   5;   2;    90.6;   -999;   -999;   14.5;eor
  3747;19470401;19470430;   5;   2;    29.5;   -999;   -999;    6.4;eor
  3747;19470501;19470531;   5;   2;    47.6;   -999;   -999;    9.6;eor
  3747;19470601;19470630;   5;   2;    42.6;   -999;   -999;   14.5;eor
  3747;19470701;19470731;   5;   2;    82.8;   -999;   -999;   48.0;eor
  3747;19470801;19470831;   5;   2;    15.5;   -999;   -999;    8.0;eor
  3747;19470901;19470930;   5;   2;    32.8;   -999;   -999;   19.1;eor
  3747;19471001;19471031;   5;   2;    13.8;   -999;   -999;    6.0;eor
  3747;19471101;19471130;   5;   2;   160.9;   -999;   -999;   46.5;eor
  3747;19471201;19471231;   5;   2;   128.0;   -999;   -999;   44.8;eor
  3747;19480101;19480131;   5;   2;   144.2;   -999;   -999;   60.6;eor
  3747;19480201;19480229;   5;   2;    58.3;   -999;   -999;   15.5;eor
  3747;19480301;19480331;   5;   2;    28.9;   -999;   -999;   11.5;eor
  3747;19480401;19480430;   5;   2;    27.5;   -999;   -999;    8.5;eor
  3747;19480501;19480531;   5;   2;    53.6;   -999;   -999;    9.4;eor
  3747;19480601;19480630;   5;   2;    98.0;   -999;   -999;   37.1;eor
  3747;19480701;19480731;   5;   2;    77.4;   -999;   -999;   10.4;eor
  3747;19480801;19480831;   5;   2;   119.9;   -999;   -999;   29.5;eor
  3747;19480901;19480930;   5;   2;    32.8;   -999;   -999;   14.8;eor
  3747;19481001;19481031;   5;   2;    33.5;   -999;   -999;    9.5;eor
  3747;19481101;19481130;   5;   2;    25.3;   -999;   -999;    9.2;eor
  3747;19481201;19481231;   5;   2;    30.2;   -999;   -999;   12.5;eor
  3747;19490101;19490131;   5;   2;    45.1;   -999;   -999;   11.6;eor
  3747;19490201;19490228;   5;   2;    26.1;   -999;   -999;   13.1;eor
  3747;19490301;19490331;   5;   2;    32.4;   -999;   -999;    6.5;eor
  3747;19490401;19490430;   5;   2;    51.8;   -999;   -999;   13.7;eor
  3747;19490501;19490531;   5;   2;    82.6;   -999;   -999;   13.7;eor
  3747;19490601;19490630;   5;   2;    25.5;   -999;   -999;   12.0;eor
  3747;19490701;19490731;   5;   2;     8.8;   -999;   -999;    3.8;eor
  3747;19490801;19490831;   5;   2;    54.9;   -999;   -999;   32.7;eor
  3747;19490901;19490930;   5;   2;    21.9;   -999;   -999;   14.5;eor
  3747;19491001;19491031;   5;   2;    42.7;   -999;   -999;   31.0;eor
  3747;19491101;19491130;   5;   2;    47.9;   -999;   -999;    9.3;eor
  3747;19491201;19491231;   5;   2;    84.9;   -999;   -999;   21.4;eor
  3747;19500101;19500131;   5;   2;    36.6;   -999;   -999;   13.5;eor
  3747;19500201;19500228;   5;   2;   104.6;   -999;   -999;   28.3;eor
  3747;19500301;19500331;   5;   2;    21.4;   -999;   -999;   13.6;eor
  3747;19500401;19500430;   5;   2;    83.1;   -999;   -999;   14.1;eor
  3747;19500501;19500531;   5;   2;    62.3;   -999;   -999;   13.6;eor
  3747;19500601;19500630;   5;   2;    53.6;   -999;   -999;   20.6;eor
  3747;19500701;19500731;   5;   2;   142.7;   -999;   -999;   25.0;eor
  3747;19500801;19500831;   5;   2;   134.1;   -999;   -999;   23.0;eor
  3747;19500901;19500930;   5;   2;    96.8;   -999;   -999;   15.9;eor
  3747;19501001;19501031;   5;   2;    24.6;   -999;   -999;    6.0;eor
  3747;19501101;19501130;   5;   2;   162.7;   -999;   -999;   22.5;eor
  3747;19501201;19501231;   5;   2;    44.6;   -999;   -999;   11.5;eor
  3747;19510101;19510131;   5;   2;   114.2;   -999;   -999;   33.0;eor
  3747;19510201;19510228;   5;   2;    36.6;   -999;   -999;    8.9;eor
  3747;19510301;19510331;   5;   2;    67.7;   -999;   -999;   20.3;eor
  3747;19510401;19510430;   5;   2;    28.2;   -999;   -999;    5.4;eor
  3747;19510501;19510531;   5;   2;    38.6;   -999;   -999;    9.1;eor
  3747;19510601;19510630;   5;   2;   199.7;   -999;   -999;   79.0;eor
  3747;19510701;19510731;   5;   2;    67.9;   -999;   -999;   12.3;eor
  3747;19510801;19510831;   5;   2;    85.6;   -999;   -999;   12.0;eor
  3747;19510901;19510930;   5;   2;    45.6;   -999;   -999;   11.2;eor
  3747;19511001;19511031;   5;   2;    51.2;   -999;   -999;   27.5;eor
  3747;19511101;19511130;   5;   2;   100.2;   -999;   -999;   20.6;eor
  3747;19511201;19511231;   5;   2;    41.8;   -999;   -999;   12.1;eor
  3747;19520101;19520131;   5;   2;    65.3;   -999;   -999;   10.6;eor
  3747;19520201;19520229;   5;   2;    61.1;   -999;   -999;   18.2;eor
  3747;19520301;19520331;   5;   2;   149.0;   -999;   -999;   32.4;eor
  3747;19520401;19520430;   5;   2;    41.6;   -999;   -999;   10.5;eor
  3747;19520501;19520531;   5;   2;    44.2;   -999;   -999;   16.5;eor
  3747;19520601;19520630;   5;   2;    95.3;   -999;   -999;   25.3;eor
  3747;19520701;19520731;   5;   2;     9.3;   -999;   -999;    2.6;eor
  3747;19520801;19520831;   5;   2;    43.8;   -999;   -999;    9.0;eor
  3747;19520901;19520930;   5;   2;    88.2;   -999;   -999;   19.1;eor
  3747;19521001;19521031;   5;   2;   100.8;   -999;   -999;   15.6;eor
  3747;19521101;19521130;   5;   2;   151.8;   -999;   -999;   26.0;eor
  3747;19521201;19521231;   5;   2;    62.7;   -999;   -999;    8.0;eor
  3747;19530101;19530131;   5;   2;    31.7;   -999;   -999;    7.5;eor
  3747;19530201;19530228;   5;   2;    70.2;   -999;   -999;   26.2;eor
  3747;19530301;19530331;   5;   2;     3.8;   -999;   -999;    2.9;eor
  3747;19530401;19530430;   5;   2;    45.5;   -999;   -999;   14.5;eor
  3747;19530501;19530531;   5;   2;    94.6;   -999;   -999;   23.7;eor
  3747;19530601;19530630;   5;   2;   172.6;   -999;   -999;   52.6;eor
  3747;19530701;19530731;   5;   2;   139.7;   -999;   -999;   30.0;eor
  3747;19530801;19530831;   5;   2;    25.4;   -999;   -999;   10.2;eor
  3747;19530901;19530930;   5;   2;    32.4;   -999;   -999;   13.4;eor
  3747;19531001;19531031;   5;   2;    30.7;   -999;   -999;   20.9;eor
  3747;19531101;19531130;   5;   2;     5.6;   -999;   -999;    3.6;eor
  3747;19531201;19531231;   5;   2;    24.1;   -999;   -999;    6.9;eor
  3747;19540101;19540131;   5;   2;    90.7;   -999;   -999;   14.1;eor
  3747;19540201;19540228;   5;   2;    29.7;   -999;   -999;    7.5;eor
  3747;19540301;19540331;   5;   2;    20.4;   -999;   -999;    3.6;eor
  3747;19540401;19540430;   5;   2;    90.9;   -999;   -999;   19.1;eor
  3747;19540501;19540531;   5;   2;    61.0;   -999;   -999;   17.9;eor
  3747;19540601;19540630;   5;   2;    51.0;   -999;   -999;   15.6;eor
  3747;19540701;19540731;   5;   2;    52.8;   -999;   -999;    9.0;eor
  3747;19540801;19540831;   5;   2;    94.2;   -999;   -999;   16.7;eor
  3747;19540901;19540930;   5;   2;   125.5;   -999;   -999;   27.1;eor
  3747;19541001;19541031;   5;   2;    52.3;   -999;   -999;   12.2;eor
  3747;19541101;19541130;   5;   2;    41.0;   -999;   -999;    8.1;eor
  3747;19541201;19541231;   5;   2;    84.8;   -999;   -999;   15.7;eor
  3747;19550101;19550131;   5;   2;   103.1;   -999;   -999;   34.4;eor
  3747;19550201;19550228;   5;   2;    80.3;   -999;   -999;   15.7;eor
  3747;19550301;19550331;   5;   2;    37.3;   -999;   -999;    9.1;eor
  3747;19550401;19550430;   5;   2;    29.0;   -999;   -999;    6.7;eor
  3747;19550501;19550531;   5;   2;    67.6;   -999;   -999;   12.0;eor
  3747;19550601;19550630;   5;   2;   110.6;   -999;   -999;   29.5;eor
  3747;19550701;19550731;   5;   2;    72.9;   -999;   -999;   23.4;eor
  3747;19550801;19550831;   5;   2;    30.9;   -999;   -999;   12.0;eor
  3747;19550901;19550930;   5;   2;    92.6;   -999;   -999;   24.9;eor
  3747;19551001;19551031;   5;   2;    28.1;   -999;   -999;    5.7;eor
  3747;19551101;19551130;   5;   2;    11.3;   -999;   -999;    5.1;eor
  3747;19551201;19551231;   5;   2;   121.5;   -999;   -999;   19.5;eor
  3747;19560101;19560131;   5;   2;    72.8;   -999;   -999;   25.2;eor
  3747;19560201;19560229;   5;   2;    30.8;   -999;    402;    9.0;eor
  3747;19560301;19560331;   5;   2;    78.6;   -999;   -999;   50.2;eor
  3747;19560401;19560430;   5;   2;    80.2;   -999;   -999;   32.2;eor
  3747;19560501;19560531;   5;   2;    51.0;   -999;   -999;   10.2;eor
  3747;19560601;19560630;   5;   2;    65.1;   -999;   -999;   18.4;eor
  3747;19560701;19560731;   5;   2;    84.7;   -999;   -999;   22.6;eor
  3747;19560801;19560831;   5;   2;    79.7;   -999;   -999;   17.2;eor
  3747;19560901;19560930;   5;   2;    47.3;   -999;   -999;   10.2;eor
  3747;19561001;19561031;   5;   2;    90.7;   -999;   -999;   17.6;eor
  3747;19561101;19561130;   5;   2;    41.2;   -999;   -999;   20.2;eor
  3747;19561201;19561231;   5;   2;    25.9;   -999;   -999;    7.8;eor
  3747;19570101;19570131;   5;   2;    37.7;   -999;   -999;    9.8;eor
  3747;19570201;19570228;   5;   2;    82.9;   -999;   -999;   26.1;eor
  3747;19570301;19570331;   5;   2;    44.7;   -999;   -999;   16.6;eor
  3747;19570401;19570430;   5;   2;    25.7;   -999;   -999;    8.4;eor
  3747;19570501;19570531;   5;   2;    23.6;   -999;   -999;    5.2;eor
  3747;19570601;19570630;   5;   2;   102.6;   -999;   -999;   14.3;eor
  3747;19570701;19570731;   5;   2;    71.6;   -999;   -999;   10.2;eor
  3747;19570801;19570831;   5;   2;    94.0;   -999;   -999;   25.7;eor
  3747;19570901;19570930;   5;   2;   106.8;   -999;   -999;   23.2;eor
  3747;19571001;19571031;   5;   2;    12.7;   -999;   -999;    9.8;eor
  3747;19571101;19571130;   5;   2;    23.4;   -999;   -999;    6.8;eor
  3747;19571201;19571231;   5;   2;    67.2;   -999;   -999;   22.0;eor
  3747;19580101;19580131;   5;   2;    75.9;   -999;   -999;   21.3;eor
  3747;19580201;19580228;   5;   2;   141.8;   -999;   -999;   29.0;eor
  3747;19580301;19580331;   5;   2;    51.0;   -999;   -999;   18.5;eor
  3747;19580401;19580430;   5;   2;    62.2;   -999;   -999;   14.0;eor
  3747;19580501;19580531;   5;   2;    87.3;   -999;   -999;   15.0;eor
  3747;19580601;19580630;   5;   2;    67.8;   -999;   -999;   22.3;eor
  3747;19580701;19580731;   5;   2;   110.8;   -999;   -999;   37.4;eor
  3747;19580801;19580831;   5;   2;    89.5;   -999;   -999;   14.4;eor
  3747;19580901;19580930;   5;   2;    52.9;   -999;   -999;   12.6;eor
  3747;19581001;19581031;   5;   2;    63.4;   -999;   -999;   10.4;eor
  3747;19581101;19581130;   5;   2;    38.2;   -999;   -999;   12.0;eor
  3747;19581201;19581231;   5;   2;    86.9;   -999;   -999;   21.5;eor
  3747;19590101;19590131;   5;   2;    66.3;   -999;   -999;   11.8;eor
  3747;19590201;19590228;   5;   2;     2.3;   -999;   -999;    2.3;eor
  3747;19590301;19590331;   5;   2;    32.6;   -999;   -999;    6.7;eor
  3747;19590401;19590430;   5;   2;    87.0;   -999;   -999;   36.9;eor
  3747;19590501;19590531;   5;   2;    36.9;   -999;   -999;    9.3;eor
  3747;19590601;19590630;   5;   2;    50.6;   -999;   -999;    9.3;eor
  3747;19590701;19590731;   5;   2;    66.7;   -999;   -999;   32.3;eor
  3747;19590801;19590831;   5;   2;    41.9;   -999;   -999;   12.3;eor
  3747;19590901;19590930;   5;   2;    15.0;   -999;   -999;   14.2;eor
  3747;19591001;19591031;   5;   2;    66.6;   -999;   -999;   27.5;eor
  3747;19591101;19591130;   5;   2;    21.3;   -999;   -999;    4.5;eor
  3747;19591201;19591231;   5;   2;    36.3;   -999;   -999;    5.6;eor
  3747;19600101;19600131;   5;   2;    56.5;   -999;   -999;   11.3;eor
  3747;19600201;19600229;   5;   2;    67.1;   -999;   -999;   14.9;eor
  3747;19600301;19600331;   5;   2;    43.1;   -999;   -999;   13.7;eor
  3747;19600401;19600430;   5;   2;    22.8;   -999;   -999;    6.7;eor
  3747;19600501;19600531;   5;   2;    62.5;   -999;   -999;   15.2;eor
  3747;19600601;19600630;   5;   2;    47.7;   -999;   -999;   34.4;eor
  3747;19600701;19600731;   5;   2;    77.0;   -999;   -999;   12.5;eor
  3747;19600801;19600831;   5;   2;   112.4;   -999;   -999;   16.4;eor
  3747;19600901;19600930;   5;   2;    24.7;   -999;   -999;    9.2;eor
  3747;19601001;19601031;   5;   2;   105.1;   -999;   -999;   21.1;eor
  3747;19601101;19601130;   5;   2;    79.1;   -999;   -999;   15.5;eor
  3747;19601201;19601231;   5;   2;    38.5;   -999;   -999;    9.2;eor
  3747;19610101;19610131;   5;   2;    60.1;   -999;   -999;    6.4;eor
  3747;19610201;19610228;   5;   2;    75.1;   -999;   -999;   21.4;eor
  3747;19610301;19610331;   5;   2;    31.4;   -999;   -999;    8.9;eor
  3747;19610401;19610430;   5;   2;    89.3;   -999;   -999;   28.3;eor
  3747;19610501;19610531;   5;   2;    92.1;   -999;   -999;   12.0;eor
  3747;19610601;19610630;   5;   2;   115.3;   -999;   -999;   20.8;eor
  3747;19610701;19610731;   5;   2;   113.4;   -999;   -999;   24.7;eor
  3747;19610801;19610831;   5;   2;    86.4;   -999;   -999;   25.1;eor
  3747;19610901;19610930;   5;   2;    35.8;   -999;   -999;    7.7;eor
  3747;19611001;19611031;   5;   2;    34.1;   -999;   -999;   10.2;eor
  3747;19611101;19611130;   5;   2;    33.5;   -999;   -999;    5.8;eor
  3747;19611201;19611231;   5;   2;    84.4;   -999;   -999;   17.3;eor
  3747;19620101;19620131;   5;   2;    62.4;   -999;   -999;   24.5;eor
  3747;19620201;19620228;   5;   2;    60.3;   -999;   -999;   15.6;eor
  3747;19620301;19620331;   5;   2;    58.4;   -999;   -999;   10.0;eor
  3747;19620401;19620430;   5;   2;    53.1;   -999;   -999;   14.3;eor
  3747;19620501;19620531;   5;   2;    85.5;   -999;   -999;   15.7;eor
  3747;19620601;19620630;   5;   2;    32.2;   -999;   -999;   16.3;eor
  3747;19620701;19620731;   5;   2;    72.2;   -999;   -999;   15.4;eor
  3747;19620801;19620831;   5;   2;    43.5;   -999;   -999;   14.7;eor
  3747;19620901;19620930;   5;   2;    47.8;   -999;   -999;   10.4;eor
  3747;19621001;19621031;   5;   2;    10.3;   -999;   -999;    3.7;eor
  3747;19621101;19621130;   5;   2;    31.4;   -999;   -999;   15.6;eor
  3747;19621201;19621231;   5;   2;    86.6;   -999;   -999;   15.9;eor
  3747;19630101;19630131;   5;   2;    24.9;   -999;   -999;    3.8;eor
  3747;19630201;19630228;   5;   2;    26.7;   -999;   -999;    4.1;eor
  3747;19630301;19630331;   5;   2;    73.2;   -999;   -999;   16.3;eor
  3747;19630401;19630430;   5;   2;    23.8;   -999;   -999;    8.0;eor
  3747;19630501;19630531;   5;   2;    25.9;   -999;   -999;    7.9;eor
  3747;19630601;19630630;   5;   2;   114.9;   -999;   -999;   33.9;eor
  3747;19630701;19630731;   5;   2;    41.8;   -999;   -999;   13.7;eor
  3747;19630801;19630831;   5;   2;   128.8;   -999;   -999;   22.7;eor
  3747;19630901;19630930;   5;   2;    11.2;   -999;   -999;    6.7;eor
  3747;19631001;19631031;   5;   2;    64.4;   -999;   -999;   36.2;eor
  3747;19631101;19631130;   5;   2;   110.2;   -999;   -999;   26.9;eor
  3747;19631201;19631231;   5;   2;     4.8;   -999;   -999;    1.2;eor
  3747;19640101;19640131;   5;   2;    30.4;   -999;   -999;   16.2;eor
  3747;19640201;19640229;   5;   2;    52.7;   -999;   -999;   15.3;eor
  3747;19640301;19640331;   5;   2;    99.5;   -999;   -999;   36.5;eor
  3747;19640401;19640430;   5;   2;    36.4;   -999;   -999;   10.0;eor
  3747;19640501;19640531;   5;   2;    34.3;   -999;   -999;    8.7;eor
  3747;19640601;19640630;   5;   2;    42.9;   -999;   -999;   13.1;eor
  3747;19640701;19640731;   5;   2;     7.8;   -999;   -999;    3.8;eor
  3747;19640801;19640831;   5;   2;    84.4;   -999;   -999;   21.8;eor
  3747;19640901;19640930;   5;   2;    52.6;   -999;   -999;   13.2;eor
  3747;19641001;19641031;   5;   2;    32.1;   -999;   -999;    8.8;eor
  3747;19641101;19641130;   5;   2;   101.0;   -999;   -999;   27.4;eor
  3747;19641201;19641231;   5;   2;    32.4;   -999;   -999;    9.0;eor
  3747;19650101;19650131;   5;   2;    97.5;   -999;   -999;   12.4;eor
  3747;19650201;19650228;   5;   2;    36.5;   -999;   -999;    5.6;eor
  3747;19650301;19650331;   5;   2;    76.5;   -999;   -999;   14.3;eor
  3747;19650401;19650430;   5;   2;   104.5;   -999;   -999;   17.7;eor
  3747;19650501;19650531;   5;   2;   126.4;   -999;   -999;   25.3;eor
  3747;19650601;19650630;   5;   2;   143.6;   -999;   -999;   33.3;eor
  3747;19650701;19650731;   5;   2;    78.5;   -999;   -999;   24.7;eor
  3747;19650801;19650831;   5;   2;    50.5;   -999;   -999;   11.3;eor
  3747;19650901;19650930;   5;   2;   100.4;   -999;   -999;   23.8;eor
  3747;19651001;19651031;   5;   2;     3.9;   -999;   -999;    1.3;eor
  3747;19651101;19651130;   5;   2;   106.6;   -999;   -999;   15.4;eor
  3747;19651201;19651231;   5;   2;   130.9;   -999;   -999;   24.8;eor
  3747;19660101;19660131;   5;   2;    52.2;   -999;   -999;   12.7;eor
  3747;19660201;19660228;   5;   2;    44.4;   -999;   -999;   16.0;eor
  3747;19660301;19660331;   5;   2;    94.7;   -999;   -999;   19.3;eor
  3747;19660401;19660430;   5;   2;    54.4;   -999;   -999;    9.3;eor
  3747;19660501;19660531;   5;   2;    55.4;   -999;   -999;   11.3;eor
  3747;19660601;19660630;   5;   2;    87.9;   -999;   -999;   22.4;eor
  3747;19660701;19660731;   5;   2;    90.0;   -999;   -999;   30.2;eor
  3747;19660801;19660831;   5;   2;   157.1;   -999;   -999;   47.7;eor
  3747;19660901;19660930;   5;   2;    38.5;   -999;   -999;   17.5;eor
  3747;19661001;19661031;   5;   2;    56.0;   -999;   -999;   10.8;eor
  3747;19661101;19661130;   5;   2;    44.3;   -999;   -999;    7.0;eor
  3747;19661201;19661231;   5;   2;   111.4;   -999;   -999;   23.2;eor
  3747;19670101;19670131;   5;   2;    45.6;   -999;   -999;    8.2;eor
  3747;19670201;19670228;   5;   2;    41.1;   -999;   -999;   12.3;eor
  3747;19670301;19670331;   5;   2;    67.0;   -999;   -999;   11.2;eor
  3747;19670401;19670430;   5;   2;    54.9;   -999;   -999;   13.6;eor
  3747;19670501;19670531;   5;   2;    77.3;   -999;   -999;   17.5;eor
  3747;19670601;19670630;   5;   2;    87.8;   -999;   -999;   15.1;eor
  3747;19670701;19670731;   5;   2;    34.8;   -999;   -999;    9.0;eor
  3747;19670801;19670831;   5;   2;   104.4;   -999;   -999;   29.4;eor
  3747;19670901;19670930;   5;   2;    82.3;   -999;   -999;   15.4;eor
  3747;19671001;19671031;   5;   2;    46.5;   -999;   -999;   14.4;eor
  3747;19671101;19671130;   5;   2;    46.0;   -999;   -999;    8.6;eor
  3747;19671201;19671231;   5;   2;    65.5;   -999;   -999;   14.3;eor
  3747;19680101;19680131;   5;   2;   125.3;   -999;   -999;   22.3;eor
  3747;19680201;19680229;   5;   2;    63.2;   -999;   -999;   23.4;eor
  3747;19680301;19680331;   5;   2;    53.5;   -999;   -999;    8.0;eor
  3747;19680401;19680430;   5;   2;   140.9;   -999;   -999;   29.4;eor
  3747;19680501;19680531;   5;   2;    68.4;   -999;   -999;   10.8;eor
  3747;19680601;19680630;   5;   2;    70.5;   -999;   -999;   24.5;eor
  3747;19680701;19680731;   5;   2;    74.0;   -999;   -999;   26.4;eor
  3747;19680801;19680831;   5;   2;   287.8;   -999;   -999;   49.0;eor
  3747;19680901;19680930;   5;   2;   103.7;   -999;   -999;   18.7;eor
  3747;19681001;19681031;   5;   2;    51.6;   -999;   -999;   14.9;eor
  3747;19681101;19681130;   5;   2;    32.5;   -999;   -999;   15.4;eor
  3747;19681201;19681231;   5;   2;    48.3;   -999;   -999;   11.1;eor
  3747;19690101;19690131;   5;   2;    34.4;   -999;   -999;    5.2;eor
  3747;19690201;19690228;   5;   2;    72.2;   -999;   -999;   10.1;eor
  3747;19690301;19690331;   5;   2;    53.9;   -999;   -999;   11.5;eor
  3747;19690401;19690430;   5;   2;    67.9;   -999;   -999;   12.2;eor
  3747;19690501;19690531;   5;   2;    72.3;   -999;   -999;   13.9;eor
  3747;19690601;19690630;   5;   2;   101.4;   -999;   -999;   20.3;eor
  3747;19690701;19690731;   5;   2;   119.6;   -999;   -999;   52.1;eor
  3747;19690801;19690831;   5;   2;   104.1;   -999;   -999;   17.3;eor
  3747;19690901;19690930;   5;   2;    43.4;   -999;   -999;   25.0;eor
  3747;19691001;19691031;   5;   2;     3.9;   -999;   -999;    1.2;eor
  3747;19691101;19691130;   5;   2;    76.5;   -999;   -999;   11.8;eor
  3747;19691201;19691231;   5;   2;    36.8;   -999;   -999;    8.4;eor
  3747;19700101;19700131;   5;   2;    63.8;   -999;   -999;   14.9;eor
  3747;19700201;19700228;   5;   2;   173.3;   -999;   -999;   30.4;eor
  3747;19700301;19700331;   5;   2;    46.6;   -999;   -999;   11.1;eor
  3747;19700401;19700430;   5;   2;    81.4;   -999;   -999;   11.9;eor
  3747;19700501;19700531;   5;   2;   127.5;   -999;   -999;   42.1;eor
  3747;19700601;19700630;   5;   2;    52.6;   -999;   -999;   12.8;eor
  3747;19700701;19700731;   5;   2;    63.7;   -999;   -999;   13.7;eor
  3747;19700801;19700831;   5;   2;    45.7;   -999;   -999;    7.8;eor
  3747;19700901;19700930;   5;   2;    61.7;   -999;   -999;   14.9;eor
  3747;19701001;19701031;   5;   2;    80.4;   -999;   -999;   14.2;eor
  3747;19701101;19701130;   5;   2;    44.6;   -999;   -999;    5.6;eor
  3747;19701201;19701231;   5;   2;    37.9;   -999;   -999;   10.5;eor
  3747;19710101;19710131;   5;   2;    20.6;   -999;   -999;    5.0;eor
  3747;19710201;19710228;   5;   2;    26.6;   -999;   -999;    4.2;eor
  3747;19710301;19710331;   5;   2;    28.6;   -999;   -999;    6.4;eor
  3747;19710401;19710430;   5;   2;    21.9;   -999;   -999;    9.6;eor
  3747;19710501;19710531;   5;   2;    81.6;   -999;   -999;   18.4;eor
  3747;19710601;19710630;   5;   2;   118.3;   -999;   -999;   28.4;eor
  3747;19710701;19710731;   5;   2;    32.2;   -999;   -999;    9.5;eor
  3747;19710801;19710831;   5;   2;    98.5;   -999;   -999;   37.5;eor
  3747;19710901;19710930;   5;   2;    19.0;   -999;   -999;    9.6;eor
  3747;19711001;19711031;   5;   2;    32.0;   -999;   -999;   16.5;eor
  3747;19711101;19711130;   5;   2;    92.4;   -999;   -999;   20.7;eor
  3747;19711201;19711231;   5;   2;    10.7;   -999;   -999;    3.7;eor
  3747;19720101;19720131;   5;   2;    30.0;   -999;   -999;   10.9;eor
  3747;19720201;19720229;   5;   2;     8.9;   -999;   -999;    4.2;eor
  3747;19720301;19720331;   5;   2;    49.4;   -999;   -999;   26.8;eor
  3747;19720401;19720430;   5;   2;    59.8;   -999;   -999;   12.3;eor
  3747;19720501;19720531;   5;   2;   101.9;   -999;   -999;   20.6;eor
  3747;19720601;19720630;   5;   2;    90.6;   -999;   -999;   24.2;eor
  3747;19720701;19720731;   5;   2;    53.8;   -999;   -999;   12.4;eor
  3747;19720801;19720831;   5;   2;    65.8;   -999;   -999;   19.3;eor
  3747;19720901;19720930;   5;   2;    38.0;   -999;   -999;   12.2;eor
  3747;19721001;19721031;   5;   2;    18.8;   -999;   -999;    7.4;eor
  3747;19721101;19721130;   5;   2;    88.9;   -999;   -999;   19.4;eor
  3747;19721201;19721231;   5;   2;     8.9;   -999;   -999;    6.8;eor
  3747;19730101;19730131;   5;   2;    21.9;   -999;   -999;    5.4;eor
  3747;19730201;19730228;   5;   2;    40.2;   -999;   -999;   10.6;eor
  3747;19730301;19730331;   5;   2;    20.6;   -999;   -999;    7.7;eor
  3747;19730401;19730430;   5;   2;    68.5;   -999;   -999;   25.5;eor
  3747;19730501;19730531;   5;   2;    67.5;   -999;   -999;   19.8;eor
  3747;19730601;19730630;   5;   2;    96.9;   -999;   -999;   23.5;eor
  3747;19730701;19730731;   5;   2;    80.5;   -999;   -999;   21.0;eor
  3747;19730801;19730831;   5;   2;    19.1;   -999;   -999;    9.7;eor
  3747;19730901;19730930;   5;   2;    27.9;   -999;   -999;    9.2;eor
  3747;19731001;19731031;   5;   2;    69.9;   -999;   -999;   16.2;eor
  3747;19731101;19731130;   5;   2;   134.0;   -999;   -999;   55.6;eor
  3747;19731201;19731231;   5;   2;    45.6;   -999;   -999;   10.5;eor
  3747;19740101;19740131;   5;   2;    51.9;   -999;   -999;   11.2;eor
  3747;19740201;19740228;   5;   2;    65.1;   -999;   -999;   15.3;eor
  3747;19740301;19740331;   5;   2;    44.1;   -999;   -999;    6.0;eor
  3747;19740401;19740430;   5;   2;    17.2;   -999;   -999;    7.8;eor
  3747;19740501;19740531;   5;   2;    60.5;   -999;   -999;   16.4;eor
  3747;19740601;19740630;   5;   2;    79.6;   -999;   -999;   16.3;eor
  3747;19740701;19740731;   5;   2;    68.5;   -999;   -999;   16.4;eor
  3747;19740801;19740831;   5;   2;    94.5;   -999;   -999;   26.0;eor
  3747;19740901;19740930;   5;   2;    71.3;   -999;   -999;   16.0;eor
  3747;19741001;19741031;   5;   2;   137.6;   -999;   -999;   19.1;eor
  3747;19741101;19741130;   5;   2;   108.1;   -999;   -999;   25.4;eor
  3747;19741201;19741231;   5;   2;    85.4;   -999;   -999;   10.5;eor
  3747;19750101;19750131;   5;   2;    70.6;   -999;   -999;   13.9;eor
  3747;19750201;19750228;   5;   2;    26.6;   -999;   -999;   17.2;eor
  3747;19750301;19750331;   5;   2;    54.5;   -999;   -999;   19.2;eor
  3747;19750401;19750430;   5;   2;    52.1;   -999;   -999;   11.6;eor
  3747;19750501;19750531;   5;   2;    39.8;   -999;   -999;   11.3;eor
  3747;19750601;19750630;   5;   2;    98.9;   -999;   -999;   27.1;eor
  3747;19750701;19750731;   5;   2;    31.0;   -999;   -999;    8.1;eor
  3747;19750801;19750831;   5;   2;    64.5;   -999;   -999;   21.3;eor
  3747;19750901;19750930;   5;   2;    56.1;   -999;   -999;   10.5;eor
  3747;19751001;19751031;   5;   2;    37.5;   -999;   -999;    8.3;eor
  3747;19751101;19751130;   5;   2;    99.2;   -999;   -999;   23.2;eor
  3747;19751201;19751231;   5;   2;    10.1;   -999;   -999;    3.9;eor
