STATIONS_ID; MESS_DATUM_BEGINN; MESS_DATUM_ENDE; QUALITAETS_NIVEAU; ART; NIEDERSCHLAGSHOEHE;NEUSCHNEEHOEHE;SCHNEEHOEHE; max(NIEDERSCHLAGSHOEHE);eor
   509;19270101;19270131;   5;   2;    89.0;   -999;   -999;-999;eor
   509;19270201;19270228;   5;   2;    65.0;   -999;   -999;-999;eor
   509;19270301;19270331;   5;   2;    76.0;   -999;   -999;-999;eor
   509;19270401;19270430;   5;   2;   178.0;   -999;   -999;-999;eor
   509;19270501;19270531;   5;   2;    50.0;   -999;   -999;-999;eor
   509;19270601;19270630;   5;   2;   140.0;   -999;   -999;-999;eor
   509;19270701;19270731;   5;   2;   112.0;   -999;   -999;-999;eor
   509;19270801;19270831;   5;   2;   134.0;   -999;   -999;-999;eor
   509;19270901;19270930;   5;   2;   149.0;   -999;   -999;-999;eor
   509;19271001;19271031;   5;   2;    43.0;   -999;   -999;-999;eor
   509;19271101;19271130;   5;   2;   105.0;   -999;   -999;-999;eor
   509;19271201;19271231;   5;   2;    43.0;   -999;   -999;-999;eor
   509;19280101;19280131;   5;   2;   100.0;   -999;   -999;-999;eor
   509;19280201;19280229;   5;   2;   108.0;   -999;   -999;-999;eor
   509;19280301;19280331;   5;   2;    29.0;   -999;   -999;-999;eor
   509;19280401;19280430;   5;   2;   105.0;   -999;   -999;-999;eor
   509;19280501;19280531;   5;   2;    96.0;   -999;   -999;-999;eor
   509;19280601;19280630;   5;   2;   100.0;   -999;   -999;-999;eor
   509;19280701;19280731;   5;   2;    40.0;   -999;   -999;-999;eor
   509;19280801;19280831;   5;   2;    82.0;   -999;   -999;-999;eor
   509;19280901;19280930;   5;   2;    29.0;   -999;   -999;-999;eor
   509;19281001;19281031;   5;   2;    83.0;   -999;   -999;-999;eor
   509;19281101;19281130;   5;   2;   117.0;   -999;   -999;-999;eor
   509;19281201;19281231;   5;   2;    91.0;   -999;   -999;-999;eor
   509;19410101;19410131;   5;   2;    79.5;   -999;   -999;   15.5;eor
   509;19410201;19410228;   5;   2;    51.7;   -999;   -999;   18.3;eor
   509;19410301;19410331;   5;   2;    93.5;   -999;   -999;   25.0;eor
   509;19410401;19410430;   5;   2;    91.3;   -999;   -999;   20.6;eor
   509;19410501;19410531;   5;   2;   137.6;   -999;   -999;   40.2;eor
   509;19410601;19410630;   5;   2;    70.8;   -999;   -999;   11.2;eor
   509;19410701;19410731;   5;   2;   148.7;   -999;   -999;   21.3;eor
   509;19410801;19410831;   5;   2;   137.6;   -999;   -999;   35.7;eor
   509;19410901;19410930;   5;   2;    41.6;   -999;   -999;   15.4;eor
   509;19411001;19411031;   5;   2;   194.2;   -999;   -999;   32.3;eor
   509;19411101;19411130;   5;   2;    35.2;   -999;   -999;    8.6;eor
   509;19411201;19411231;   5;   2;   117.1;   -999;   -999;   21.2;eor
   509;19420101;19420131;   5;   2;    50.2;   -999;   -999;   10.0;eor
   509;19420201;19420228;   5;   2;    30.1;   -999;   -999;    9.8;eor
   509;19420301;19420331;   5;   2;    40.4;   -999;   -999;   12.7;eor
   509;19420401;19420430;   5;   2;    31.7;   -999;   -999;   13.6;eor
   509;19420501;19420531;   5;   2;    77.4;   -999;   -999;   12.6;eor
   509;19420601;19420630;   5;   2;    55.2;   -999;   -999;   11.7;eor
   509;19420701;19420731;   5;   2;   125.9;   -999;   -999;   26.6;eor
   509;19420801;19420831;   5;   2;    73.7;   -999;   -999;   35.6;eor
   509;19420901;19420930;   5;   2;    77.2;   -999;   -999;   49.3;eor
   509;19421001;19421031;   5;   2;   128.1;   -999;   -999;   29.8;eor
   509;19421101;19421130;   5;   2;    79.7;   -999;   -999;   13.4;eor
   509;19421201;19421231;   5;   2;    61.3;   -999;   -999;   20.4;eor
   509;19430101;19430131;   5;   2;    71.4;   -999;   -999;   11.5;eor
   509;19430201;19430228;   5;   2;    59.2;   -999;   -999;   13.5;eor
   509;19430301;19430331;   5;   2;    34.6;   -999;   -999;   18.8;eor
   509;19430401;19430430;   5;   2;    72.2;   -999;   -999;   16.3;eor
   509;19430501;19430531;   5;   2;    90.1;   -999;   -999;   25.0;eor
   509;19430601;19430630;   5;   2;   146.5;   -999;   -999;   25.2;eor
   509;19430701;19430731;   5;   2;    65.2;   -999;   -999;   14.6;eor
   509;19430801;19430831;   5;   2;   108.9;   -999;   -999;   38.4;eor
   509;19430901;19430930;   5;   2;   115.2;   -999;   -999;   22.7;eor
   509;19431001;19431031;   5;   2;     0.7;   -999;   -999;    0.2;eor
   509;19431101;19431130;   5;   2;   162.9;   -999;   -999;   30.0;eor
   509;19431201;19431231;   5;   2;    50.3;   -999;   -999;   15.0;eor
   509;19440101;19440131;   5;   2;   131.6;   -999;   -999;   18.9;eor
   509;19440201;19440229;   5;   2;   100.8;   -999;   -999;   17.8;eor
   509;19440301;19440331;   5;   2;   118.9;   -999;   -999;   23.7;eor
   509;19440401;19440430;   5;   2;    82.8;   -999;   -999;   15.2;eor
   509;19440501;19440531;   5;   2;    88.9;   -999;   -999;   27.3;eor
   509;19440601;19440630;   5;   2;   112.4;   -999;   -999;   12.8;eor
   509;19440701;19440731;   5;   2;   148.2;   -999;   -999;   52.4;eor
   509;19440801;19440831;   5;   2;    86.9;   -999;   -999;   28.2;eor
   509;19440901;19440930;   5;   2;    88.6;   -999;   -999;   26.1;eor
   509;19441001;19441031;   5;   2;   102.5;   -999;   -999;   42.6;eor
   509;19441101;19441130;   5;   2;   112.2;   -999;   -999;   13.6;eor
   509;19441201;19441231;   5;   2;    63.1;   -999;   -999;   28.9;eor
   509;19470101;19470131;   5;   2;    46.0;   -999;   -999;   20.8;eor
   509;19470201;19470228;   5;   2;    46.5;   -999;   -999;   21.1;eor
   509;19470301;19470331;   5;   2;   110.9;   -999;   -999;   16.5;eor
   509;19470401;19470430;   5;   2;    57.1;   -999;   -999;   12.5;eor
   509;19470501;19470531;   5;   2;    57.8;   -999;   -999;   28.5;eor
   509;19470601;19470630;   5;   2;    62.8;   -999;   -999;   14.0;eor
   509;19470701;19470731;   5;   2;    81.5;   -999;   -999;   28.5;eor
   509;19470801;19470831;   5;   2;    16.4;   -999;   -999;    9.2;eor
   509;19470901;19470930;   5;   2;    35.0;   -999;   -999;   11.7;eor
   509;19471001;19471031;   5;   2;     3.6;   -999;   -999;    2.9;eor
   509;19471101;19471130;   5;   2;   158.8;   -999;   -999;   23.4;eor
   509;19471201;19471231;   5;   2;   301.4;   -999;   -999;   60.8;eor
   509;19480101;19480131;   5;   2;   187.3;   -999;   -999;   26.5;eor
   509;19480201;19480229;   5;   2;   133.3;   -999;   -999;   35.2;eor
   509;19480301;19480331;   5;   2;    58.9;   -999;   -999;   13.7;eor
   509;19480401;19480430;   5;   2;    55.4;   -999;   -999;   15.3;eor
   509;19480501;19480531;   5;   2;    39.1;   -999;   -999;    8.1;eor
   509;19480601;19480630;   5;   2;   116.7;   -999;   -999;   24.0;eor
   509;19480701;19480731;   5;   2;   217.8;   -999;   -999;   38.0;eor
   509;19480801;19480831;   5;   2;   118.8;   -999;   -999;   20.2;eor
   509;19480901;19480930;   5;   2;    22.7;   -999;   -999;   12.6;eor
   509;19481001;19481031;   5;   2;    41.3;   -999;   -999;    9.8;eor
   509;19481101;19481130;   5;   2;    34.3;   -999;   -999;   20.0;eor
   509;19481201;19481231;   5;   2;    33.1;   -999;   -999;    9.0;eor
   509;19490101;19490131;   5;   2;    86.0;   -999;   -999;   19.5;eor
   509;19490201;19490228;   5;   2;    43.4;   -999;   -999;   12.1;eor
   509;19490301;19490331;   5;   2;    82.1;   -999;   -999;   31.0;eor
   509;19490401;19490430;   5;   2;    66.5;   -999;   -999;   17.8;eor
   509;19490501;19490531;   5;   2;   116.8;   -999;   -999;   25.1;eor
   509;19490601;19490630;   5;   2;    78.8;   -999;   -999;   29.0;eor
   509;19490701;19490731;   5;   2;    40.9;   -999;   -999;   20.9;eor
   509;19490801;19490831;   5;   2;    54.2;   -999;   -999;   17.0;eor
   509;19490901;19490930;   5;   2;    55.1;   -999;   -999;   22.4;eor
   509;19491001;19491031;   5;   2;    13.7;   -999;   -999;   11.4;eor
   509;19491101;19491130;   5;   2;    57.8;   -999;   -999;   11.5;eor
   509;19491201;19491231;   5;   2;   135.3;   -999;   -999;   21.4;eor
   509;19500101;19500131;   5;   2;    90.0;   -999;   -999;   24.0;eor
   509;19500201;19500228;   5;   2;   167.7;   -999;   -999;   32.4;eor
   509;19500301;19500331;   5;   2;    19.4;   -999;   -999;    4.8;eor
   509;19500401;19500430;   5;   2;   117.1;   -999;   -999;   28.0;eor
   509;19500501;19500531;   5;   2;   116.9;   -999;   -999;   34.5;eor
   509;19500601;19500630;   5;   2;    57.1;   -999;   -999;   19.0;eor
   509;19500701;19500731;   5;   2;   121.5;   -999;   -999;   26.8;eor
   509;19500801;19500831;   5;   2;    94.5;   -999;   -999;   25.4;eor
   509;19500901;19500930;   5;   2;   134.8;   -999;   -999;   16.0;eor
   509;19501001;19501031;   5;   2;    67.6;   -999;   -999;   13.2;eor
   509;19501101;19501130;   5;   2;   185.6;   -999;   -999;   25.0;eor
   509;19501201;19501231;   5;   2;    56.6;   -999;   -999;    7.5;eor
   509;19510101;19510131;   5;   2;    71.8;   -999;   -999;   15.0;eor
   509;19510201;19510228;   5;   2;    63.5;   -999;   -999;   10.8;eor
   509;19510301;19510331;   5;   2;    74.0;   -999;   -999;   15.4;eor
   509;19510401;19510430;   5;   2;    34.8;   -999;   -999;    8.0;eor
   509;19510501;19510531;   5;   2;    53.5;   -999;   -999;   16.8;eor
   509;19510601;19510630;   5;   2;   195.0;   -999;   -999;   37.5;eor
   509;19510701;19510731;   5;   2;   112.5;   -999;   -999;   47.5;eor
   509;19510801;19510831;   5;   2;    63.2;   -999;   -999;   21.0;eor
   509;19510901;19510930;   5;   2;    71.0;   -999;   -999;   22.4;eor
   509;19511001;19511031;   5;   2;    14.0;   -999;   -999;    7.1;eor
   509;19511101;19511130;   5;   2;   113.8;   -999;   -999;   17.8;eor
   509;19511201;19511231;   5;   2;    68.6;   -999;   -999;   13.6;eor
   509;19520101;19520131;   5;   2;   123.6;   -999;   -999;   26.4;eor
   509;19520201;19520229;   5;   2;    74.0;   -999;   -999;   11.0;eor
   509;19520301;19520331;   5;   2;   164.4;   -999;   -999;   26.0;eor
   509;19520401;19520430;   5;   2;    47.6;   -999;   -999;   12.0;eor
   509;19520501;19520531;   5;   2;    74.9;   -999;   -999;   20.4;eor
   509;19520601;19520630;   5;   2;    95.6;   -999;   -999;   21.9;eor
   509;19520701;19520731;   5;   2;    14.1;   -999;   -999;    4.5;eor
   509;19520801;19520831;   5;   2;    81.7;   -999;   -999;   28.2;eor
   509;19520901;19520930;   5;   2;   163.9;   -999;   -999;   44.0;eor
   509;19521001;19521031;   5;   2;   143.3;   -999;   -999;   20.0;eor
   509;19521101;19521130;   5;   2;   186.4;   -999;   -999;   28.5;eor
   509;19521201;19521231;   5;   2;    83.3;   -999;   -999;   15.0;eor
   509;19530101;19530131;   5;   2;    59.8;   -999;   -999;   11.7;eor
   509;19530201;19530228;   5;   2;    57.4;   -999;   -999;   13.2;eor
   509;19530301;19530331;   5;   2;    18.1;   -999;   -999;    5.2;eor
   509;19530401;19530430;   5;   2;    41.6;   -999;   -999;   11.0;eor
   509;19530501;19530531;   5;   2;    79.3;   -999;   -999;   18.0;eor
   509;19530601;19530630;   5;   2;    84.9;   -999;   -999;   30.9;eor
   509;19530701;19530731;   5;   2;   158.9;   -999;   -999;   27.9;eor
   509;19530801;19530831;   5;   2;    24.0;   -999;   -999;   13.2;eor
   509;19530901;19530930;   5;   2;    40.8;   -999;   -999;   11.6;eor
   509;19531001;19531031;   5;   2;    27.8;   -999;   -999;    6.7;eor
   509;19531101;19531130;   5;   2;     5.1;   -999;   -999;    2.4;eor
   509;19531201;19531231;   5;   2;    34.1;   -999;   -999;   14.8;eor
   509;19540101;19540131;   5;   2;   102.8;   -999;   -999;   24.5;eor
   509;19540201;19540228;   5;   2;    29.9;   -999;   -999;    9.1;eor
   509;19540301;19540331;   5;   2;    41.5;   -999;   -999;   14.4;eor
   509;19540401;19540430;   5;   2;    86.7;   -999;   -999;   16.4;eor
   509;19540501;19540531;   5;   2;    77.0;   -999;   -999;   19.5;eor
   509;19540601;19540630;   5;   2;    81.4;   -999;   -999;   27.6;eor
   509;19540701;19540731;   5;   2;   372.2;   -999;   -999;   74.0;eor
   509;19540801;19540831;   5;   2;   117.5;   -999;   -999;   22.5;eor
   509;19540901;19540930;   5;   2;   162.1;   -999;   -999;   41.4;eor
   509;19541001;19541031;   5;   2;    90.0;   -999;   -999;   23.3;eor
   509;19541101;19541130;   5;   2;    41.5;   -999;   -999;    8.5;eor
   509;19541201;19541231;   5;   2;   148.8;   -999;   -999;   29.0;eor
   509;19550101;19550131;   5;   2;    57.5;   -999;   -999;   13.4;eor
   509;19550201;19550228;   5;   2;    84.1;   -999;   -999;   12.5;eor
   509;19550301;19550331;   5;   2;    56.1;   -999;   -999;   11.9;eor
   509;19550401;19550430;   5;   2;    72.5;   -999;   -999;   15.3;eor
   509;19550501;19550531;   5;   2;    88.7;   -999;   -999;   15.7;eor
   509;19550601;19550630;   5;   2;   156.9;   -999;   -999;   21.9;eor
   509;19550701;19550731;   5;   2;   161.7;   -999;   -999;   21.5;eor
   509;19550801;19550831;   5;   2;   124.3;   -999;   -999;   14.9;eor
   509;19550901;19550930;   5;   2;    92.7;   -999;   -999;   22.6;eor
   509;19551001;19551031;   5;   2;    53.6;   -999;   -999;    8.3;eor
   509;19551101;19551130;   5;   2;    32.0;   -999;   -999;   10.8;eor
   509;19551201;19551231;   5;   2;   219.4;   -999;   -999;   45.0;eor
   509;19560101;19560131;   5;   2;   105.7;   -999;   -999;   17.4;eor
   509;19560201;19560229;   5;   2;    55.0;   -999;   -999;    9.4;eor
   509;19560301;19560331;   5;   2;    53.2;   -999;   -999;   14.5;eor
   509;19560401;19560430;   5;   2;    72.5;   -999;   -999;    7.6;eor
   509;19560501;19560531;   5;   2;    57.5;   -999;   -999;    9.2;eor
   509;19560601;19560630;   5;   2;   128.1;   -999;   -999;   17.4;eor
   509;19560701;19560731;   5;   2;   126.1;   -999;   -999;   26.8;eor
   509;19560801;19560831;   5;   2;   141.2;   -999;   -999;   20.0;eor
   509;19560901;19560930;   5;   2;    53.2;   -999;   -999;   14.1;eor
   509;19561001;19561031;   5;   2;    89.9;   -999;   -999;   13.8;eor
   509;19561101;19561130;   5;   2;    83.0;   -999;   -999;   17.4;eor
   509;19561201;19561231;   5;   2;   103.4;   -999;   -999;   19.2;eor
   509;19570101;19570131;   5;   2;   125.4;   -999;   -999;   32.2;eor
   509;19570201;19570228;   5;   2;   190.5;   -999;   -999;   28.7;eor
   509;19570301;19570331;   5;   2;   104.7;   -999;   -999;   21.3;eor
   509;19570401;19570430;   5;   2;    38.6;   -999;   -999;   12.3;eor
   509;19570501;19570531;   5;   2;    57.2;   -999;   -999;   12.5;eor
   509;19570601;19570630;   5;   2;    61.8;   -999;   -999;   11.6;eor
   509;19570701;19570731;   5;   2;   105.1;   -999;   -999;   21.6;eor
   509;19570801;19570831;   5;   2;   100.2;   -999;   -999;   14.9;eor
   509;19570901;19570930;   5;   2;   215.5;   -999;   -999;   33.8;eor
   509;19571001;19571031;   5;   2;    14.7;   -999;   -999;    3.1;eor
   509;19571101;19571130;   5;   2;     8.2;   -999;   -999;    2.2;eor
   509;19571201;19571231;   5;   2;    62.7;   -999;   -999;   16.1;eor
   509;19580101;19580131;   5;   2;    82.5;   -999;   -999;   15.0;eor
   509;19580201;19580228;   5;   2;   104.8;   -999;   -999;   16.2;eor
   509;19580301;19580331;   5;   2;    48.9;   -999;   -999;    5.0;eor
   509;19580401;19580430;   5;   2;    67.7;   -999;   -999;   19.0;eor
   509;19580501;19580531;   5;   2;   104.5;   -999;   -999;   30.0;eor
   509;19580601;19580630;   5;   2;    92.2;   -999;   -999;   21.0;eor
   509;19580701;19580731;   5;   2;   124.4;   -999;   -999;   32.4;eor
   509;19580801;19580831;   5;   2;   135.9;   -999;   -999;   33.9;eor
   509;19580901;19580930;   5;   2;   121.2;   -999;   -999;   26.1;eor
   509;19581001;19581031;   5;   2;   116.5;   -999;   -999;   16.5;eor
   509;19581101;19581130;   5;   2;    16.5;   -999;   -999;    7.7;eor
   509;19581201;19581231;   5;   2;   132.9;   -999;   -999;   17.6;eor
   509;19590101;19590131;   5;   2;    75.7;   -999;   -999;   10.4;eor
   509;19590201;19590228;   5;   2;    24.7;   -999;   -999;   19.0;eor
   509;19590301;19590331;   5;   2;    28.7;   -999;   -999;    7.0;eor
   509;19590401;19590430;   5;   2;    79.9;   -999;   -999;   23.4;eor
   509;19590501;19590531;   5;   2;    78.3;   -999;   -999;   20.8;eor
   509;19590601;19590630;   5;   2;    54.4;   -999;   -999;   11.5;eor
   509;19590701;19590731;   5;   2;    56.7;   -999;   -999;   11.0;eor
   509;19590801;19590831;   5;   2;   111.2;   -999;   -999;   50.1;eor
   509;19590901;19590930;   5;   2;     6.8;   -999;   -999;    4.2;eor
   509;19591001;19591031;   5;   2;    81.3;   -999;   -999;   28.5;eor
   509;19591101;19591130;   5;   2;    56.6;   -999;   -999;   20.0;eor
   509;19591201;19591231;   5;   2;   104.8;   -999;   -999;   14.4;eor
   509;19600101;19600131;   5;   2;    97.6;   -999;   -999;   16.5;eor
   509;19600201;19600229;   5;   2;    34.1;   -999;   -999;   12.2;eor
   509;19600301;19600331;   5;   2;    51.1;   -999;   -999;   11.5;eor
   509;19600401;19600430;   5;   2;    48.6;   -999;   -999;   11.0;eor
   509;19600501;19600531;   5;   2;    88.4;   -999;   -999;   34.0;eor
   509;19600601;19600630;   5;   2;    34.8;   -999;   -999;   15.0;eor
   509;19600701;19600731;   5;   2;    91.2;   -999;   -999;   32.6;eor
   509;19600801;19600831;   5;   2;   115.0;   -999;   -999;   23.7;eor
   509;19600901;19600930;   5;   2;    50.2;   -999;   -999;   25.0;eor
   509;19601001;19601031;   5;   2;   261.8;   -999;   -999;   64.0;eor
   509;19601101;19601130;   5;   2;   120.1;   -999;   -999;   20.0;eor
   509;19601201;19601231;   5;   2;    80.1;   -999;   -999;   13.7;eor
   509;19610101;19610131;   5;   2;    83.2;   -999;   -999;   17.0;eor
   509;19610201;19610228;   5;   2;    79.2;   -999;   -999;   20.3;eor
   509;19610301;19610331;   5;   2;    72.3;   -999;   -999;   29.4;eor
   509;19610401;19610430;   5;   2;    73.4;   -999;   -999;   18.2;eor
   509;19610501;19610531;   5;   2;   153.0;   -999;   -999;   32.3;eor
   509;19610601;19610630;   5;   2;   179.2;   -999;   -999;   37.0;eor
   509;19610701;19610731;   5;   2;   148.3;   -999;   -999;   32.8;eor
   509;19610801;19610831;   5;   2;    95.0;   -999;   -999;   18.2;eor
   509;19610901;19610930;   5;   2;    29.3;   -999;   -999;    7.0;eor
   509;19611001;19611031;   5;   2;    53.1;   -999;   -999;   23.0;eor
   509;19611101;19611130;   5;   2;    69.7;   -999;   -999;   14.8;eor
   509;19611201;19611231;   5;   2;   102.2;   -999;   -999;   24.5;eor
   509;19620101;19620131;   5;   2;    90.5;   -999;   -999;   22.2;eor
   509;19620201;19620228;   5;   2;    79.1;   -999;   -999;   27.2;eor
   509;19620301;19620331;   5;   2;    92.1;   -999;   -999;   20.0;eor
   509;19620401;19620430;   5;   2;    72.1;   -999;   -999;   15.8;eor
   509;19620501;19620531;   5;   2;    96.5;   -999;   -999;   19.1;eor
   509;19620601;19620630;   5;   2;    61.1;   -999;   -999;   22.1;eor
   509;19620701;19620731;   5;   2;    86.3;   -999;   -999;   15.3;eor
   509;19620801;19620831;   5;   2;    66.6;   -999;   -999;   16.0;eor
   509;19620901;19620930;   5;   2;    86.8;   -999;   -999;   22.7;eor
   509;19621001;19621031;   5;   2;    10.5;   -999;   -999;    4.0;eor
   509;19621101;19621130;   5;   2;    24.5;   -999;   -999;    6.6;eor
   509;19621201;19621231;   5;   2;    88.6;   -999;   -999;   19.0;eor
   509;19630101;19630131;   5;   2;    37.1;   -999;   -999;   14.6;eor
   509;19630201;19630228;   5;   2;    17.4;   -999;   -999;    7.8;eor
   509;19630301;19630331;   5;   2;    79.5;   -999;   -999;   14.0;eor
   509;19630401;19630430;   5;   2;    58.7;   -999;   -999;   22.6;eor
   509;19630501;19630531;   5;   2;    33.5;   -999;   -999;   12.0;eor
   509;19630601;19630630;   5;   2;   164.3;   -999;   -999;   40.6;eor
   509;19630701;19630731;   5;   2;    60.7;   -999;   -999;   20.0;eor
   509;19630801;19630831;   5;   2;   144.0;   -999;   -999;   30.0;eor
   509;19630901;19630930;   5;   2;    63.8;   -999;   -999;   19.0;eor
   509;19631001;19631031;   5;   2;    35.4;   -999;   -999;   11.8;eor
   509;19631101;19631130;   5;   2;   151.2;   -999;   -999;   41.5;eor
   509;19631201;19631231;   5;   2;    13.6;   -999;   -999;    5.7;eor
   509;19640101;19640131;   5;   2;    40.4;   -999;   -999;   12.0;eor
   509;19640201;19640229;   5;   2;    46.6;   -999;   -999;    6.6;eor
   509;19640301;19640331;   5;   2;    26.5;   -999;   -999;    7.6;eor
   509;19640401;19640430;   5;   2;    61.9;   -999;   -999;   17.7;eor
   509;19640501;19640531;   5;   2;    85.0;   -999;   -999;   13.3;eor
   509;19640601;19640630;   5;   2;    44.0;   -999;   -999;   11.7;eor
   509;19640701;19640731;   5;   2;    33.5;   -999;   -999;   10.1;eor
   509;19640801;19640831;   5;   2;   102.1;   -999;   -999;   35.8;eor
   509;19640901;19640930;   5;   2;    46.1;   -999;   -999;   18.0;eor
   509;19641001;19641031;   5;   2;    80.4;   -999;   -999;   17.7;eor
   509;19641101;19641130;   5;   2;   107.1;   -999;   -999;   27.4;eor
   509;19641201;19641231;   5;   2;    59.4;   -999;   -999;   12.5;eor
   509;19650101;19650131;   5;   2;   122.7;   -999;   -999;   15.0;eor
   509;19650201;19650228;   5;   2;    86.0;   -999;   -999;   12.0;eor
   509;19650301;19650331;   5;   2;   121.7;   -999;   -999;   21.4;eor
   509;19650401;19650430;   5;   2;   152.3;   -999;   -999;   22.0;eor
   509;19650501;19650531;   5;   2;   140.9;   -999;   -999;   22.4;eor
   509;19650601;19650630;   5;   2;   130.2;   -999;   -999;   24.5;eor
   509;19650701;19650731;   5;   2;   126.1;   -999;   -999;   31.5;eor
   509;19650801;19650831;   5;   2;    47.6;   -999;   -999;   10.0;eor
   509;19650901;19650930;   5;   2;    88.1;   -999;   -999;   26.2;eor
   509;19651001;19651031;   5;   2;    11.4;   -999;   -999;    4.0;eor
   509;19651101;19651130;   5;   2;   155.9;   -999;   -999;   38.5;eor
   509;19651201;19651231;   5;   2;   222.9;   -999;   -999;   43.7;eor
   509;19660101;19660131;   5;   2;    64.7;   -999;   -999;   13.7;eor
   509;19660201;19660228;   5;   2;    87.1;   -999;   -999;   22.2;eor
   509;19660301;19660331;   5;   2;   139.3;   -999;   -999;   17.0;eor
   509;19660401;19660430;   5;   2;    97.0;   -999;   -999;   16.0;eor
   509;19660501;19660531;   5;   2;    94.1;   -999;   -999;   20.0;eor
   509;19660601;19660630;   5;   2;   244.9;   -999;   -999;   55.0;eor
   509;19660701;19660731;   5;   2;   143.4;   -999;   -999;   33.3;eor
   509;19660801;19660831;   5;   2;   117.8;   -999;   -999;   20.7;eor
   509;19660901;19660930;   5;   2;    46.7;   -999;   -999;   14.0;eor
   509;19661001;19661031;   5;   2;    85.3;   -999;   -999;   25.0;eor
   509;19661101;19661130;   5;   2;    93.4;   -999;   -999;   27.0;eor
   509;19661201;19661231;   5;   2;   236.8;   -999;   -999;   31.6;eor
   509;19670101;19670131;   5;   2;    63.5;   -999;   -999;   10.0;eor
   509;19670201;19670228;   5;   2;    86.3;   -999;   -999;   24.8;eor
   509;19670301;19670331;   5;   2;    97.3;   -999;   -999;   23.0;eor
   509;19670401;19670430;   5;   2;    45.8;   -999;   -999;   10.4;eor
   509;19670501;19670531;   5;   2;   122.3;   -999;   -999;   33.2;eor
   509;19670601;19670630;   5;   2;    78.1;   -999;   -999;   22.5;eor
   509;19670701;19670731;   5;   2;    59.8;   -999;   -999;   24.3;eor
   509;19670801;19670831;   5;   2;    67.2;   -999;   -999;   18.3;eor
   509;19670901;19670930;   5;   2;    82.3;   -999;   -999;   17.0;eor
   509;19671001;19671031;   5;   2;    65.8;   -999;   -999;   16.8;eor
   509;19671101;19671130;   5;   2;    59.3;   -999;   -999;   17.2;eor
   509;19671201;19671231;   5;   2;   175.1;   -999;   -999;   40.0;eor
   509;19680101;19680131;   5;   2;   125.7;   -999;   -999;   22.8;eor
   509;19680201;19680229;   5;   2;    61.7;   -999;   -999;   15.2;eor
   509;19680301;19680331;   5;   2;   104.2;   -999;   -999;   17.6;eor
   509;19680401;19680430;   5;   2;    48.5;   -999;   -999;   18.0;eor
   509;19680501;19680531;   5;   2;    68.5;   -999;   -999;   14.5;eor
   509;19680601;19680630;   5;   2;    71.2;   -999;   -999;   14.8;eor
   509;19680701;19680731;   5;   2;    65.0;   -999;   -999;   14.0;eor
   509;19680801;19680831;   5;   2;   124.6;   -999;   -999;   23.3;eor
   509;19680901;19680930;   5;   2;   191.1;   -999;   -999;   32.7;eor
   509;19681001;19681031;   5;   2;    76.5;   -999;   -999;   33.0;eor
   509;19681101;19681130;   5;   2;    50.2;   -999;   -999;   21.9;eor
   509;19681201;19681231;   5;   2;    49.1;   -999;   -999;    6.6;eor
   509;19690101;19690131;   5;   2;    54.7;   -999;   -999;    8.8;eor
   509;19690201;19690228;   5;   2;    47.3;   -999;   -999;    9.3;eor
   509;19690301;19690331;   5;   2;    93.0;   -999;   -999;   23.0;eor
   509;19690401;19690430;   5;   2;   136.8;   -999;   -999;   26.5;eor
   509;19690501;19690531;   5;   2;    64.2;   -999;   -999;   11.8;eor
   509;19690601;19690630;   5;   2;   164.4;   -999;   -999;   47.9;eor
   509;19690701;19690731;   5;   2;    24.5;   -999;   -999;   13.6;eor
   509;19690801;19690831;   5;   2;   129.9;   -999;   -999;   17.5;eor
   509;19690901;19690930;   5;   2;    52.3;   -999;   -999;   20.0;eor
   509;19691001;19691031;   5;   2;    24.9;   -999;   -999;    9.0;eor
   509;19691101;19691130;   5;   2;   101.2;   -999;   -999;   22.8;eor
   509;19691201;19691231;   5;   2;    19.7;   -999;   -999;    5.3;eor
   509;19700101;19700131;   5;   2;    56.9;   -999;   -999;    9.6;eor
   509;19700201;19700228;   5;   2;   178.4;   -999;   -999;   50.0;eor
   509;19700301;19700331;   5;   2;   123.1;   -999;   -999;   18.3;eor
   509;19700401;19700430;   5;   2;   134.3;   -999;   -999;   20.8;eor
   509;19700501;19700531;   5;   2;   117.2;   -999;   -999;   20.4;eor
   509;19700601;19700630;   5;   2;    54.1;   -999;   -999;   17.2;eor
   509;19700701;19700731;   5;   2;   133.0;   -999;   -999;   15.9;eor
   509;19700801;19700831;   5;   2;   171.2;   -999;   -999;   47.2;eor
   509;19700901;19700930;   5;   2;    53.3;   -999;   -999;   15.4;eor
   509;19701001;19701031;   5;   2;   185.3;   -999;   -999;   41.0;eor
   509;19701101;19701130;   5;   2;   109.1;   -999;   -999;   23.8;eor
   509;19701201;19701231;   5;   2;    84.6;   -999;   -999;   13.8;eor
   509;19710101;19710131;   5;   2;    59.4;   -999;   -999;   13.6;eor
   509;19710201;19710228;   5;   2;    57.2;   -999;   -999;   10.8;eor
   509;19710301;19710331;   5;   2;    20.0;   -999;   -999;    4.0;eor
   509;19710401;19710430;   5;   2;    86.5;   -999;   -999;   40.3;eor
   509;19710501;19710531;   5;   2;    80.3;   -999;   -999;   23.7;eor
   509;19710601;19710630;   5;   2;   150.1;   -999;   -999;   24.5;eor
   509;19710701;19710731;   5;   2;     9.0;   -999;   -999;    6.4;eor
   509;19710801;19710831;   5;   2;   111.2;   -999;   -999;   21.8;eor
   509;19710901;19710930;   5;   2;    36.6;   -999;   -999;    6.3;eor
   509;19711001;19711031;   5;   2;    27.5;   -999;   -999;   12.2;eor
   509;19711101;19711130;   5;   2;    96.5;   -999;   -999;   50.7;eor
   509;19711201;19711231;   5;   2;    59.0;   -999;   -999;   15.2;eor
   509;19720101;19720131;   5;   2;    10.9;   -999;   -999;    2.1;eor
   509;19720201;19720229;   5;   2;     9.7;   -999;   -999;    6.0;eor
   509;19720301;19720331;   5;   2;    52.3;   -999;   -999;   23.8;eor
   509;19720401;19720430;   5;   2;    99.3;   -999;   -999;   16.1;eor
   509;19720501;19720531;   5;   2;   122.3;   -999;   -999;   22.6;eor
   509;19720601;19720630;   5;   2;    97.6;   -999;   -999;   22.2;eor
   509;19720701;19720731;   5;   2;   101.1;   -999;   -999;   53.7;eor
   509;19720801;19720831;   5;   2;   113.0;   -999;   -999;   71.3;eor
   509;19720901;19720930;   5;   2;    70.3;   -999;   -999;   17.7;eor
   509;19721001;19721031;   5;   2;    44.9;   -999;   -999;   15.4;eor
   509;19721101;19721130;   5;   2;    79.6;   -999;   -999;   12.5;eor
   509;19721201;19721231;   5;   2;    14.4;   -999;   -999;    6.2;eor
   509;19730101;19730131;   5;   2;    39.2;   -999;   -999;   10.2;eor
   509;19730201;19730228;   5;   2;    81.8;   -999;   -999;   15.9;eor
   509;19730301;19730331;   5;   2;    27.7;   -999;   -999;    9.9;eor
   509;19730401;19730430;   5;   2;    73.5;   -999;   -999;   10.0;eor
   509;19730501;19730531;   5;   2;    69.4;   -999;   -999;   11.0;eor
   509;19730601;19730630;   5;   2;    86.0;   -999;   -999;   15.8;eor
   509;19730701;19730731;   5;   2;   118.6;   -999;   -999;   17.6;eor
   509;19730801;19730831;   5;   2;    84.3;   -999;   -999;   42.5;eor
   509;19730901;19730930;   5;   2;    21.6;   -999;   -999;   11.1;eor
   509;19731001;19731031;   5;   2;   143.8;   -999;   -999;   27.6;eor
   509;19731101;19731130;   5;   2;   100.4;   -999;   -999;   28.0;eor
   509;19731201;19731231;   5;   2;   115.1;   -999;   -999;   16.6;eor
   509;19740101;19740131;   5;   2;    81.7;   -999;   -999;   15.7;eor
   509;19740201;19740228;   5;   2;    66.9;   -999;   -999;   15.2;eor
   509;19740301;19740331;   5;   2;    42.2;   -999;   -999;   13.2;eor
   509;19740401;19740430;   5;   2;    22.0;   -999;   -999;    5.0;eor
   509;19740501;19740531;   5;   2;    88.3;   -999;   -999;   21.3;eor
   509;19740601;19740630;   5;   2;   122.6;   -999;   -999;   21.5;eor
   509;19740701;19740731;   5;   2;   159.4;   -999;   -999;   29.1;eor
   509;19740801;19740831;   5;   2;    87.7;   -999;   -999;   25.3;eor
   509;19740901;19740930;   5;   2;    82.9;   -999;   -999;   28.0;eor
   509;19741001;19741031;   5;   2;   231.2;   -999;   -999;   51.9;eor
   509;19741101;19741130;   5;   2;    97.7;   -999;   -999;   21.7;eor
   509;19741201;19741231;   5;   2;   252.3;   -999;   -999;   34.2;eor
   509;19750101;19750131;   5;   2;    99.0;   -999;   -999;   13.0;eor
   509;19750201;19750228;   5;   2;    25.7;   -999;   -999;   13.3;eor
   509;19750301;19750331;   5;   2;    85.5;   -999;   -999;   22.2;eor
   509;19750401;19750430;   5;   2;    75.1;   -999;   -999;   12.8;eor
   509;19750501;19750531;   5;   2;    55.5;   -999;   -999;   14.8;eor
   509;19750601;19750630;   5;   2;   167.4;   -999;   -999;   22.0;eor
   509;19750701;19750731;   5;   2;    81.9;   -999;   -999;   20.9;eor
   509;19750801;19750831;   5;   2;    91.4;   -999;   -999;   35.9;eor
   509;19750901;19750930;   5;   2;    38.4;   -999;   -999;   13.6;eor
   509;19751001;19751031;   5;   2;    45.8;   -999;   -999;   10.8;eor
   509;19751101;19751130;   5;   2;    62.7;   -999;   -999;   11.2;eor
   509;19751201;19751231;   5;   2;    40.8;   -999;   -999;   11.4;eor
   509;19760101;19760131;   5;   2;   254.0;   -999;   -999;   27.0;eor
   509;19760201;19760229;   5;   2;    18.7;   -999;   -999;    6.9;eor
   509;19760301;19760331;   5;   2;    38.3;   -999;   -999;   12.5;eor
   509;19760401;19760430;   5;   2;    17.1;   -999;   -999;    5.4;eor
   509;19760501;19760531;   5;   2;    92.4;   -999;   -999;   36.6;eor
   509;19760601;19760630;   5;   2;    35.6;   -999;   -999;   13.4;eor
   509;19760701;19760731;   5;   2;    56.1;   -999;   -999;   16.5;eor
   509;19760801;19760831;   5;   2;    39.2;   -999;   -999;   10.9;eor
   509;19760901;19760930;   5;   2;    68.0;   -999;   -999;   17.6;eor
   509;19761001;19761031;   5;   2;    50.0;   -999;   -999;   19.3;eor
   509;19761101;19761130;   5;   2;   101.6;   -999;   -999;   23.9;eor
   509;19761201;19761231;   5;   2;    72.2;   -999;   -999;   25.0;eor
   509;19770101;19770131;   5;   2;    83.5;   -999;   -999;   26.0;eor
   509;19770201;19770228;   5;   2;   124.6;   -999;   -999;   22.1;eor
   509;19770301;19770331;   5;   2;    92.0;   -999;   -999;   29.0;eor
   509;19770401;19770430;   5;   2;   112.5;   -999;   -999;   20.7;eor
   509;19770501;19770531;   5;   2;    26.7;   -999;   -999;    7.0;eor
   509;19770601;19770630;   5;   2;   130.9;   -999;   -999;   26.5;eor
   509;19770701;19770731;   5;   2;    87.7;   -999;   -999;   31.2;eor
   509;19770801;19770831;   5;   2;   111.7;   -999;   -999;   20.2;eor
   509;19770901;19770930;   5;   2;    87.7;   -999;   -999;   23.7;eor
   509;19771001;19771031;   5;   2;    68.5;   -999;   -999;   19.0;eor
   509;19771101;19771130;   5;   2;   187.3;   -999;   -999;   27.4;eor
   509;19771201;19771231;   5;   2;   103.5;   -999;   -999;   24.4;eor
   509;19780101;19780131;   5;   2;    63.4;   -999;   -999;   17.6;eor
   509;19780201;19780228;   5;   2;    36.8;   -999;   -999;    8.0;eor
   509;19780301;19780331;   5;   2;   107.8;   -999;   -999;   14.0;eor
   509;19780401;19780430;   5;   2;    23.2;   -999;   -999;    6.9;eor
   509;19780501;19780531;   5;   2;   146.7;   -999;   -999;   57.8;eor
   509;19780601;19780630;   5;   2;    73.1;   -999;   -999;   12.5;eor
   509;19780701;19780731;   5;   2;   129.9;   -999;   -999;   29.0;eor
   509;19780801;19780831;   5;   2;   145.6;   -999;   -999;   41.0;eor
   509;19780901;19780930;   5;   2;   138.8;   -999;   -999;   26.3;eor
   509;19781001;19781031;   5;   2;    77.7;   -999;   -999;   15.9;eor
   509;19781101;19781130;   5;   2;    22.5;   -999;   -999;    8.2;eor
   509;19781201;19781231;   5;   2;   201.3;   -999;   -999;   46.8;eor
   509;19790101;19790131;   5;   2;    66.4;     70;    902;    8.5;eor
   509;19790201;19790228;   5;   2;    79.0;     28;    765;   15.7;eor
   509;19790301;19790331;   5;   2;   142.5;     44;    166;   22.6;eor
   509;19790401;19790430;   5;   2;    82.7;     16;    166;   13.8;eor
   509;19790501;19790531;   5;   2;    50.0;      3;      3;   18.3;eor
   509;19790601;19790630;   5;   2;    39.7;      0;      0;   10.6;eor
   509;19790701;19790731;   5;   2;   100.1;      0;      0;   16.4;eor
   509;19790801;19790831;   5;   2;    87.0;      0;      0;   25.4;eor
   509;19790901;19790930;   5;   2;   108.1;      0;      0;   29.4;eor
   509;19791001;19791031;   5;   2;    20.3;      0;      0;    9.4;eor
   509;19791101;19791130;   5;   2;   113.1;     26;    146;   19.3;eor
   509;19791201;19791231;   5;   2;   174.6;     29;    108;   33.6;eor
   509;19800101;19800131;   5;   2;    96.5;     68;   1286;   22.1;eor
   509;19800201;19800229;   5;   2;   124.8;     12;    240;   27.0;eor
   509;19800301;19800331;   5;   2;    78.7;     29;     99;   24.0;eor
   509;19800401;19800430;   5;   2;   152.6;    106;    345;   36.2;eor
   509;19800501;19800531;   5;   2;    47.2;      0;      5;   18.0;eor
   509;19800601;19800630;   5;   2;   139.8;      0;      0;   35.8;eor
   509;19800701;19800731;   5;   2;   249.9;      0;      0;   43.5;eor
   509;19800801;19800831;   5;   2;    86.8;      0;      0;   22.7;eor
   509;19800901;19800930;   5;   2;    63.4;      0;      0;   23.1;eor
   509;19801001;19801031;   5;   2;   134.5;      2;      2;   35.7;eor
   509;19801101;19801130;   5;   2;    68.4;     16;     31;   25.7;eor
   509;19801201;19801231;   5;   2;   103.6;     51;    394;   22.0;eor
   509;19810101;19810131;  10;   2;   150.4;    119;   1606;   34.0;eor
   509;19810201;19810228;  10;   2;    72.8;     37;   1795;   27.6;eor
   509;19810301;19810331;  10;   2;   145.2;     28;    503;   34.5;eor
   509;19810401;19810430;  10;   2;    79.6;     16;     21;   32.3;eor
   509;19810501;19810531;  10;   2;   126.3;      0;      0;   26.8;eor
   509;19810601;19810630;  10;   2;    56.7;      0;      0;   13.5;eor
   509;19810701;19810731;  10;   2;   161.9;      0;      0;   22.5;eor
   509;19810801;19810831;  10;   2;    82.4;      0;      0;   20.0;eor
   509;19810901;19810930;  10;   2;    64.7;      0;      0;   22.5;eor
   509;19811001;19811031;  10;   2;   194.1;     20;     25;   37.7;eor
   509;19811101;19811130;  10;   2;   153.5;     53;    160;   25.0;eor
   509;19811201;19811231;  10;   2;   165.0;    148;   2486;   20.1;eor
   509;19820101;19820131;  10;   2;   128.9;     48;    994;   30.8;eor
   509;19820201;19820228;  10;   2;    21.8;      3;    654;   12.5;eor
   509;19820301;19820331;  10;   2;    69.8;     23;    223;   18.9;eor
   509;19820401;19820430;  10;   2;    99.7;     24;     53;   28.7;eor
   509;19820501;19820531;  10;   2;    62.4;      2;      2;   17.6;eor
   509;19820601;19820630;  10;   2;   102.1;      0;      0;   12.6;eor
   509;19820701;19820731;  10;   2;    52.9;      0;      0;   20.0;eor
   509;19820801;19820831;  10;   2;    69.0;      0;      0;   21.5;eor
   509;19820901;19820930;  10;   2;    29.2;      0;      0;   13.5;eor
   509;19821001;19821031;  10;   2;   122.7;      0;      0;   32.7;eor
   509;19821101;19821130;  10;   2;    65.4;     14;     28;   19.0;eor
   509;19821201;19821231;  10;   2;   143.4;     41;    143;   21.9;eor
   509;19830101;19830131;  10;   2;   200.9;     37;    148;   29.1;eor
   509;19830201;19830228;  10;   2;    59.5;     23;    437;    7.8;eor
   509;19830301;19830331;  10;   2;    79.2;     28;    103;   16.4;eor
   509;19830401;19830430;  10;   2;   171.4;     13;     18;   36.1;eor
   509;19830501;19830531;  10;   2;   123.9;      0;      0;   22.2;eor
   509;19830601;19830630;  10;   2;    38.9;      0;      0;   12.3;eor
   509;19830701;19830731;  10;   2;    40.5;      0;      0;   19.4;eor
   509;19830801;19830831;  10;   2;   116.7;      0;      0;   31.8;eor
   509;19830901;19830930;  10;   2;    91.7;      0;      0;   23.0;eor
   509;19831001;19831031;  10;   2;    53.0;      0;      0;   15.9;eor
   509;19831101;19831130;  10;   2;    91.9;      8;     29;   29.6;eor
   509;19831201;19831231;  10;   2;    47.6;     20;    204;   13.8;eor
   509;19840101;19840131;  10;   2;   164.7;    111;    747;   22.4;eor
   509;19840201;19840229;  10;   2;    97.1;     59;   1169;   36.1;eor
   509;19840301;19840331;  10;   2;    26.6;     13;    944;    7.5;eor
   509;19840401;19840430;  10;   2;    58.2;     22;     86;   20.9;eor
   509;19840501;19840531;  10;   2;   154.6;      0;      0;   33.3;eor
   509;19840601;19840630;  10;   2;   170.0;      0;      0;   55.6;eor
   509;19840701;19840731;  10;   2;   130.3;      0;      0;   30.1;eor
   509;19840801;19840831;  10;   2;   138.4;      0;      0;   40.8;eor
   509;19840901;19840930;  10;   2;   191.1;      0;      0;   36.7;eor
   509;19841001;19841031;  10;   2;    61.9;      0;      0;   14.9;eor
   509;19841101;19841130;  10;   2;    70.2;      0;      0;   31.7;eor
   509;19841201;19841231;  10;   2;    29.7;      7;     13;    6.1;eor
   509;19850101;19850131;  10;   2;    76.6;     66;    521;   11.0;eor
   509;19850201;19850228;  10;   2;    38.7;     23;    294;   15.2;eor
   509;19850301;19850331;  10;   2;    54.5;     46;    227;   11.1;eor
   509;19850401;19850430;  10;   2;    74.4;     16;     28;   12.2;eor
   509;19850501;19850531;  10;   2;    99.6;      8;     15;   22.7;eor
   509;19850601;19850630;  10;   2;   144.3;      0;      0;   22.6;eor
   509;19850701;19850731;  10;   2;    97.5;      0;      0;   21.5;eor
   509;19850801;19850831;  10;   2;    70.6;      0;      0;   14.0;eor
   509;19850901;19850930;  10;   2;    81.1;      0;      0;   20.8;eor
   509;19851001;19851031;  10;   2;    41.7;      0;      0;   23.0;eor
   509;19851101;19851130;  10;   2;    88.9;     30;    154;   18.8;eor
   509;19851201;19851231;  10;   2;   115.3;     24;     98;   19.2;eor
   509;19860101;19860131;  10;   2;   241.9;    138;    957;   36.0;eor
   509;19860201;19860228;  10;   2;    14.9;     24;   1300;    9.3;eor
   509;19860301;19860331;  10;   2;    94.1;     10;    723;   18.7;eor
   509;19860401;19860430;  10;   2;    45.1;      8;     19;    8.8;eor
   509;19860501;19860531;  10;   2;   137.3;      0;      0;   27.3;eor
   509;19860601;19860630;  10;   2;   110.1;      0;      0;   25.1;eor
   509;19860701;19860731;  10;   2;    99.9;      0;      0;   17.0;eor
   509;19860801;19860831;  10;   2;   172.3;      0;      0;   32.8;eor
   509;19860901;19860930;  10;   2;    66.0;      0;      0;   20.0;eor
   509;19861001;19861031;  10;   2;   131.8;      0;      0;   32.1;eor
   509;19861101;19861130;  10;   2;    52.2;      0;      0;   13.7;eor
   509;19861201;19861231;  10;   2;   243.0;    109;    483;   40.1;eor
   509;19870101;19870131;  10;   2;   118.1;    109;   1330;   24.0;eor
   509;19870201;19870228;  10;   2;    92.8;     23;   1231;   18.5;eor
   509;19870301;19870331;  10;   2;   129.4;     65;   1603;   27.8;eor
   509;19870401;19870430;  10;   2;    65.9;      2;    150;   19.2;eor
   509;19870501;19870531;  10;   2;   111.8;      0;      0;   37.7;eor
   509;19870601;19870630;  10;   2;   221.5;      0;      0;   31.3;eor
   509;19870701;19870731;  10;   2;   147.4;      0;      0;   29.8;eor
   509;19870801;19870831;  10;   2;    77.8;      0;      0;   11.1;eor
   509;19870901;19870930;  10;   2;    53.2;      0;      0;   20.9;eor
   509;19871001;19871031;  10;   2;    36.7;      0;      0;    9.0;eor
   509;19871101;19871130;  10;   2;    91.8;      0;      0;   14.2;eor
   509;19871201;19871231;  10;   2;   108.8;      2;      7;   31.8;eor
   509;19880101;19880131;  10;   2;   128.3;     49;    234;   21.4;eor
   509;19880201;19880229;  10;   2;   175.1;    114;    781;   21.6;eor
   509;19880301;19880331;  10;   2;   286.5;    140;   2261;   40.5;eor
   509;19880401;19880430;  10;   2;    57.0;     13;    313;   22.0;eor
   509;19880501;19880531;  10;   2;    26.3;      0;      0;    6.3;eor
   509;19880601;19880630;  10;   2;    63.9;      0;      0;   16.3;eor
   509;19880701;19880731;  10;   2;   108.7;      0;      0;   34.3;eor
   509;19880801;19880831;  10;   2;    74.9;      0;      0;   16.4;eor
   509;19880901;19880930;  10;   2;   128.7;      0;      0;   22.8;eor
   509;19881001;19881031;  10;   2;    59.0;      1;      1;   21.7;eor
   509;19881101;19881130;  10;   2;   118.6;     38;    210;   19.2;eor
   509;19881201;19881231;  10;   2;   196.0;     53;    357;   23.8;eor
   509;19890101;19890131;  10;   2;    52.5;     21;     66;   18.1;eor
   509;19890201;19890228;  10;   2;    91.9;     29;     70;   14.8;eor
   509;19890301;19890331;  10;   2;    78.8;     11;     74;   14.8;eor
   509;19890401;19890430;  10;   2;    80.0;      7;      9;   18.4;eor
   509;19890501;19890531;  10;   2;    27.8;      0;      0;    6.2;eor
   509;19890601;19890630;  10;   2;    86.1;      0;      0;   25.6;eor
   509;19890701;19890731;  10;   2;   103.3;      0;      0;   18.3;eor
   509;19890801;19890831;  10;   2;    88.2;      0;      0;   22.9;eor
   509;19890901;19890930;  10;   2;   105.9;      0;      0;   44.2;eor
   509;19891001;19891031;  10;   2;   117.4;      0;      0;   23.1;eor
   509;19891101;19891130;  10;   2;    79.1;     19;     81;   23.0;eor
   509;19891201;19891231;  10;   2;   112.6;      4;    152;   23.7;eor
   509;19900101;19900131;  10;   2;    61.6;      8;     27;   17.6;eor
   509;19900201;19900228;  10;   2;   138.7;     78;    256;   23.2;eor
   509;19900301;19900331;  10;   2;    55.3;     24;    159;   10.0;eor
   509;19900401;19900430;  10;   2;    73.6;      2;      2;   10.6;eor
   509;19900501;19900531;  10;   2;    29.4;      0;      0;   15.5;eor
   509;19900601;19900630;  10;   2;   149.4;      0;      0;   37.5;eor
   509;19900701;19900731;  10;   2;    35.3;      0;      0;   10.5;eor
   509;19900801;19900831;  10;   2;    71.7;      0;      0;   16.3;eor
   509;19900901;19900930;  10;   2;   113.3;      0;      0;   24.5;eor
   509;19901001;19901031;  10;   2;    63.6;      0;      0;   27.3;eor
   509;19901101;19901130;  10;   2;   203.9;     29;     76;   55.3;eor
   509;19901201;19901231;  10;   2;    87.1;     48;    434;   14.7;eor
   509;19910101;19910131;   9;   2;    80.0;      9;     26;   14.4;eor
   509;19910201;19910228;   9;   2;    46.2;     67;    442;   12.3;eor
   509;19910301;19910331;   9;   2;    37.4;      0;     65;   20.7;eor
   509;19910401;19910430;   9;   2;    30.9;      1;      1;   13.7;eor
   509;19910501;19910531;   9;   2;    55.9;      0;      0;   22.0;eor
   509;19910601;19910630;   9;   2;   160.0;      0;      0;   45.5;eor
   509;19910701;19910731;   9;   2;    29.6;      0;      0;    9.1;eor
   509;19910801;19910831;   9;   2;    36.8;      0;      0;   19.7;eor
   509;19910901;19910930;   9;   2;    68.5;      0;      0;   29.3;eor
   509;19911001;19911031;   9;   2;    30.6;      0;      0;    8.6;eor
   509;19911101;19911130;   9;   2;   121.9;      4;      6;   31.6;eor
   509;19911201;19911231;   9;   2;   153.7;     30;    145;   46.5;eor
   509;19920101;19920131;   9;   2;    72.9;     17;    216;   31.9;eor
   509;19920201;19920229;   9;   2;    75.8;     44;    306;   10.4;eor
   509;19920301;19920331;   9;   2;   135.2;     72;    219;   37.8;eor
   509;19920401;19920430;   9;   2;    58.6;      3;     13;   13.5;eor
   509;19920501;19920531;   9;   2;    31.8;      0;      0;   13.7;eor
   509;19920601;19920630;   9;   2;   101.3;      0;      0;   26.6;eor
   509;19920701;19920731;   9;   2;   189.0;      0;      0;   87.1;eor
   509;19920801;19920831;   9;   2;    93.0;      0;      0;   25.4;eor
   509;19920901;19920930;   9;   2;    51.4;      0;      0;   13.2;eor
   509;19921001;19921031;   9;   2;   100.1;      6;      6;   23.6;eor
   509;19921101;19921130;   9;   2;   155.5;     24;     58;   19.1;eor
   509;19921201;19921231;   9;   2;    59.1;     16;    114;   12.5;eor
   509;19930101;19930131;   9;   2;   162.6;     40;    151;   24.5;eor
   509;19930201;19930228;   9;   2;    61.8;     74;    896;   18.2;eor
   509;19930301;19930331;   9;   2;    40.4;     18;    810;    9.5;eor
   509;19930401;19930430;   9;   2;    58.0;      0;      0;   19.6;eor
   509;19930501;19930531;   9;   2;    68.3;      0;      0;   24.4;eor
   509;19930601;19930630;   9;   2;   180.2;      0;      0;   44.2;eor
   509;19930701;19930731;   9;   2;   168.1;      0;      0;   22.9;eor
   509;19930801;19930831;   9;   2;    81.0;      0;      0;   31.2;eor
   509;19930901;19930930;   9;   2;    87.8;      0;      0;   16.2;eor
   509;19931001;19931031;   9;   2;    77.6;      0;      0;   19.7;eor
   509;19931101;19931130;   9;   2;    54.5;     17;    115;   18.6;eor
   509;19931201;19931231;   9;   2;   262.7;     70;    263;   45.4;eor
   509;19940101;19940131;   9;   2;   151.6;     30;     79;   18.6;eor
   509;19940201;19940228;   9;   2;    71.1;     38;    375;   16.6;eor
   509;19940301;19940331;   9;   2;   160.6;     21;     53;   19.0;eor
   509;19940401;19940430;   9;   2;    86.7;      4;      4;   29.3;eor
   509;19940501;19940531;   9;   2;    67.8;      0;      0;   12.7;eor
   509;19940601;19940630;   9;   2;    65.2;      0;      0;   12.3;eor
   509;19940701;19940731;   9;   2;    94.0;      0;      0;   54.6;eor
   509;19940801;19940831;   9;   2;   201.5;      0;      0;   68.3;eor
   509;19940901;19940930;   9;   2;   100.7;      0;      0;   34.6;eor
   509;19941001;19941031;   9;   2;   107.6;      0;      0;   26.1;eor
   509;19941101;19941130;   9;   2;    83.1;      0;      0;   18.8;eor
   509;19941201;19941231;   9;   2;   161.8;      8;     34;   35.2;eor
   509;19950101;19950131;   9;   2;   225.1;    125;    901;   42.1;eor
   509;19950201;19950228;   9;   2;   136.0;     27;    123;   32.5;eor
   509;19950301;19950331;   9;   2;   115.4;     63;    289;   20.3;eor
   509;19950401;19950430;   9;   2;   100.9;     11;     21;   24.3;eor
   509;19950501;19950531;   9;   2;    46.0;      0;      0;   11.4;eor
   509;19950601;19950630;   9;   2;   148.5;      0;      0;   35.7;eor
   509;19950701;19950731;   9;   2;    89.6;      0;      0;   37.8;eor
   509;19950801;19950831;   9;   2;   127.6;      0;      0;   29.0;eor
   509;19950901;19950930;   9;   2;   125.2;      0;      0;   37.8;eor
   509;19951001;19951031;   9;   2;    22.4;      0;      0;    6.1;eor
   509;19951101;19951130;   9;   2;    91.1;     29;    119;   15.9;eor
   509;19951201;19951231;   9;   2;    86.3;     27;    161;   32.8;eor
   509;19960101;19960131;   9;   2;     2.6;      0;     93;    2.6;eor
   509;19960201;19960229;   9;   2;    64.9;     72;    629;   12.4;eor
   509;19960301;19960331;   9;   2;    37.0;     39;    704;    9.4;eor
   509;19960401;19960430;   9;   2;    31.7;     19;    117;    7.1;eor
   509;19960501;19960531;   9;   2;   115.4;      0;      0;   17.1;eor
   509;19960601;19960630;   9;   2;    76.3;      0;      0;   24.0;eor
   509;19960701;19960731;   9;   2;   173.9;      0;      0;   53.2;eor
   509;19960801;19960831;   9;   2;    84.1;      0;      0;   29.5;eor
   509;19960901;19960930;   9;   2;    67.1;      0;      0;   17.9;eor
   509;19961001;19961031;   9;   2;   128.2;      0;      0;   34.4;eor
   509;19961101;19961130;   9;   2;    98.4;     36;     72;   12.8;eor
   509;19961201;19961231;   9;   2;    40.3;     25;    479;   11.5;eor
   509;19970101;19970131;   9;   2;    39.4;     14;    445;   26.2;eor
   509;19970201;19970228;   9;   2;   157.9;     36;    359;   36.4;eor
   509;19970301;19970331;   9;   2;    95.9;     10;     10;   26.4;eor
   509;19970401;19970430;   9;   2;    52.0;      6;      6;   22.1;eor
   509;19970501;19970531;   9;   2;    68.6;      3;      3;   20.9;eor
   509;19970601;19970630;   9;   2;    85.3;      0;      0;   23.8;eor
   509;19970701;19970731;   9;   2;   145.5;      0;      0;   21.2;eor
   509;19970801;19970831;   9;   2;    74.0;      0;      0;   16.4;eor
   509;19970901;19970930;   9;   2;    28.4;      0;      0;   12.4;eor
   509;19971001;19971031;   9;   2;    68.0;      1;      2;   16.4;eor
   509;19971101;19971130;   9;   2;    29.8;      0;      0;   17.8;eor
   509;19971201;19971231;   9;   2;   122.8;     24;    107;   26.9;eor
   509;19980101;19980131;   9;   2;   101.7;     31;    228;   25.9;eor
   509;19980201;19980228;   9;   2;    24.9;      5;    265;    6.1;eor
   509;19980301;19980331;   9;   2;   119.0;     33;     58;   38.0;eor
   509;19980401;19980430;   9;   2;    62.6;      0;      0;    7.1;eor
   509;19980501;19980531;   9;   2;    42.2;      0;      0;   11.9;eor
   509;19980601;19980630;   9;   2;   118.8;      0;      0;   57.2;eor
   509;19980701;19980731;   9;   2;   183.1;      0;      0;   25.6;eor
   509;19980801;19980831;   9;   2;    83.5;      0;      0;   20.6;eor
   509;19980901;19980930;   9;   2;   208.1;      0;      0;   44.9;eor
   509;19981001;19981031;   9;   2;   295.9;      0;      0;   33.8;eor
   509;19981101;19981130;   9;   2;   114.5;     34;    196;   16.6;eor
   509;19981201;19981231;   9;   2;    75.3;     53;    335;   13.5;eor
   509;19990101;19990131;   9;   2;   134.1;     85;    486;   17.3;eor
   509;19990201;19990228;   9;   2;   143.3;    113;    932;   26.0;eor
   509;19990301;19990331;   9;   2;   106.3;      8;     74;   24.1;eor
   509;19990401;19990430;   9;   2;    86.1;      5;      5;   15.3;eor
   509;19990501;19990531;   9;   2;    88.1;      0;      0;   21.1;eor
   509;19990601;19990630;   9;   2;   140.0;      0;      0;   32.5;eor
   509;19990701;19990731;   9;   2;   131.3;      0;      0;   44.7;eor
   509;19990801;19990831;   9;   2;    86.5;      0;      0;   25.1;eor
   509;19990901;19990930;   9;   2;    92.3;      0;      0;   20.7;eor
   509;19991001;19991031;   9;   2;    84.2;      0;      0;   19.6;eor
   509;19991101;19991130;   9;   2;    85.2;     21;    128;   19.2;eor
   509;19991201;19991231;   9;   2;   188.6;     92;    462;   34.9;eor
   509;20000101;20000131;   9;   2;   104.0;     32;    913;   22.1;eor
   509;20000201;20000229;   9;   2;   136.3;     33;    238;   15.6;eor
   509;20000301;20000331;   9;   2;   189.4;     38;     74;   31.2;eor
   509;20000401;20000430;   9;   2;    33.5;      0;      0;    8.0;eor
   509;20000501;20000531;   9;   2;    52.9;      0;      0;   10.1;eor
   509;20000601;20000630;   9;   2;    75.0;      0;      0;   30.2;eor
   509;20000701;20000731;   9;   2;   172.1;      0;      0;   21.9;eor
   509;20000801;20000831;   9;   2;    44.7;      0;      0;   13.7;eor
   509;20000901;20000930;   9;   2;    81.3;      0;      0;   18.7;eor
   509;20001001;20001031;   9;   2;    80.5;      0;      0;   14.5;eor
   509;20001101;20001130;   9;   2;    55.5;      0;      0;   10.5;eor
   509;20001201;20001231;   9;   2;    77.5;     14;     75;   16.3;eor
   509;20010101;20010131;   9;   2;    97.2;     27;    151;   18.2;eor
   509;20010201;20010228;   9;   2;    76.8;     47;    175;   19.2;eor
   509;20010301;20010331;   9;   2;   208.4;     19;    151;   23.2;eor
   509;20010401;20010430;   9;   2;   104.6;      7;      9;   22.0;eor
   509;20010501;20010531;   9;   2;    17.5;      0;      0;    5.1;eor
   509;20010601;20010630;   9;   2;   118.6;      0;      0;   21.2;eor
   509;20010701;20010731;   9;   2;    95.4;      0;      0;   39.9;eor
   509;20010801;20010831;   9;   2;    46.2;      0;      0;   11.7;eor
   509;20010901;20010930;   9;   2;   183.4;      0;      0;   24.9;eor
   509;20011001;20011031;   9;   2;    58.3;      0;      0;   13.5;eor
   509;20011101;20011130;   9;   2;   164.7;     30;    122;   39.8;eor
   509;20011201;20011231;   9;   2;   205.0;    169;    823;   48.1;eor
   509;20020101;20020131;   9;   2;    99.9;     14;   1889;   33.4;eor
   509;20020201;20020228;   9;   2;   222.6;     53;    154;   29.4;eor
   509;20020301;20020331;   9;   2;   102.9;     10;     89;   27.9;eor
   509;20020401;20020430;   9;   2;    45.3;      0;      0;   18.1;eor
   509;20020501;20020531;   9;   2;    63.4;      0;      0;   13.6;eor
   509;20020601;20020630;   9;   2;    77.5;      0;      0;   32.9;eor
   509;20020701;20020731;   9;   2;   100.3;      0;      0;   27.0;eor
   509;20020801;20020831;   9;   2;   137.1;      0;      0;   36.5;eor
   509;20020901;20020930;   9;   2;    81.1;      2;      2;   32.0;eor
   509;20021001;20021031;   9;   2;   177.8;      0;      0;   35.1;eor
   509;20021101;20021130;   9;   2;   204.6;     16;     25;   31.8;eor
   509;20021201;20021231;   9;   2;   112.5;      2;      4;   35.1;eor
   509;20030101;20030131;   9;   2;   152.8;     62;    262;   28.0;eor
   509;20030201;20030228;   9;   2;    32.3;     48;   1113;   10.2;eor
   509;20030301;20030331;   9;   2;    24.0;      3;    220;    5.8;eor
   509;20030401;20030430;   9;   2;    46.4;     16;     23;   11.6;eor
   509;20030501;20030531;   9;   2;   109.4;      0;      0;   18.7;eor
   509;20030601;20030630;   9;   2;    55.2;      0;      0;   21.0;eor
   509;20030701;20030731;   9;   2;    95.5;      0;      0;   26.1;eor
   509;20030801;20030831;   9;   2;    17.2;      0;      0;    3.9;eor
   509;20030901;20030930;   9;   2;    72.4;      0;      0;   40.0;eor
   509;20031001;20031031;   9;   2;   110.5;      6;      8;   24.4;eor
   509;20031101;20031130;   9;   2;    30.1;      0;      0;    8.3;eor
   509;20031201;20031231;   9;   2;    98.5;     29;    106;   48.9;eor
   509;20040101;20040131;   9;   2;   140.6;     90;    648;   23.4;eor
   509;20040201;20040229;   9;   2;    79.2;     56;    415;   17.3;eor
   509;20040301;20040331;   9;   2;    56.4;     20;    362;   13.6;eor
   509;20040401;20040430;   9;   2;    54.8;      3;      3;   12.2;eor
   509;20040501;20040531;   9;   2;   106.9;      0;      0;   32.2;eor
   509;20040601;20040630;   9;   2;    77.0;      0;      0;   15.6;eor
   509;20040701;20040731;   9;   2;   124.8;      0;      0;   18.7;eor
   509;20040801;20040831;   9;   2;   127.4;      0;      0;   30.4;eor
   509;20040901;20040930;   9;   2;   120.5;      0;      0;   40.1;eor
   509;20041001;20041031;   9;   2;    81.7;      0;      0;   20.9;eor
   509;20041101;20041130;   9;   2;   165.8;     48;     88;   45.4;eor
   509;20041201;20041231;   9;   2;    83.5;     37;    178;   24.6;eor
   509;20050101;20050131;   9;   2;   157.2;     67;    322;   40.2;eor
   509;20050201;20050228;   9;   2;   157.9;     96;   1089;   40.9;eor
   509;20050301;20050331;   9;   2;    41.1;     28;    783;   13.5;eor
   509;20050401;20050430;   9;   2;    57.8;      0;      0;   13.9;eor
   509;20050501;20050531;   9;   2;    86.2;      0;      0;   17.5;eor
   509;20050601;20050630;   9;   2;    51.4;      0;      0;   26.6;eor
   509;20050701;20050731;   9;   2;   127.7;      0;      0;   18.9;eor
   509;20050801;20050831;   9;   2;   163.5;      0;      0;   31.8;eor
   509;20050901;20050930;   9;   2;   115.4;      0;      0;   29.8;eor
   509;20051001;20051031;   9;   2;    32.5;      0;      0;   16.7;eor
   509;20051101;20051130;   9;   2;    65.2;     45;    178;   13.7;eor
   509;20051201;20051231;   9;   2;   147.2;     87;    643;   28.4;eor
   509;20060101;20060131;   9;   2;    50.1;     38;   1025;   14.0;eor
   509;20060201;20060228;   9;   2;   127.6;    101;   1859;   26.4;eor
   509;20060301;20060331;   9;   2;   149.7;     90;   2161;   30.2;eor
   509;20060401;20060430;   9;   2;   106.3;      3;     13;   23.9;eor
   509;20060501;20060531;   9;   2;   246.6;      0;      0;   75.4;eor
   509;20060601;20060630;   9;   2;    61.5;      0;      0;   22.4;eor
   509;20060701;20060731;   9;   2;    76.7;      0;      0;   27.9;eor
   509;20060801;20060831;   9;   2;   199.4;      0;      0;   33.6;eor
   509;20060901;20060930;   9;   2;    50.0;      0;      0;   35.3;eor
   509;20061001;20061031;   9;   2;   125.7;      0;      0;   53.5;eor
   509;20061101;20061130;   9;   2;    84.3;      5;     12;   28.6;eor
   509;20061201;20061231;   9;   2;    75.6;      5;      8;   12.3;eor
   509;20070101;20070131;   9;   2;   176.8;     43;    150;   27.3;eor
   509;20070201;20070228;   9;   2;   124.0;     18;    128;   17.8;eor
   509;20070301;20070331;   9;   2;    97.1;     33;     59;   24.0;eor
   509;20070401;20070430;   9;   2;     6.9;      0;      0;    2.4;eor
   509;20070501;20070531;   9;   2;   183.0;      0;      0;   29.5;eor
   509;20070601;20070630;   9;   2;   178.8;      0;      0;   44.6;eor
   509;20070701;20070731;   9;   2;   183.4;      0;      0;   31.9;eor
   509;20070801;20070831;   9;   2;    90.2;      0;      0;   21.4;eor
   509;20070901;20070930;   9;   2;   182.3;      0;      0;   39.2;eor
   509;20071001;20071031;   9;   2;    28.8;      6;      6;    9.6;eor
   509;20071101;20071130;   9;   2;   243.5;    109;    616;   47.3;eor
   509;20071201;20071231;   9;   2;   115.4;      9;    103;   32.9;eor
   509;20080101;20080131;   9;   2;    99.0;     11;     68;   16.4;eor
   509;20080201;20080229;   9;   2;    89.3;      5;     13;   28.0;eor
   509;20080301;20080331;   9;   2;   168.3;     69;    257;   24.4;eor
   509;20080401;20080430;   9;   2;   117.4;      6;      7;   22.3;eor
   509;20080501;20080531;   9;   2;    24.6;      0;      0;   14.8;eor
   509;20080601;20080630;   9;   2;    45.6;      0;      0;   17.2;eor
   509;20080701;20080731;   9;   2;   142.0;      0;      0;   64.0;eor
   509;20080801;20080831;   9;   2;   108.9;      0;      0;   22.4;eor
   509;20080901;20080930;   9;   2;   108.0;      0;      0;   30.5;eor
   509;20081001;20081031;   9;   2;   137.4;      1;      2;   26.0;eor
   509;20081101;20081130;   9;   2;    83.9;     44;    177;   29.5;eor
   509;20081201;20081231;   9;   2;   101.1;     41;    470;   13.8;eor
   509;20090101;20090131;   9;   2;    59.3;     23;    516;   21.5;eor
   509;20090201;20090228;   9;   2;   131.0;     94;   1162;   23.7;eor
   509;20090301;20090331;   9;   2;   138.9;     34;   1027;   21.7;eor
   509;20090401;20090430;   9;   2;   110.7;      0;     35;   59.3;eor
   509;20090501;20090531;   9;   2;    97.2;      0;      0;   19.7;eor
   509;20090601;20090630;   9;   2;    74.2;      0;      0;   14.8;eor
   509;20090701;20090731;   9;   2;   159.8;      0;      0;   27.7;eor
   509;20090801;20090831;   9;   2;    40.2;      0;      0;   14.2;eor
   509;20090901;20090930;   9;   2;    60.7;      0;      0;   32.8;eor
   509;20091001;20091031;   9;   2;    97.5;      8;     12;   19.1;eor
   509;20091101;20091130;   9;   2;   124.5;      0;      0;   28.3;eor
   509;20091201;20091231;   9;   2;   145.9;     37;    132;   28.6;eor
   509;20100101;20100131;   9;   2;    94.9;     89;    586;   17.5;eor
   509;20100201;20100228;   9;   2;    79.7;     64;   1360;   18.6;eor
   509;20100301;20100331;   9;   2;    94.5;     29;    446;   20.2;eor
   509;20100401;20100430;   9;   2;    35.7;      3;      3;   14.0;eor
   509;20100501;20100531;   9;   2;   141.5;      0;      0;   24.0;eor
   509;20100601;20100630;   9;   2;    60.1;      0;      0;   10.8;eor
   509;20100701;20100731;   9;   2;   121.5;      0;      0;   60.4;eor
   509;20100801;20100831;   9;   2;   281.5;      0;      0;   34.8;eor
   509;20100901;20100930;   9;   2;   100.1;      0;      0;   21.9;eor
   509;20101001;20101031;  10;   2;    40.4;   -999;   -999;   10.8;eor
   509;20101101;20101130;   7;   2;   171.9;     62;    198;   19.8;eor
   509;20101201;20101231;   7;   2;   184.7;    180;   1635;   20.4;eor
   509;20110101;20110131;   3;   2;   159.6;     59;    939;   38.6;eor
   509;20110201;20110228;   3;   2;    28.8;      8;    210;   11.9;eor
   509;20110301;20110331;   3;   2;    21.2;      1;     10;    9.9;eor
   509;20110401;20110430;   3;   2;    34.6;      0;      0;    9.8;eor
   509;20110501;20110531;   3;   2;    77.5;      0;      0;   46.5;eor
   509;20110601;20110630;   3;   2;   101.2;      0;      0;   17.4;eor
   509;20110701;20110731;   3;   2;   153.1;      0;      0;   27.4;eor
   509;20110801;20110831;   3;   2;    77.0;      0;      0;   13.1;eor
   509;20110901;20110930;   3;   2;   119.6;      0;      0;   35.4;eor
   509;20111001;20111031;   3;   2;   106.4;      0;      0;   30.1;eor
   509;20111101;20111130;   3;   2;     1.1;      0;      0;    0.8;eor
   509;20111201;20111231;   3;   2;   216.9;     70;    266;   45.5;eor
   509;20120101;20120131;-999;-999;    -999;   -999;   -999;   39.0;eor
   509;20120201;20120229;   3;   2;    66.1;     30;    773;   15.1;eor
   509;20120301;20120331;   3;   2;    31.0;      3;     27;    5.8;eor
   509;20120401;20120430;   3;   2;    52.9;      1;      1;   16.0;eor
   509;20120501;20120531;   3;   2;    56.4;      0;      0;   11.3;eor
   509;20120601;20120630;   3;   2;   122.3;      0;      0;   36.8;eor
   509;20120701;20120731;   3;   2;   149.4;      0;      0;   27.0;eor
   509;20120801;20120831;   3;   2;    43.6;      0;      0;   13.8;eor
   509;20120901;20120930;   3;   2;    77.2;      0;      0;   27.5;eor
   509;20121001;20121031;   3;   2;    84.3;     16;     39;   23.2;eor
   509;20121101;20121130;   3;   2;   110.8;     30;     38;   21.5;eor
   509;20121201;20121231;   3;   2;   221.4;     90;    689;   39.0;eor
   509;20130101;20130131;   3;   2;   153.1;     18;    172;   36.5;eor
   509;20130201;20130228;   3;   2;    91.4;     75;    621;   17.3;eor
   509;20130301;20130331;   3;   2;    39.1;     30;    432;    8.2;eor
   509;20130401;20130430;   3;   2;    57.7;      1;     83;   14.8;eor
   509;20130501;20130531;   3;   2;   229.9;      0;      0;   49.8;eor
   509;20130601;20130630;   3;   2;   128.1;      0;      0;   26.6;eor
   509;20130701;20130731;   3;   2;    65.1;      0;      0;   28.1;eor
   509;20130801;20130831;   3;   2;    72.9;      0;      0;   27.3;eor
   509;20130901;20130930;   3;   2;   141.8;      0;      0;   26.0;eor
   509;20131001;20131031;   3;   2;    61.6;      0;      0;   14.1;eor
   509;20131101;20131130;   3;   2;   117.8;     12;     23;   17.1;eor
   509;20131201;20131231;   3;   2;    60.9;     38;    277;   15.0;eor
   509;20140101;20140131;   3;   2;    52.3;     28;     95;    8.6;eor
   509;20140201;20140228;   3;   2;    45.6;      4;     77;   12.4;eor
   509;20140301;20140331;   3;   2;    46.6;      1;      1;   12.1;eor
   509;20140401;20140430;   3;   2;    42.8;   -999;   -999;    8.7;eor
   509;20140501;20140531;   3;   2;   140.5;   -999;   -999;   39.4;eor
   509;20140601;20140630;   3;   2;    34.6;   -999;   -999;    7.5;eor
   509;20140701;20140731;   3;   2;   132.3;   -999;   -999;   39.6;eor
   509;20140801;20140831;   3;   2;   130.9;   -999;   -999;   33.3;eor
   509;20140901;20140930;   3;   2;    96.5;   -999;   -999;   26.5;eor
   509;20141001;20141031;   3;   2;   109.8;   -999;   -999;   37.3;eor
   509;20141101;20141130;   3;   2;    41.4;   -999;   -999;   23.4;eor
   509;20141201;20141231;   3;   2;   131.5;     28;     61;   21.0;eor
