STATIONS_ID; MESS_DATUM_BEGINN; MESS_DATUM_ENDE; QUALITAETS_NIVEAU; ART; NIEDERSCHLAGSHOEHE;NEUSCHNEEHOEHE;SCHNEEHOEHE; max(NIEDERSCHLAGSHOEHE);eor
  1152;19510101;19510131;   5;   2;    84.0;   -999;   -999;-999;eor
  1152;19510201;19510228;   5;   2;    46.0;   -999;   -999;-999;eor
  1152;19510301;19510331;   5;   2;    50.0;   -999;   -999;-999;eor
  1152;19510401;19510430;   5;   2;    35.0;   -999;   -999;-999;eor
  1152;19510501;19510531;   5;   2;    96.0;   -999;   -999;-999;eor
  1152;19510601;19510630;   5;   2;   133.0;   -999;   -999;-999;eor
  1152;19510701;19510731;   5;   2;    92.0;   -999;   -999;-999;eor
  1152;19510801;19510831;   5;   2;    33.0;   -999;   -999;-999;eor
  1152;19510901;19510930;   5;   2;   113.0;   -999;   -999;-999;eor
  1152;19511001;19511031;   5;   2;     6.0;   -999;   -999;-999;eor
  1152;19511101;19511130;   5;   2;    80.0;   -999;   -999;-999;eor
  1152;19511201;19511231;   5;   2;    38.0;   -999;   -999;-999;eor
  1152;19520101;19520131;   5;   2;    81.0;   -999;   -999;-999;eor
  1152;19520201;19520229;   5;   2;    73.0;   -999;   -999;-999;eor
  1152;19520301;19520331;   5;   2;   109.0;   -999;   -999;-999;eor
  1152;19520401;19520430;   5;   2;    85.0;   -999;   -999;-999;eor
  1152;19520501;19520531;   5;   2;    97.0;   -999;   -999;-999;eor
  1152;19520601;19520630;   5;   2;    74.0;   -999;   -999;-999;eor
  1152;19520701;19520731;   5;   2;    33.0;   -999;   -999;-999;eor
  1152;19520801;19520831;   5;   2;    44.0;   -999;   -999;-999;eor
  1152;19520901;19520930;   5;   2;   188.0;   -999;   -999;-999;eor
  1152;19521001;19521031;   5;   2;   120.0;   -999;   -999;-999;eor
  1152;19521101;19521130;   5;   2;   121.0;   -999;   -999;-999;eor
  1152;19521201;19521231;   5;   2;    51.0;   -999;   -999;-999;eor
  1152;19530101;19530131;   5;   2;    92.0;   -999;   -999;-999;eor
  1152;19530201;19530228;   5;   2;    87.0;   -999;   -999;-999;eor
  1152;19530301;19530331;   5;   2;    47.0;   -999;   -999;-999;eor
  1152;19530401;19530430;   5;   2;    56.0;   -999;   -999;-999;eor
  1152;19530501;19530531;   5;   2;    81.0;   -999;   -999;-999;eor
  1152;19530601;19530630;   5;   2;   128.0;   -999;   -999;-999;eor
  1152;19530701;19530731;   5;   2;    64.0;   -999;   -999;-999;eor
  1152;19530801;19530831;   5;   2;    33.0;   -999;   -999;-999;eor
  1152;19530901;19530930;   5;   2;    44.0;   -999;   -999;-999;eor
  1152;19531001;19531031;   5;   2;    40.0;   -999;   -999;-999;eor
  1152;19531101;19531130;   5;   2;     9.0;   -999;   -999;-999;eor
  1152;19531201;19531231;   5;   2;    32.0;   -999;   -999;-999;eor
  1152;19540101;19540131;   5;   2;   107.0;   -999;   -999;-999;eor
  1152;19540201;19540228;   5;   2;     4.0;   -999;   -999;-999;eor
  1152;19540301;19540331;   5;   2;    44.0;   -999;   -999;-999;eor
  1152;19540401;19540430;   5;   2;   134.0;   -999;   -999;-999;eor
  1152;19540501;19540531;   5;   2;    77.0;   -999;   -999;-999;eor
  1152;19540601;19540630;   5;   2;    51.0;   -999;   -999;-999;eor
  1152;19540701;19540731;   5;   2;   427.0;   -999;   -999;-999;eor
  1152;19540801;19540831;   5;   2;   100.0;   -999;   -999;-999;eor
  1152;19540901;19540930;   5;   2;    77.0;   -999;   -999;-999;eor
  1152;19541001;19541031;   5;   2;    79.0;   -999;   -999;-999;eor
  1152;19541101;19541130;   5;   2;    38.0;   -999;   -999;-999;eor
  1152;19541201;19541231;   5;   2;    89.0;   -999;   -999;-999;eor
  1152;19550101;19550131;   5;   2;    49.0;   -999;   -999;-999;eor
  1152;19550201;19550228;   5;   2;    71.0;   -999;   -999;-999;eor
  1152;19550301;19550331;   5;   2;    50.0;   -999;   -999;-999;eor
  1152;19550401;19550430;   5;   2;   120.0;   -999;   -999;-999;eor
  1152;19550501;19550531;   5;   2;    41.0;   -999;   -999;-999;eor
  1152;19550601;19550630;   5;   2;    79.0;   -999;   -999;-999;eor
  1152;19550701;19550731;   5;   2;   291.0;   -999;   -999;-999;eor
  1152;19550801;19550831;   5;   2;    96.0;   -999;   -999;-999;eor
  1152;19550901;19550930;   5;   2;    68.0;   -999;   -999;-999;eor
  1152;19551001;19551031;   5;   2;    70.0;   -999;   -999;-999;eor
  1152;19551101;19551130;   5;   2;    47.0;   -999;   -999;-999;eor
  1152;19551201;19551231;   5;   2;   100.0;   -999;   -999;-999;eor
  1152;19560101;19560131;   5;   2;    40.0;   -999;   -999;-999;eor
  1152;19560201;19560229;   5;   2;    46.0;   -999;   -999;-999;eor
  1152;19560301;19560331;   5;   2;    67.0;   -999;   -999;-999;eor
  1152;19560401;19560430;   5;   2;   108.0;   -999;   -999;-999;eor
  1152;19560501;19560531;   5;   2;    80.0;   -999;   -999;-999;eor
  1152;19560601;19560630;   5;   2;   161.0;   -999;   -999;-999;eor
  1152;19560701;19560731;   5;   2;   145.0;   -999;   -999;-999;eor
  1152;19560801;19560831;   5;   2;    77.0;   -999;   -999;-999;eor
  1152;19560901;19560930;   5;   2;    41.0;   -999;   -999;-999;eor
  1152;19561001;19561031;   5;   2;   109.0;   -999;   -999;-999;eor
  1152;19561101;19561130;   5;   2;    91.0;   -999;   -999;-999;eor
  1152;19561201;19561231;   5;   2;    98.0;   -999;   -999;-999;eor
  1152;19570101;19570131;   5;   2;    50.0;   -999;   -999;-999;eor
  1152;19570201;19570228;   5;   2;    87.0;   -999;   -999;-999;eor
  1152;19570301;19570331;   5;   2;   100.0;   -999;   -999;-999;eor
  1152;19570401;19570430;   5;   2;    49.0;   -999;   -999;-999;eor
  1152;19570501;19570531;   5;   2;    67.0;   -999;   -999;-999;eor
  1152;19570601;19570630;   5;   2;    45.0;   -999;   -999;-999;eor
  1152;19570701;19570731;   5;   2;   277.0;   -999;   -999;-999;eor
  1152;19570801;19570831;   5;   2;    76.0;   -999;   -999;-999;eor
  1152;19570901;19570930;   5;   2;   148.0;   -999;   -999;-999;eor
  1152;19571001;19571031;   5;   2;    24.0;   -999;   -999;-999;eor
  1152;19571101;19571130;   5;   2;    56.0;   -999;   -999;-999;eor
  1152;19571201;19571231;   5;   2;    56.0;   -999;   -999;-999;eor
  1152;19580101;19580131;   5;   2;    94.0;   -999;   -999;-999;eor
  1152;19580201;19580228;   5;   2;   105.0;   -999;   -999;-999;eor
  1152;19580301;19580331;   5;   2;    77.0;   -999;   -999;-999;eor
  1152;19580401;19580430;   5;   2;    68.0;   -999;   -999;-999;eor
  1152;19580501;19580531;   5;   2;    97.0;   -999;   -999;-999;eor
  1152;19580601;19580630;   5;   2;   115.0;   -999;   -999;-999;eor
  1152;19580701;19580731;   5;   2;   154.0;   -999;   -999;-999;eor
  1152;19580801;19580831;   5;   2;    56.0;   -999;   -999;-999;eor
  1152;19580901;19580930;   5;   2;    88.0;   -999;   -999;-999;eor
  1152;19581001;19581031;   5;   2;   161.0;   -999;   -999;-999;eor
  1152;19581101;19581130;   5;   2;    28.0;   -999;   -999;-999;eor
  1152;19581201;19581231;   5;   2;   100.0;   -999;   -999;-999;eor
  1152;19590101;19590131;   5;   2;    69.0;   -999;   -999;-999;eor
  1152;19590201;19590228;   5;   2;    50.0;   -999;   -999;-999;eor
  1152;19590301;19590331;   5;   2;    34.0;   -999;   -999;-999;eor
  1152;19590401;19590430;   5;   2;    99.0;   -999;   -999;-999;eor
  1152;19590501;19590531;   5;   2;   117.0;   -999;   -999;-999;eor
  1152;19590601;19590630;   5;   2;    43.0;   -999;   -999;-999;eor
  1152;19590701;19590731;   5;   2;    90.0;   -999;   -999;-999;eor
  1152;19590801;19590831;   5;   2;   123.0;   -999;   -999;-999;eor
  1152;19590901;19590930;   5;   2;     0.0;   -999;   -999;-999;eor
  1152;19591001;19591031;   5;   2;    80.0;   -999;   -999;-999;eor
  1152;19591101;19591130;   5;   2;    46.0;   -999;   -999;-999;eor
  1152;19591201;19591231;   5;   2;    40.0;   -999;   -999;-999;eor
  1152;19600101;19600131;   5;   2;   112.0;   -999;   -999;-999;eor
  1152;19600201;19600229;   5;   2;    26.0;   -999;   -999;-999;eor
  1152;19600301;19600331;   5;   2;    86.0;   -999;   -999;-999;eor
  1152;19600401;19600430;   5;   2;    57.0;   -999;   -999;-999;eor
  1152;19600501;19600531;   5;   2;   100.0;   -999;   -999;-999;eor
  1152;19600601;19600630;   5;   2;    64.0;   -999;   -999;-999;eor
  1152;19600701;19600731;   5;   2;    90.0;   -999;   -999;-999;eor
  1152;19600801;19600831;   5;   2;    67.0;   -999;   -999;-999;eor
  1152;19600901;19600930;   5;   2;    40.0;   -999;   -999;-999;eor
  1152;19601001;19601031;   5;   2;   226.0;   -999;   -999;-999;eor
  1152;19601101;19601130;   5;   2;    61.0;   -999;   -999;-999;eor
  1152;19601201;19601231;   5;   2;    64.0;   -999;   -999;-999;eor
  1152;19610101;19610131;   5;   2;    33.0;   -999;   -999;-999;eor
  1152;19610201;19610228;   5;   2;    95.0;   -999;   -999;-999;eor
  1152;19610301;19610331;   5;   2;   122.0;   -999;   -999;-999;eor
  1152;19610401;19610430;   5;   2;   118.0;   -999;   -999;-999;eor
  1152;19610501;19610531;   5;   2;   151.0;   -999;   -999;-999;eor
  1152;19610601;19610630;   5;   2;   178.0;   -999;   -999;-999;eor
  1152;19610701;19610731;   5;   2;   103.0;   -999;   -999;-999;eor
  1152;19610801;19610831;   5;   2;    66.0;   -999;   -999;-999;eor
  1152;19610901;19610930;   5;   2;    28.0;   -999;   -999;-999;eor
  1152;19611001;19611031;   5;   2;    26.0;   -999;   -999;-999;eor
  1152;19611101;19611130;   5;   2;    41.0;   -999;   -999;-999;eor
  1152;19611201;19611231;   5;   2;    75.0;   -999;   -999;-999;eor
  1152;19620101;19620131;   5;   2;    66.0;   -999;   -999;-999;eor
  1152;19620201;19620228;   5;   2;    92.0;   -999;   -999;-999;eor
  1152;19620301;19620331;   5;   2;    71.0;   -999;   -999;-999;eor
  1152;19620401;19620430;   5;   2;    93.0;   -999;   -999;-999;eor
  1152;19620501;19620531;   5;   2;    84.0;   -999;   -999;-999;eor
  1152;19620601;19620630;   5;   2;    40.0;   -999;   -999;-999;eor
  1152;19620701;19620731;   5;   2;   108.0;   -999;   -999;-999;eor
  1152;19620801;19620831;   5;   2;    77.0;   -999;   -999;-999;eor
  1152;19620901;19620930;   5;   2;    83.0;   -999;   -999;-999;eor
  1152;19621001;19621031;   5;   2;     9.0;   -999;   -999;-999;eor
  1152;19621101;19621130;   5;   2;    20.0;   -999;   -999;-999;eor
  1152;19621201;19621231;   5;   2;    70.0;   -999;   -999;-999;eor
  1152;19630101;19630131;   5;   2;    43.0;   -999;   -999;-999;eor
  1152;19630201;19630228;   5;   2;    18.0;   -999;   -999;-999;eor
  1152;19630301;19630331;   5;   2;    50.0;   -999;   -999;-999;eor
  1152;19630401;19630430;   5;   2;    65.0;   -999;   -999;-999;eor
  1152;19630501;19630531;   5;   2;   106.0;   -999;   -999;-999;eor
  1152;19630601;19630630;   5;   2;   105.0;   -999;   -999;-999;eor
  1152;19630701;19630731;   5;   2;    72.0;   -999;   -999;-999;eor
  1152;19630801;19630831;   5;   2;   108.0;   -999;   -999;-999;eor
  1152;19630901;19630930;   5;   2;    42.0;   -999;   -999;-999;eor
  1152;19631001;19631031;   5;   2;    31.0;   -999;   -999;-999;eor
  1152;19631101;19631130;   5;   2;    69.0;   -999;   -999;-999;eor
  1152;19631201;19631231;   5;   2;    24.0;   -999;   -999;-999;eor
  1152;19640101;19640131;   5;   2;    33.0;   -999;   -999;-999;eor
  1152;19640201;19640229;   5;   2;    63.0;   -999;   -999;-999;eor
  1152;19640301;19640331;   5;   2;    27.0;   -999;   -999;-999;eor
  1152;19640401;19640430;   5;   2;    71.0;   -999;   -999;-999;eor
  1152;19640501;19640531;   5;   2;    78.0;   -999;   -999;-999;eor
  1152;19640601;19640630;   5;   2;    53.0;   -999;   -999;-999;eor
  1152;19640701;19640731;   5;   2;    44.0;   -999;   -999;-999;eor
  1152;19640801;19640831;   5;   2;   128.0;   -999;   -999;-999;eor
  1152;19640901;19640930;   5;   2;    55.0;   -999;   -999;-999;eor
  1152;19641001;19641031;   5;   2;   106.0;   -999;   -999;-999;eor
  1152;19641101;19641130;   5;   2;    76.0;   -999;   -999;-999;eor
  1152;19641201;19641231;   5;   2;    46.0;   -999;   -999;-999;eor
  1152;19650101;19650131;   5;   2;    84.0;   -999;   -999;-999;eor
  1152;19650201;19650228;   5;   2;   147.0;   -999;   -999;-999;eor
  1152;19650301;19650331;   5;   2;    86.0;   -999;   -999;-999;eor
  1152;19650401;19650430;   5;   2;   133.0;   -999;   -999;-999;eor
  1152;19650501;19650531;   5;   2;   179.0;   -999;   -999;-999;eor
  1152;19650601;19650630;   5;   2;   136.0;   -999;   -999;-999;eor
  1152;19650701;19650731;   5;   2;    92.0;   -999;   -999;-999;eor
  1152;19650801;19650831;   5;   2;    27.0;   -999;   -999;-999;eor
  1152;19650901;19650930;   5;   2;   124.0;   -999;   -999;-999;eor
  1152;19651001;19651031;   5;   2;     8.0;   -999;   -999;-999;eor
  1152;19651101;19651130;   5;   2;    88.0;   -999;   -999;-999;eor
  1152;19651201;19651231;   5;   2;   116.0;   -999;   -999;-999;eor
  1152;19660101;19660131;   5;   2;    62.0;   -999;   -999;-999;eor
  1152;19660201;19660228;   5;   2;    72.0;   -999;   -999;-999;eor
  1152;19660301;19660331;   5;   2;   119.0;   -999;   -999;-999;eor
  1152;19660401;19660430;   5;   2;    64.0;   -999;   -999;-999;eor
  1152;19660501;19660531;   5;   2;    90.0;   -999;   -999;-999;eor
  1152;19660601;19660630;   5;   2;   246.0;   -999;   -999;-999;eor
  1152;19660701;19660731;   5;   2;   158.0;   -999;   -999;-999;eor
  1152;19660801;19660831;   5;   2;   114.0;   -999;   -999;-999;eor
  1152;19660901;19660930;   5;   2;    79.0;   -999;   -999;-999;eor
  1152;19661001;19661031;   5;   2;   122.0;   -999;   -999;-999;eor
  1152;19661101;19661130;   5;   2;    30.0;   -999;   -999;-999;eor
  1152;19661201;19661231;   5;   2;   151.0;   -999;   -999;-999;eor
  1152;19670101;19670131;   5;   2;    99.0;   -999;   -999;-999;eor
  1152;19670201;19670228;   5;   2;    61.0;   -999;   -999;-999;eor
  1152;19670301;19670331;   5;   2;    88.0;   -999;   -999;-999;eor
  1152;19670401;19670430;   5;   2;    49.0;   -999;   -999;-999;eor
  1152;19670501;19670531;   5;   2;    89.0;   -999;   -999;-999;eor
  1152;19670601;19670630;   5;   2;   176.0;   -999;   -999;-999;eor
  1152;19670701;19670731;   5;   2;    94.0;   -999;   -999;-999;eor
  1152;19670801;19670831;   5;   2;   145.0;   -999;   -999;-999;eor
  1152;19670901;19670930;   5;   2;   125.0;   -999;   -999;-999;eor
  1152;19671001;19671031;   5;   2;    41.0;   -999;   -999;-999;eor
  1152;19671101;19671130;   5;   2;    27.0;   -999;   -999;-999;eor
  1152;19671201;19671231;   5;   2;   128.0;   -999;   -999;-999;eor
  1152;19680101;19680131;   5;   2;   126.0;   -999;   -999;-999;eor
  1152;19680201;19680229;   5;   2;    48.0;   -999;   -999;-999;eor
  1152;19680301;19680331;   5;   2;    99.0;   -999;   -999;-999;eor
  1152;19680401;19680430;   5;   2;    86.0;   -999;   -999;-999;eor
  1152;19680501;19680531;   5;   2;    91.0;   -999;   -999;-999;eor
  1152;19680601;19680630;   5;   2;    79.0;   -999;   -999;-999;eor
  1152;19680701;19680731;   5;   2;    91.0;   -999;   -999;-999;eor
  1152;19680801;19680831;   5;   2;   112.0;   -999;   -999;-999;eor
  1152;19680901;19680930;   5;   2;   119.0;   -999;   -999;-999;eor
  1152;19681001;19681031;   5;   2;    97.0;   -999;   -999;-999;eor
  1152;19681101;19681130;   5;   2;    54.0;   -999;   -999;-999;eor
  1152;19681201;19681231;   5;   2;    50.0;   -999;   -999;-999;eor
  1152;19690101;19690131;   5;   2;    58.6;   -999;    867;   15.6;eor
  1152;19690201;19690228;   5;   2;    40.5;   -999;    724;   18.2;eor
  1152;19690301;19690331;   5;   2;    70.0;   -999;    239;   11.3;eor
  1152;19690401;19690430;   5;   2;   142.1;   -999;     47;   25.1;eor
  1152;19690501;19690531;   5;   2;    80.9;   -999;      0;   24.5;eor
  1152;19690601;19690630;   5;   2;   169.1;   -999;      0;   55.4;eor
  1152;19690701;19690731;   5;   2;    62.6;   -999;      0;   22.5;eor
  1152;19690801;19690831;   5;   2;   176.4;   -999;      0;   33.5;eor
  1152;19690901;19690930;   5;   2;    41.1;   -999;      0;   16.6;eor
  1152;19691001;19691031;   5;   2;    47.0;   -999;      0;   12.1;eor
  1152;19691101;19691130;   5;   2;    89.2;   -999;    127;   15.4;eor
  1152;19691201;19691231;   5;   2;    28.5;   -999;    727;    6.9;eor
  1152;19700101;19700131;   5;   2;    42.3;   -999;    881;   16.3;eor
  1152;19700201;19700228;   5;   2;   140.2;   -999;   1191;   32.5;eor
  1152;19700301;19700331;   5;   2;   107.6;   -999;   1735;   24.2;eor
  1152;19700401;19700430;   5;   2;   105.3;   -999;    310;   16.2;eor
  1152;19700501;19700531;   5;   2;   145.2;   -999;     38;   24.1;eor
  1152;19700601;19700630;   5;   2;    80.7;   -999;      0;   41.8;eor
  1152;19700701;19700731;   5;   2;   125.7;   -999;      0;   23.8;eor
  1152;19700801;19700831;   5;   2;   161.9;   -999;      0;   48.1;eor
  1152;19700901;19700930;   5;   2;    61.9;   -999;      0;   19.1;eor
  1152;19701001;19701031;   5;   2;   158.1;   -999;      5;   28.5;eor
  1152;19701101;19701130;   5;   2;   110.6;   -999;      0;   20.6;eor
  1152;19701201;19701231;   5;   2;    92.9;   -999;    208;   20.0;eor
  1152;19710101;19710131;   5;   2;    22.4;   -999;    505;    7.7;eor
  1152;19710201;19710228;   5;   2;   110.9;   -999;    246;   18.1;eor
  1152;19710301;19710331;   5;   2;    51.0;   -999;    758;    7.3;eor
  1152;19710401;19710430;   5;   2;    42.1;   -999;      1;   11.2;eor
  1152;19710501;19710531;   5;   2;    76.0;   -999;      0;   14.0;eor
  1152;19710601;19710630;   5;   2;   185.8;   -999;      0;   22.1;eor
  1152;19710701;19710731;   5;   2;    17.3;   -999;      0;    8.1;eor
  1152;19710801;19710831;   5;   2;    84.0;   -999;      0;   16.4;eor
  1152;19710901;19710930;   5;   2;    64.3;   -999;      0;   13.8;eor
  1152;19711001;19711031;   5;   2;    35.3;   -999;      7;   17.0;eor
  1152;19711101;19711130;   5;   2;    97.2;   -999;    202;   44.2;eor
  1152;19711201;19711231;   5;   2;    93.4;   -999;     41;   19.5;eor
  1152;19720101;19720131;   5;   2;    11.1;   -999;     94;    3.3;eor
  1152;19720201;19720229;   5;   2;    12.1;   -999;     31;    7.4;eor
  1152;19720301;19720331;   5;   2;    32.3;   -999;     11;   13.2;eor
  1152;19720401;19720430;   5;   2;    86.5;   -999;      2;   14.2;eor
  1152;19720501;19720531;   5;   2;   141.3;   -999;      0;   32.5;eor
  1152;19720601;19720630;   5;   2;    98.6;   -999;      0;   31.8;eor
  1152;19720701;19720731;   5;   2;   100.2;   -999;      0;   31.0;eor
  1152;19720801;19720831;   5;   2;   100.0;   -999;      0;   53.4;eor
  1152;19720901;19720930;   5;   2;   132.9;   -999;      0;   20.0;eor
  1152;19721001;19721031;   5;   2;    51.7;   -999;     14;   20.0;eor
  1152;19721101;19721130;   5;   2;    59.9;   -999;     85;   20.0;eor
  1152;19721201;19721231;   5;   2;     4.4;   -999;      0;    3.3;eor
  1152;19730101;19730131;   5;   2;    46.7;   -999;     67;   13.8;eor
  1152;19730201;19730228;   5;   2;    70.5;   -999;    325;    9.3;eor
  1152;19730301;19730331;   5;   2;    40.4;   -999;    415;    8.9;eor
  1152;19730401;19730430;   5;   2;   120.2;   -999;    167;   34.7;eor
  1152;19730501;19730531;   5;   2;    68.5;   -999;      0;   19.0;eor
  1152;19730601;19730630;   5;   2;   112.2;   -999;      0;   25.0;eor
  1152;19730701;19730731;   5;   2;   138.7;   -999;      0;   52.0;eor
  1152;19730801;19730831;   5;   2;    26.4;   -999;      0;   13.6;eor
  1152;19730901;19730930;   5;   2;    44.5;   -999;      0;   16.0;eor
  1152;19731001;19731031;   5;   2;    90.3;   -999;      3;   16.0;eor
  1152;19731101;19731130;   5;   2;    54.7;   -999;     63;    5.5;eor
  1152;19731201;19731231;   5;   2;    70.2;   -999;    457;   20.6;eor
  1152;19740101;19740131;   5;   2;    66.1;   -999;     23;   25.8;eor
  1152;19740201;19740228;   5;   2;    59.0;   -999;    127;   12.0;eor
  1152;19740301;19740331;   5;   2;    27.6;   -999;     58;    9.2;eor
  1152;19740401;19740430;   5;   2;    26.8;   -999;     17;   10.2;eor
  1152;19740501;19740531;   5;   2;   131.7;   -999;      0;   34.5;eor
  1152;19740601;19740630;   5;   2;   199.5;   -999;      0;   41.5;eor
  1152;19740701;19740731;   5;   2;   148.6;   -999;      0;   25.5;eor
  1152;19740801;19740831;   5;   2;    72.4;   -999;      0;   18.0;eor
  1152;19740901;19740930;   5;   2;    72.0;   -999;      0;   24.0;eor
  1152;19741001;19741031;   5;   2;   181.8;   -999;     31;   38.0;eor
  1152;19741101;19741130;   5;   2;    84.6;   -999;     67;   17.3;eor
  1152;19741201;19741231;   5;   2;   235.8;   -999;    167;   47.0;eor
  1152;19750101;19750131;   5;   2;    55.0;   -999;     45;   10.0;eor
  1152;19750201;19750228;   5;   2;    39.1;   -999;     86;   13.0;eor
  1152;19750301;19750331;   5;   2;    52.6;   -999;     91;   12.5;eor
  1152;19750401;19750430;   5;   2;    67.4;   -999;     15;   16.0;eor
  1152;19750501;19750531;   5;   2;    74.3;   -999;      0;   25.0;eor
  1152;19750601;19750630;   5;   2;    97.4;   -999;      0;   27.9;eor
  1152;19750701;19750731;   5;   2;    54.0;   -999;      0;   18.8;eor
  1152;19750801;19750831;   5;   2;   177.3;   -999;      0;   93.0;eor
  1152;19750901;19750930;   5;   2;    57.3;   -999;      0;   33.3;eor
  1152;19751001;19751031;   5;   2;    58.1;   -999;      0;    9.3;eor
  1152;19751101;19751130;   5;   2;    71.7;   -999;    150;   17.2;eor
  1152;19751201;19751231;   5;   2;    25.5;   -999;     65;    4.0;eor
  1152;19760101;19760131;   5;   2;   212.2;   -999;    289;   31.2;eor
  1152;19760201;19760229;   5;   2;    12.7;   -999;    371;    5.5;eor
  1152;19760301;19760331;   5;   2;    34.5;   -999;     69;    8.4;eor
  1152;19760401;19760430;   5;   2;    36.6;   -999;      5;    9.2;eor
  1152;19760501;19760531;   5;   2;    69.6;   -999;      0;   15.0;eor
  1152;19760601;19760630;   5;   2;    64.9;   -999;      0;   28.8;eor
  1152;19760701;19760731;   5;   2;   112.1;   -999;      0;   71.2;eor
  1152;19760801;19760831;   5;   2;    42.3;   -999;      0;    8.9;eor
  1152;19760901;19760930;   5;   2;    58.8;   -999;      0;   16.1;eor
  1152;19761001;19761031;   5;   2;    41.2;   -999;      0;    8.5;eor
  1152;19761101;19761130;   5;   2;    97.9;   -999;     68;   16.8;eor
  1152;19761201;19761231;   5;   2;    84.8;   -999;    515;   27.6;eor
  1152;19770101;19770131;   5;   2;    44.9;   -999;    474;   12.5;eor
  1152;19770201;19770228;   5;   2;    45.4;   -999;     36;    8.5;eor
  1152;19770301;19770331;   5;   2;    84.6;   -999;     27;   21.1;eor
  1152;19770401;19770430;   5;   2;    97.0;   -999;     42;   16.0;eor
  1152;19770501;19770531;   5;   2;    34.0;   -999;      0;   11.5;eor
  1152;19770601;19770630;   5;   2;   132.1;   -999;      0;   29.2;eor
  1152;19770701;19770731;   5;   2;   134.0;   -999;      0;   33.1;eor
  1152;19770801;19770831;   5;   2;   148.9;   -999;      0;   36.5;eor
  1152;19770901;19770930;   5;   2;    93.2;   -999;      0;   26.0;eor
  1152;19771001;19771031;   5;   2;    44.5;   -999;      0;   11.5;eor
  1152;19771101;19771130;   5;   2;   121.9;   -999;     80;   24.0;eor
  1152;19771201;19771231;   5;   2;    45.5;   -999;    210;    9.0;eor
  1152;19780101;19780131;   5;   2;    34.9;   -999;    362;   10.0;eor
  1152;19780201;19780228;   5;   2;    20.5;   -999;    513;    4.2;eor
  1152;19780301;19780331;   5;   2;    57.6;   -999;     79;    7.0;eor
  1152;19780401;19780430;   5;   2;    28.9;   -999;      0;   10.0;eor
  1152;19780501;19780531;   5;   2;   173.2;   -999;      0;   65.5;eor
  1152;19780601;19780630;   5;   2;    55.7;   -999;      0;   11.1;eor
  1152;19780701;19780731;   5;   2;    68.0;   -999;      0;   12.0;eor
  1152;19780801;19780831;   5;   2;   152.1;   -999;      0;   51.5;eor
  1152;19780901;19780930;   5;   2;   119.6;   -999;      0;   25.5;eor
  1152;19781001;19781031;   5;   2;    69.0;   -999;      0;   14.0;eor
  1152;19781101;19781130;   5;   2;    41.1;   -999;     50;   21.0;eor
  1152;19781201;19781231;   5;   2;    81.1;   -999;    217;   20.6;eor
  1152;19790101;19790131;   5;   2;    61.7;   -999;    645;   10.5;eor
  1152;19790301;19790331;   5;   2;   103.3;   -999;    100;   35.2;eor
  1152;19790401;19790430;   5;   2;    79.7;   -999;     68;   14.6;eor
  1152;19790501;19790531;   5;   2;    45.2;   -999;      2;   19.8;eor
  1152;19790601;19790630;   5;   2;   110.0;   -999;      0;   21.6;eor
  1152;19790701;19790731;   5;   2;   119.7;   -999;      0;   25.5;eor
  1152;19790801;19790831;   5;   2;    39.0;   -999;      0;   16.6;eor
  1152;19790901;19790930;   5;   2;   158.6;   -999;      0;   41.5;eor
  1152;19791001;19791031;   5;   2;    13.1;   -999;      0;    7.0;eor
  1152;19791201;19791231;   5;   2;    92.3;   -999;     49;   20.8;eor
  1152;19800101;19800131;   5;   2;    34.3;   -999;    720;   11.1;eor
  1152;19800201;19800229;   5;   2;    58.2;   -999;     24;   16.4;eor
  1152;19800301;19800331;   5;   2;    52.0;   -999;     52;   17.7;eor
  1152;19800401;19800430;   5;   2;   181.5;   -999;    304;   46.8;eor
  1152;19800501;19800531;   5;   2;    43.6;   -999;      0;   15.1;eor
  1152;19800601;19800630;   5;   2;    76.5;   -999;      0;   16.4;eor
  1152;19800701;19800731;   5;   2;   190.9;   -999;      0;   71.5;eor
  1152;19800801;19800831;   5;   2;    66.0;   -999;      0;   27.5;eor
  1152;19800901;19800930;   5;   2;    77.4;   -999;      0;   22.5;eor
  1152;19801001;19801031;   5;   2;   102.8;   -999;      0;   37.5;eor
  1152;19801101;19801130;   5;   2;    50.4;   -999;     52;   10.0;eor
  1152;19801201;19801231;   5;   2;    60.2;   -999;    268;   13.7;eor
  1152;19810101;19810131;  10;   2;   104.5;   -999;    835;   14.2;eor
  1152;19810201;19810228;  10;   2;    39.5;   -999;    507;    8.0;eor
  1152;19810301;19810331;  10;   2;    94.5;   -999;     66;   23.3;eor
  1152;19810401;19810430;  10;   2;    79.0;   -999;     14;   36.1;eor
  1152;19810501;19810531;  10;   2;    85.9;   -999;      0;   22.4;eor
  1152;19810601;19810630;  10;   2;    70.3;   -999;      0;   27.1;eor
  1152;19810701;19810731;  10;   2;   150.7;   -999;      0;   34.7;eor
  1152;19810801;19810831;  10;   2;    94.1;   -999;      0;   27.6;eor
  1152;19810901;19810930;  10;   2;    71.2;   -999;      0;   17.5;eor
  1152;19811001;19811031;  10;   2;   135.2;   -999;      3;   32.3;eor
  1152;19811101;19811130;  10;   2;   107.2;   -999;    100;   14.7;eor
  1152;19811201;19811231;  10;   2;   108.4;   -999;   1004;   23.0;eor
  1152;19820101;19820131;  10;   2;    69.0;   -999;    239;   25.4;eor
  1152;19820201;19820228;  10;   2;    10.6;   -999;      0;    9.3;eor
  1152;19820301;19820331;  10;   2;    23.0;   -999;      6;    5.5;eor
  1152;19820401;19820430;  10;   2;    56.3;   -999;     38;   20.0;eor
  1152;19820501;19820531;  10;   2;    66.5;   -999;      0;   18.8;eor
  1152;19820601;19820630;  10;   2;    85.3;   -999;      0;   13.7;eor
  1152;19820701;19820731;  10;   2;    99.7;   -999;      0;   20.4;eor
  1152;19820801;19820831;  10;   2;    98.4;   -999;      0;   35.9;eor
  1152;19820901;19820930;  10;   2;    11.3;   -999;      0;    3.7;eor
  1152;19821001;19821031;  10;   2;    45.2;   -999;      0;   17.2;eor
  1152;19821101;19821130;  10;   2;    16.9;   -999;      3;    5.0;eor
  1152;19821201;19821231;  10;   2;    66.4;   -999;     47;    8.3;eor
  1152;19830101;19830131;  10;   2;   106.5;   -999;     43;   16.0;eor
  1152;19830201;19830228;  10;   2;    43.6;   -999;    355;   12.0;eor
  1152;19830301;19830331;  10;   2;    74.7;   -999;     31;   14.6;eor
  1152;19830401;19830430;  10;   2;   100.0;   -999;      6;   19.0;eor
  1152;19830501;19830531;  10;   2;    66.4;   -999;      0;   14.8;eor
  1152;19830601;19830630;  10;   2;    74.9;   -999;      0;   24.4;eor
  1152;19830701;19830731;  10;   2;    20.7;   -999;      0;   12.7;eor
  1152;19830801;19830831;  10;   2;   193.5;   -999;      0;   44.8;eor
  1152;19830901;19830930;  10;   2;    38.9;   -999;      0;    8.2;eor
  1152;19831001;19831031;  10;   2;    21.0;   -999;      0;   11.1;eor
  1152;19831101;19831130;  10;   2;    58.7;   -999;     24;   13.2;eor
  1152;19831201;19831231;  10;   2;    27.2;   -999;     92;    7.0;eor
  1152;19840101;19840131;  10;   2;    35.0;   -999;    162;   11.9;eor
  1152;19840201;19840229;  10;   2;    74.3;   -999;    563;   24.0;eor
  1152;19840301;19840331;  10;   2;    14.9;   -999;    312;    7.8;eor
  1152;19840401;19840430;  10;   2;    61.0;   -999;     54;   19.6;eor
  1152;19840501;19840531;  10;   2;    73.2;   -999;      0;    9.3;eor
  1152;19840601;19840630;  10;   2;   109.3;   -999;      0;   20.9;eor
  1152;19840701;19840731;  10;   2;   113.1;   -999;      0;   32.1;eor
  1152;19840801;19840831;  10;   2;   103.1;   -999;      0;   45.5;eor
  1152;19840901;19840930;  10;   2;   129.5;   -999;      0;   18.5;eor
  1152;19841001;19841031;  10;   2;    43.5;   -999;      0;   12.1;eor
  1152;19841101;19841130;  10;   2;    29.5;   -999;      0;   19.1;eor
  1152;19841201;19841231;  10;   2;    32.7;   -999;     14;    6.7;eor
  1152;19850101;19850131;  10;   2;    43.3;   -999;    625;    7.2;eor
  1152;19850201;19850228;  10;   2;    33.4;   -999;    162;    7.8;eor
  1152;19850301;19850331;  10;   2;    57.6;   -999;    181;   25.4;eor
  1152;19850401;19850430;  10;   2;    66.9;   -999;     38;   12.1;eor
  1152;19850501;19850531;  10;   2;    49.4;   -999;      0;   14.5;eor
  1152;19850601;19850630;  10;   2;    67.6;   -999;      0;   11.4;eor
  1152;19850701;19850731;  10;   2;    63.8;   -999;      0;    9.9;eor
  1152;19850801;19850831;  10;   2;    60.0;   -999;      0;   12.1;eor
  1152;19850901;19850930;  10;   2;    40.0;   -999;      0;   12.6;eor
  1152;19851001;19851031;  10;   2;    26.1;   -999;      0;   12.5;eor
  1152;19851101;19851130;  10;   2;    47.9;   -999;    141;   11.2;eor
  1152;19851201;19851231;  10;   2;    90.4;   -999;     37;   28.6;eor
  1152;19860101;19860131;  10;   2;    92.2;   -999;    424;   10.7;eor
  1152;19860201;19860228;  10;   2;    19.8;   -999;    312;    7.9;eor
  1152;19860301;19860331;  10;   2;    43.9;   -999;     68;   12.0;eor
  1152;19860401;19860430;  10;   2;    48.9;   -999;     19;   11.0;eor
  1152;19860501;19860531;  10;   2;   128.5;   -999;      0;   37.8;eor
  1152;19860601;19860630;  10;   2;    83.9;   -999;      0;   14.9;eor
  1152;19860701;19860731;  10;   2;    87.8;   -999;      0;   16.1;eor
  1152;19860801;19860831;  10;   2;   157.7;   -999;      0;   54.0;eor
  1152;19860901;19860930;  10;   2;    66.2;   -999;      0;   18.2;eor
  1152;19861001;19861031;  10;   2;    46.0;   -999;      0;   15.4;eor
  1152;19861101;19861130;  10;   2;    27.3;   -999;      0;    7.8;eor
  1152;19861201;19861231;  10;   2;   131.0;   -999;    380;   20.0;eor
  1152;19870101;19870131;  10;   2;   115.8;   -999;   1092;   18.7;eor
  1152;19870201;19870228;  10;   2;    72.4;   -999;    901;   22.1;eor
  1152;19870301;19870331;  10;   2;    54.3;   -999;    567;   15.0;eor
  1152;19870401;19870430;  10;   2;    79.5;   -999;      0;   30.4;eor
  1152;19870501;19870531;  10;   2;   104.9;   -999;      3;   27.5;eor
  1152;19870601;19870630;  10;   2;   148.0;   -999;      0;   27.2;eor
  1152;19870701;19870731;  10;   2;   107.5;   -999;      0;   25.2;eor
  1152;19870801;19870831;  10;   2;    90.1;   -999;      0;   14.1;eor
  1152;19870901;19870930;  10;   2;   104.4;   -999;      0;   30.9;eor
  1152;19871001;19871031;  10;   2;    18.2;   -999;      0;    8.7;eor
  1152;19871101;19871130;  10;   2;    77.7;   -999;      0;   24.5;eor
  1152;19871201;19871231;  10;   2;    77.1;   -999;     16;   22.5;eor
  1152;19880101;19880131;  10;   2;    48.0;   -999;     18;    6.1;eor
  1152;19880201;19880229;  10;   2;   113.2;   -999;    498;   19.0;eor
  1152;19880301;19880331;  10;   2;   156.8;   -999;   1896;   19.6;eor
  1152;19880401;19880430;  10;   2;    33.7;   -999;      0;   10.7;eor
  1152;19880501;19880531;  10;   2;    26.3;   -999;      0;    7.5;eor
  1152;19880601;19880630;  10;   2;   106.3;   -999;      0;   22.2;eor
  1152;19880701;19880731;  10;   2;    59.5;   -999;      0;   17.2;eor
  1152;19880801;19880831;  10;   2;    63.0;   -999;      0;   19.1;eor
  1152;19880901;19880930;  10;   2;    61.8;   -999;      0;   20.9;eor
  1152;19881001;19881031;  10;   2;    31.3;   -999;      0;    8.9;eor
  1152;19881101;19881130;  10;   2;   133.7;   -999;    154;   29.6;eor
  1152;19881201;19881231;  10;   2;   130.3;   -999;    138;   16.2;eor
  1152;19910101;19910131;   9;   2;    25.4;      6;     15;    4.9;eor
  1152;19910201;19910228;   9;   2;    28.5;     32;    289;    6.2;eor
  1152;19910301;19910331;   9;   2;    20.9;      0;      0;   10.8;eor
  1152;19910401;19910430;   9;   2;    42.2;     12;     17;    7.1;eor
  1152;19910501;19910531;   9;   2;    91.8;      0;      0;   41.3;eor
  1152;19910601;19910630;   9;   2;   119.5;      0;      0;   43.4;eor
  1152;19910701;19910731;   9;   2;    46.5;      0;      0;   19.8;eor
  1152;19910801;19910831;   9;   2;    94.0;      0;      0;   33.5;eor
  1152;19910901;19910930;   9;   2;    38.0;      0;      0;   13.5;eor
  1152;19911001;19911031;   9;   2;    35.6;      0;      0;   13.7;eor
  1152;19911101;19911130;   9;   2;    56.8;     20;     23;    7.5;eor
  1152;19911201;19911231;   9;   2;   123.2;     27;    202;   17.7;eor
  1152;19920101;19920131;   9;   2;    57.2;     17;    229;   14.0;eor
  1152;19920201;19920229;   9;   2;    66.1;     27;    221;   13.4;eor
  1152;19920301;19920331;   9;   2;   117.1;     50;    149;   21.0;eor
  1152;19920401;19920430;   9;   2;    49.0;      7;     14;   15.6;eor
  1152;19920501;19920531;   9;   2;    25.5;      0;      0;   15.1;eor
  1152;19920601;19920630;   9;   2;   120.6;      0;      0;   25.5;eor
  1152;19920701;19920731;   9;   2;   110.8;      0;      0;   14.1;eor
  1152;19920801;19920831;   9;   2;    76.8;      0;      0;   24.7;eor
  1152;19920901;19920930;   9;   2;    30.6;      0;      0;    6.4;eor
  1152;19921001;19921031;   9;   2;    76.8;      2;      2;   16.5;eor
  1152;19921101;19921130;   9;   2;    73.2;      0;     23;   19.9;eor
  1152;19921201;19921231;   9;   2;    39.4;     12;     80;    8.6;eor
  1152;19930101;19930131;   9;   2;    78.5;     23;     82;   10.1;eor
  1152;19930201;19930228;   9;   2;    59.2;     50;    460;    9.8;eor
  1152;19930301;19930331;   9;   2;    53.1;     17;    366;   14.3;eor
  1152;19930401;19930430;   9;   2;    48.7;      0;      0;   15.8;eor
  1152;19930501;19930531;   9;   2;    65.3;      0;      0;   31.1;eor
  1152;19930601;19930630;   9;   2;   125.2;      0;      0;   41.1;eor
  1152;19930701;19930731;   9;   2;   113.0;      0;      0;   16.5;eor
  1152;19930801;19930831;   9;   2;    77.9;      0;      0;   29.7;eor
  1152;19930901;19930930;   9;   2;    67.2;      0;      0;   16.1;eor
  1152;19931001;19931031;   9;   2;    48.2;      0;      0;   17.0;eor
  1152;19931101;19931130;   9;   2;    64.1;     24;    222;   26.5;eor
  1152;19931201;19931231;   9;   2;   115.4;     24;     97;   30.4;eor
  1152;19940101;19940131;   9;   2;    60.2;      9;     12;    9.5;eor
  1152;19940201;19940228;   9;   2;    45.3;     26;    222;    9.0;eor
  1152;19940301;19940331;   9;   2;    90.9;      6;      8;   14.4;eor
  1152;19940401;19940430;   9;   2;    76.1;      7;     13;   26.6;eor
  1152;19940501;19940531;   9;   2;   101.7;      0;      0;   27.3;eor
  1152;19940601;19940630;   9;   2;    60.0;      0;      0;   17.8;eor
  1152;19940701;19940731;   9;   2;    49.6;      0;      0;   16.7;eor
  1152;19940801;19940831;   9;   2;   162.4;      0;      0;   32.9;eor
  1152;19940901;19940930;   9;   2;    69.2;      0;      0;   23.5;eor
  1152;19941001;19941031;   9;   2;    55.3;      1;      1;   18.4;eor
  1152;19941101;19941130;   9;   2;    63.8;      1;      1;   16.5;eor
  1152;19941201;19941231;   9;   2;    76.5;     13;     65;   28.4;eor
  1152;19950101;19950131;   9;   2;    92.2;     66;    523;   11.2;eor
  1152;19950201;19950228;   9;   2;    58.5;      9;     26;   15.2;eor
  1152;19950301;19950331;   9;   2;    81.2;     22;    120;   22.0;eor
  1152;19950401;19950430;   9;   2;   134.2;      3;     15;   19.0;eor
  1152;19950501;19950531;   9;   2;   129.5;      0;      0;   43.7;eor
  1152;19950601;19950630;   9;   2;   145.9;      0;      0;   34.4;eor
  1152;19950701;19950731;   9;   2;   103.2;      0;      0;   38.2;eor
  1152;19950801;19950831;   9;   2;   148.5;      0;      0;   61.6;eor
  1152;19950901;19950930;   9;   2;   154.1;      0;      0;   54.7;eor
  1152;19951001;19951031;   9;   2;    18.2;      0;      0;    4.5;eor
  1152;19951101;19951130;   9;   2;   135.5;     42;    162;   29.0;eor
  1152;19951201;19951231;   9;   2;    59.1;     37;    138;   18.5;eor
  1152;19960101;19960131;   9;   2;     2.7;      0;     49;    1.5;eor
  1152;19960201;19960229;   9;   2;    38.3;     52;    336;    7.0;eor
  1152;19960301;19960331;   9;   2;    38.7;     31;    300;   10.1;eor
  1152;19960401;19960430;   9;   2;    40.7;     10;     73;   13.1;eor
  1152;19960501;19960531;   9;   2;    97.8;      0;      0;   16.1;eor
  1152;19960601;19960630;   9;   2;   110.9;      0;      0;   28.1;eor
  1152;19960701;19960731;   9;   2;   151.8;      0;      0;   64.3;eor
  1152;19960801;19960831;   9;   2;    74.2;      0;      0;   19.5;eor
  1152;19960901;19960930;   9;   2;   118.9;      0;      0;   40.5;eor
  1152;19961001;19961031;   9;   2;   112.4;      0;      0;   31.0;eor
  1152;19961101;19961130;   9;   2;    53.8;     18;     32;    9.8;eor
  1152;19961201;19961231;   9;   2;    40.2;     24;    294;   11.0;eor
  1152;19970101;19970131;   9;   2;    19.4;     11;    320;    5.3;eor
  1152;19970201;19970228;   9;   2;    77.0;      7;     51;   14.5;eor
  1152;19970301;19970331;   9;   2;    91.4;     11;     23;   18.9;eor
  1152;19970401;19970430;   9;   2;    82.2;      8;     10;   16.4;eor
  1152;19970501;19970531;   9;   2;    46.1;      0;      1;   13.8;eor
  1152;19970601;19970630;   9;   2;    49.1;      0;      0;   14.0;eor
  1152;19970701;19970731;   9;   2;   157.2;      0;      0;   39.4;eor
  1152;19970801;19970831;   9;   2;    53.6;      0;      0;   14.8;eor
  1152;19970901;19970930;   9;   2;    21.6;      0;      0;   10.0;eor
