STATIONS_ID; MESS_DATUM_BEGINN; MESS_DATUM_ENDE; QUALITAETS_NIVEAU; ART; NIEDERSCHLAGSHOEHE;NEUSCHNEEHOEHE;SCHNEEHOEHE; max(NIEDERSCHLAGSHOEHE);eor
  5255;19490101;19490131;   5;   2;    36.0;   -999;   -999;-999;eor
  5255;19490201;19490228;   5;   2;    39.0;   -999;   -999;-999;eor
  5255;19490301;19490331;   5;   2;    64.0;   -999;   -999;-999;eor
  5255;19490401;19490430;   5;   2;    52.0;   -999;   -999;-999;eor
  5255;19490501;19490531;   5;   2;    60.0;   -999;   -999;-999;eor
  5255;19490601;19490630;   5;   2;    76.0;   -999;   -999;-999;eor
  5255;19490701;19490731;   5;   2;    27.0;   -999;   -999;-999;eor
  5255;19490801;19490831;   5;   2;    56.0;   -999;   -999;-999;eor
  5255;19490901;19490930;   5;   2;    50.0;   -999;   -999;-999;eor
  5255;19491001;19491031;   5;   2;     7.0;   -999;   -999;-999;eor
  5255;19491101;19491130;   5;   2;    62.0;   -999;   -999;-999;eor
  5255;19491201;19491231;   5;   2;   102.0;   -999;   -999;-999;eor
  5255;19500101;19500131;   5;   2;    40.0;   -999;   -999;-999;eor
  5255;19500201;19500228;   5;   2;    91.0;   -999;   -999;-999;eor
  5255;19500301;19500331;   5;   2;    16.0;   -999;   -999;-999;eor
  5255;19500401;19500430;   5;   2;    82.0;   -999;   -999;-999;eor
  5255;19500501;19500531;   5;   2;   126.0;   -999;   -999;-999;eor
  5255;19500601;19500630;   5;   2;    67.0;   -999;   -999;-999;eor
  5255;19500701;19500731;   5;   2;    80.0;   -999;   -999;-999;eor
  5255;19500801;19500831;   5;   2;    52.0;   -999;   -999;-999;eor
  5255;19500901;19500930;   5;   2;    55.0;   -999;   -999;-999;eor
  5255;19501001;19501031;   5;   2;    50.0;   -999;   -999;-999;eor
  5255;19501101;19501130;   5;   2;    65.0;   -999;   -999;-999;eor
  5255;19501201;19501231;   5;   2;    42.0;   -999;   -999;-999;eor
  5255;19510101;19510131;   5;   2;    54.9;   -999;   -999;   11.0;eor
  5255;19510201;19510228;   5;   2;    37.5;   -999;   -999;   10.0;eor
  5255;19510301;19510331;   5;   2;    61.0;   -999;   -999;   13.1;eor
  5255;19510401;19510430;   5;   2;    33.4;   -999;   -999;    9.2;eor
  5255;19510501;19510531;   5;   2;   105.6;   -999;   -999;   23.6;eor
  5255;19510601;19510630;   5;   2;    79.7;   -999;   -999;   24.8;eor
  5255;19510701;19510731;   5;   2;    42.0;   -999;   -999;   16.0;eor
  5255;19510801;19510831;   5;   2;    51.5;   -999;   -999;   10.5;eor
  5255;19510901;19510930;   5;   2;    54.9;   -999;   -999;   13.5;eor
  5255;19511001;19511031;   5;   2;     5.8;   -999;   -999;    4.5;eor
  5255;19511101;19511130;   5;   2;    70.4;   -999;   -999;   18.5;eor
  5255;19511201;19511231;   5;   2;    35.1;   -999;   -999;    7.0;eor
  5255;19520101;19520131;   5;   2;    88.2;   -999;   -999;   20.3;eor
  5255;19520201;19520229;   5;   2;    37.0;   -999;   -999;   14.7;eor
  5255;19520301;19520331;   5;   2;    78.7;   -999;   -999;   25.1;eor
  5255;19520401;19520430;   5;   2;    14.6;   -999;   -999;    7.5;eor
  5255;19520501;19520531;   5;   2;    52.7;   -999;   -999;   13.8;eor
  5255;19520601;19520630;   5;   2;    77.3;   -999;   -999;   30.4;eor
  5255;19520701;19520731;   5;   2;    32.2;   -999;   -999;   10.3;eor
  5255;19520801;19520831;   5;   2;    78.0;   -999;   -999;   14.0;eor
  5255;19520901;19520930;   5;   2;    76.2;   -999;   -999;   14.0;eor
  5255;19521001;19521031;   5;   2;   120.8;   -999;   -999;   15.9;eor
  5255;19521101;19521130;   5;   2;   115.3;   -999;   -999;   26.3;eor
  5255;19521201;19521231;   5;   2;    45.6;   -999;   -999;   10.9;eor
  5255;19530101;19530131;   5;   2;    42.4;   -999;   -999;   14.5;eor
  5255;19530201;19530228;   5;   2;    35.9;   -999;   -999;    6.4;eor
  5255;19530301;19530331;   5;   2;     7.5;   -999;   -999;    5.1;eor
  5255;19530401;19530430;   5;   2;    31.5;   -999;   -999;   11.2;eor
  5255;19530501;19530531;   5;   2;    68.9;   -999;   -999;   18.5;eor
  5255;19530601;19530630;   5;   2;    70.5;   -999;   -999;   24.0;eor
  5255;19530701;19530731;   5;   2;   137.1;   -999;   -999;   46.1;eor
  5255;19530801;19530831;   5;   2;    97.2;   -999;   -999;   16.5;eor
  5255;19530901;19530930;   5;   2;    46.8;   -999;   -999;   18.2;eor
  5255;19531001;19531031;   5;   2;    31.5;   -999;   -999;    6.6;eor
  5255;19531101;19531130;   5;   2;    16.7;   -999;   -999;    8.8;eor
  5255;19531201;19531231;   5;   2;    22.1;   -999;   -999;    6.7;eor
  5255;19540101;19540131;   5;   2;    63.6;   -999;   -999;   13.5;eor
  5255;19540201;19540228;   5;   2;    21.8;   -999;   -999;    5.2;eor
  5255;19540301;19540331;   5;   2;    27.2;   -999;   -999;    8.2;eor
  5255;19540401;19540430;   5;   2;    37.7;   -999;   -999;    9.6;eor
  5255;19540501;19540531;   5;   2;    44.1;   -999;   -999;   14.7;eor
  5255;19540601;19540630;   5;   2;    37.5;   -999;   -999;    8.5;eor
  5255;19540701;19540731;   5;   2;   197.4;   -999;   -999;   24.7;eor
  5255;19540801;19540831;   5;   2;   100.2;   -999;   -999;   49.8;eor
  5255;19540901;19540930;   5;   2;    74.0;   -999;   -999;   12.1;eor
  5255;19541001;19541031;   5;   2;    72.2;   -999;   -999;   18.0;eor
  5255;19541101;19541130;   5;   2;    29.8;   -999;   -999;    5.6;eor
  5255;19541201;19541231;   5;   2;   121.6;   -999;   -999;   21.5;eor
  5255;19550101;19550131;   5;   2;    43.9;   -999;   -999;   10.8;eor
  5255;19550201;19550228;   5;   2;    49.6;   -999;   -999;    9.2;eor
  5255;19550301;19550331;   5;   2;    32.1;   -999;   -999;    6.5;eor
  5255;19550401;19550430;   5;   2;    61.3;   -999;   -999;    6.7;eor
  5255;19550501;19550531;   5;   2;    52.2;   -999;   -999;   10.5;eor
  5255;19550601;19550630;   5;   2;   103.3;   -999;   -999;   60.5;eor
  5255;19550701;19550731;   5;   2;   144.9;   -999;   -999;   45.2;eor
  5255;19550801;19550831;   5;   2;    54.1;   -999;   -999;   18.5;eor
  5255;19550901;19550930;   5;   2;    24.4;   -999;   -999;    6.7;eor
  5255;19551001;19551031;   5;   2;    43.8;   -999;   -999;   16.7;eor
  5255;19551101;19551130;   5;   2;    23.4;   -999;   -999;    4.9;eor
  5255;19551201;19551231;   5;   2;    72.2;   -999;   -999;   12.5;eor
  5255;19560101;19560131;   5;   2;    43.3;   -999;   -999;    7.6;eor
  5255;19560201;19560229;   5;   2;    33.0;   -999;   -999;    5.2;eor
  5255;19560301;19560331;   5;   2;    58.2;   -999;   -999;   12.7;eor
  5255;19560401;19560430;   5;   2;    57.4;   -999;   -999;   11.0;eor
  5255;19560501;19560531;   5;   2;    34.9;   -999;   -999;    9.7;eor
  5255;19560601;19560630;   5;   2;   168.5;   -999;   -999;   32.3;eor
  5255;19560701;19560731;   5;   2;   163.2;   -999;   -999;   87.9;eor
  5255;19560801;19560831;   5;   2;    91.6;   -999;   -999;   17.4;eor
  5255;19560901;19560930;   5;   2;    62.7;   -999;   -999;   15.7;eor
  5255;19561001;19561031;   5;   2;    68.0;   -999;   -999;   16.6;eor
  5255;19561101;19561130;   5;   2;    54.7;   -999;   -999;   12.4;eor
  5255;19561201;19561231;   5;   2;    49.5;   -999;   -999;   10.1;eor
  5255;19570101;19570131;   5;   2;    56.8;   -999;   -999;   12.9;eor
  5255;19570201;19570228;   5;   2;    48.5;   -999;   -999;    9.4;eor
  5255;19570301;19570331;   5;   2;    88.7;   -999;   -999;   32.9;eor
  5255;19570401;19570430;   5;   2;    32.4;   -999;   -999;    9.7;eor
  5255;19570501;19570531;   5;   2;    31.4;   -999;   -999;   12.1;eor
  5255;19570601;19570630;   5;   2;    73.4;   -999;   -999;   39.2;eor
  5255;19570701;19570731;   5;   2;    90.3;   -999;   -999;   29.9;eor
  5255;19570801;19570831;   5;   2;    72.8;   -999;   -999;   14.3;eor
  5255;19570901;19570930;   5;   2;   162.3;   -999;   -999;   45.1;eor
  5255;19571001;19571031;   5;   2;    32.1;   -999;   -999;    9.7;eor
  5255;19571101;19571130;   5;   2;    52.1;   -999;   -999;   18.2;eor
  5255;19571201;19571231;   5;   2;   116.0;   -999;   -999;   28.0;eor
  5255;19580101;19580131;   5;   2;    63.7;   -999;   -999;   13.6;eor
  5255;19580201;19580228;   5;   2;    84.1;   -999;   -999;   23.1;eor
  5255;19580301;19580331;   5;   2;    22.7;   -999;   -999;    8.0;eor
  5255;19580401;19580430;   5;   2;    52.0;   -999;   -999;    8.2;eor
  5255;19580501;19580531;   5;   2;    93.1;   -999;   -999;   18.1;eor
  5255;19580601;19580630;   5;   2;   161.4;   -999;   -999;   64.7;eor
  5255;19580701;19580731;   5;   2;   106.1;   -999;   -999;   32.8;eor
  5255;19580801;19580831;   5;   2;   124.8;   -999;   -999;   27.2;eor
  5255;19580901;19580930;   5;   2;    37.2;   -999;   -999;   12.1;eor
  5255;19581001;19581031;   5;   2;    88.4;   -999;   -999;   19.6;eor
  5255;19581101;19581130;   5;   2;    21.8;   -999;   -999;    8.6;eor
  5255;19581201;19581231;   5;   2;    38.0;   -999;   -999;    7.2;eor
  5255;19590101;19590131;   5;   2;    43.3;   -999;   -999;    8.5;eor
  5255;19590201;19590228;   5;   2;     9.0;   -999;   -999;    2.4;eor
  5255;19590301;19590331;   5;   2;    20.0;   -999;   -999;    4.5;eor
  5255;19590401;19590430;   5;   2;    29.4;   -999;   -999;    6.3;eor
  5255;19590501;19590531;   5;   2;    14.0;   -999;   -999;    8.2;eor
  5255;19590601;19590630;   5;   2;    29.0;   -999;   -999;    5.6;eor
  5255;19590701;19590731;   5;   2;    48.4;   -999;   -999;   10.3;eor
  5255;19590801;19590831;   5;   2;    60.5;   -999;   -999;   33.3;eor
  5255;19590901;19590930;   5;   2;     0.5;   -999;   -999;    0.5;eor
  5255;19591001;19591031;   5;   2;    20.6;   -999;   -999;    7.3;eor
  5255;19591101;19591130;   5;   2;    25.9;   -999;   -999;    9.4;eor
  5255;19591201;19591231;   5;   2;    49.4;   -999;   -999;   12.5;eor
  5255;19600101;19600131;   5;   2;    79.3;   -999;   -999;   13.0;eor
  5255;19600201;19600229;   5;   2;    26.6;   -999;   -999;    4.8;eor
  5255;19600301;19600331;   5;   2;    16.9;   -999;   -999;    9.4;eor
  5255;19600401;19600430;   5;   2;    46.2;   -999;   -999;    8.5;eor
  5255;19600501;19600531;   5;   2;   101.1;   -999;   -999;   38.3;eor
  5255;19600601;19600630;   5;   2;    33.5;   -999;   -999;   14.8;eor
  5255;19600701;19600731;   5;   2;    45.2;   -999;   -999;   14.0;eor
  5255;19600801;19600831;   5;   2;   126.1;   -999;   -999;   29.0;eor
  5255;19600901;19600930;   5;   2;    34.0;   -999;   -999;   15.0;eor
  5255;19601001;19601031;   5;   2;    88.2;   -999;   -999;   22.3;eor
  5255;19601101;19601130;   5;   2;    64.4;   -999;   -999;   16.3;eor
  5255;19601201;19601231;   5;   2;   130.4;   -999;   -999;   27.5;eor
  5255;19610101;19610131;   5;   2;    63.6;   -999;   -999;   10.4;eor
  5255;19610201;19610228;   5;   2;    61.0;   -999;   -999;   13.5;eor
  5255;19610301;19610331;   5;   2;    36.8;   -999;   -999;    8.4;eor
  5255;19610401;19610430;   5;   2;   142.4;   -999;   -999;   27.3;eor
  5255;19610501;19610531;   5;   2;   133.4;   -999;   -999;   18.9;eor
  5255;19610601;19610630;   5;   2;    66.6;   -999;   -999;   23.1;eor
  5255;19610701;19610731;   5;   2;    93.1;   -999;   -999;   24.6;eor
  5255;19610801;19610831;   5;   2;    64.4;   -999;   -999;    8.6;eor
  5255;19610901;19610930;   5;   2;    27.6;   -999;   -999;   12.6;eor
  5255;19611001;19611031;   5;   2;    48.0;   -999;   -999;   13.4;eor
  5255;19611101;19611130;   5;   2;    96.3;   -999;   -999;   28.5;eor
  5255;19611201;19611231;   5;   2;    76.1;   -999;   -999;   23.6;eor
  5255;19620101;19620131;   5;   2;    56.9;   -999;   -999;    7.5;eor
  5255;19620201;19620228;   5;   2;    70.2;   -999;   -999;   34.4;eor
  5255;19620301;19620331;   5;   2;    39.9;   -999;   -999;    8.6;eor
  5255;19620401;19620430;   5;   2;    82.9;   -999;   -999;   20.0;eor
  5255;19620501;19620531;   5;   2;    51.8;   -999;   -999;   10.9;eor
  5255;19620601;19620630;   5;   2;    30.7;   -999;   -999;    7.3;eor
  5255;19620701;19620731;   5;   2;   133.4;   -999;   -999;   30.0;eor
  5255;19620801;19620831;   5;   2;    78.8;   -999;   -999;   22.0;eor
  5255;19620901;19620930;   5;   2;    34.3;   -999;   -999;    7.8;eor
  5255;19621001;19621031;   5;   2;    11.7;   -999;   -999;    7.1;eor
  5255;19621101;19621130;   5;   2;    21.3;   -999;   -999;    5.0;eor
  5255;19621201;19621231;   5;   2;    72.5;   -999;   -999;   17.3;eor
  5255;19630101;19630131;   5;   2;    29.2;   -999;   -999;    8.1;eor
  5255;19630201;19630228;   5;   2;    21.3;   -999;   -999;    6.8;eor
  5255;19630301;19630331;   5;   2;    27.6;   -999;   -999;    8.5;eor
  5255;19630401;19630430;   5;   2;    14.2;   -999;   -999;    7.6;eor
  5255;19630501;19630531;   5;   2;    63.2;   -999;   -999;   44.0;eor
  5255;19630601;19630630;   5;   2;    84.4;   -999;   -999;   26.0;eor
  5255;19630701;19630731;   5;   2;    26.8;   -999;   -999;   10.1;eor
  5255;19630801;19630831;   5;   2;   111.6;   -999;   -999;   28.5;eor
  5255;19630901;19630930;   5;   2;    41.9;   -999;   -999;   11.6;eor
  5255;19631001;19631031;   5;   2;    25.3;   -999;   -999;    5.0;eor
  5255;19631101;19631130;   5;   2;    77.2;   -999;   -999;   12.3;eor
  5255;19631201;19631231;   5;   2;    13.3;   -999;   -999;    3.9;eor
  5255;19640101;19640131;   5;   2;    21.6;   -999;   -999;    5.4;eor
  5255;19640201;19640229;   5;   2;    41.7;   -999;   -999;    7.6;eor
  5255;19640301;19640331;   5;   2;    21.6;   -999;   -999;    7.5;eor
  5255;19640401;19640430;   5;   2;    59.8;   -999;   -999;   20.0;eor
  5255;19640501;19640531;   5;   2;    60.4;   -999;   -999;   25.7;eor
  5255;19640601;19640630;   5;   2;    30.8;   -999;   -999;   13.6;eor
  5255;19640701;19640731;   5;   2;    37.1;   -999;   -999;   21.6;eor
  5255;19640801;19640831;   5;   2;    89.4;   -999;   -999;   45.3;eor
  5255;19640901;19640930;   5;   2;    43.8;   -999;   -999;   11.2;eor
  5255;19641001;19641031;   5;   2;    31.4;   -999;   -999;    7.9;eor
  5255;19641101;19641130;   5;   2;    48.9;   -999;   -999;   14.1;eor
  5255;19641201;19641231;   5;   2;    39.9;   -999;   -999;    5.8;eor
  5255;19650101;19650131;   5;   2;    59.3;   -999;   -999;   10.3;eor
  5255;19650201;19650228;   5;   2;    38.4;   -999;   -999;    6.0;eor
  5255;19650301;19650331;   5;   2;    38.4;   -999;   -999;    9.8;eor
  5255;19650401;19650430;   5;   2;    68.4;   -999;   -999;   18.3;eor
  5255;19650501;19650531;   5;   2;    58.8;   -999;   -999;   11.1;eor
  5255;19650601;19650630;   5;   2;    67.6;   -999;   -999;   22.2;eor
  5255;19650701;19650731;   5;   2;   133.8;   -999;   -999;   19.0;eor
  5255;19650801;19650831;   5;   2;    58.0;   -999;   -999;   16.0;eor
  5255;19650901;19650930;   5;   2;    44.7;   -999;   -999;   19.4;eor
  5255;19651001;19651031;   5;   2;    25.1;   -999;   -999;   13.3;eor
  5255;19651101;19651130;   5;   2;    60.7;   -999;   -999;    9.4;eor
  5255;19651201;19651231;   5;   2;   108.0;   -999;   -999;   17.9;eor
  5255;19660101;19660131;   5;   2;    33.3;   -999;   -999;    7.0;eor
  5255;19660201;19660228;   5;   2;    69.0;   -999;   -999;   19.2;eor
  5255;19660301;19660331;   5;   2;    50.9;   -999;   -999;   14.0;eor
  5255;19660401;19660430;   5;   2;    54.7;   -999;   -999;   15.0;eor
  5255;19660501;19660531;   5;   2;    80.4;   -999;   -999;   16.6;eor
  5255;19660601;19660630;   5;   2;    84.1;   -999;   -999;   20.4;eor
  5255;19660701;19660731;   5;   2;    86.1;   -999;   -999;   11.5;eor
  5255;19660801;19660831;   5;   2;    66.8;   -999;   -999;   25.4;eor
  5255;19660901;19660930;   5;   2;     9.1;   -999;   -999;    4.4;eor
  5255;19661001;19661031;   5;   2;    36.5;   -999;   -999;   10.0;eor
  5255;19661101;19661130;   5;   2;    70.1;   -999;   -999;   13.4;eor
  5255;19661201;19661231;   5;   2;    96.0;   -999;   -999;   16.1;eor
  5255;19670101;19670131;   5;   2;    41.0;   -999;   -999;    6.0;eor
  5255;19670201;19670228;   5;   2;    56.5;   -999;   -999;   13.2;eor
  5255;19670301;19670331;   5;   2;    42.4;   -999;   -999;    8.5;eor
  5255;19670401;19670430;   5;   2;    27.7;   -999;   -999;    6.0;eor
  5255;19670501;19670531;   5;   2;   103.3;   -999;   -999;   51.3;eor
  5255;19670601;19670630;   5;   2;    89.8;   -999;   -999;   26.8;eor
  5255;19670701;19670731;   5;   2;    65.2;   -999;   -999;   23.0;eor
  5255;19670801;19670831;   5;   2;    62.5;   -999;   -999;   17.8;eor
  5255;19670901;19670930;   5;   2;    69.5;   -999;   -999;   14.3;eor
  5255;19671001;19671031;   5;   2;    53.1;   -999;   -999;   14.3;eor
  5255;19671101;19671130;   5;   2;    54.4;   -999;   -999;   12.0;eor
  5255;19671201;19671231;   5;   2;    72.7;   -999;   -999;   14.5;eor
  5255;19680101;19680131;   5;   2;    62.9;   -999;   -999;   15.0;eor
  5255;19680201;19680229;   5;   2;    25.6;   -999;   -999;    5.1;eor
  5255;19680301;19680331;   5;   2;    59.0;   -999;   -999;   14.5;eor
  5255;19680401;19680430;   5;   2;    13.4;   -999;   -999;    8.8;eor
  5255;19680501;19680531;   5;   2;    88.1;   -999;   -999;   25.2;eor
  5255;19680601;19680630;   5;   2;    85.3;   -999;   -999;   45.0;eor
  5255;19680701;19680731;   5;   2;    54.5;   -999;   -999;   13.9;eor
  5255;19680801;19680831;   5;   2;    87.9;   -999;   -999;   28.2;eor
  5255;19680901;19680930;   5;   2;    77.5;   -999;   -999;   10.8;eor
  5255;19681001;19681031;   5;   2;    47.4;   -999;   -999;   11.5;eor
  5255;19681101;19681130;   5;   2;    23.8;   -999;   -999;    8.8;eor
  5255;19681201;19681231;   5;   2;    26.0;   -999;   -999;    5.2;eor
  5255;19690101;19690131;   5;   2;    44.3;   -999;   -999;   19.8;eor
  5255;19690201;19690228;   5;   2;    25.9;   -999;   -999;    7.5;eor
  5255;19690301;19690331;   5;   2;    43.3;   -999;   -999;   16.2;eor
  5255;19690401;19690430;   5;   2;    73.0;   -999;   -999;   18.5;eor
  5255;19690501;19690531;   5;   2;    78.4;   -999;   -999;   12.6;eor
  5255;19690601;19690630;   5;   2;   109.6;   -999;   -999;   63.4;eor
  5255;19690701;19690731;   5;   2;    21.0;   -999;   -999;    6.7;eor
  5255;19690801;19690831;   5;   2;    75.5;   -999;   -999;   22.9;eor
  5255;19690901;19690930;   5;   2;     1.9;   -999;   -999;    0.8;eor
  5255;19691001;19691031;   5;   2;    38.2;   -999;   -999;   14.2;eor
  5255;19691101;19691130;   5;   2;    57.5;   -999;   -999;   11.6;eor
  5255;19691201;19691231;   5;   2;    13.7;   -999;   -999;    3.6;eor
  5255;19700101;19700131;   5;   2;    37.5;   -999;   -999;   14.3;eor
  5255;19700201;19700228;   5;   2;   117.3;   -999;   -999;   22.8;eor
  5255;19700301;19700331;   5;   2;    64.9;   -999;   -999;   13.4;eor
  5255;19700401;19700430;   5;   2;    76.4;   -999;   -999;   11.2;eor
  5255;19700501;19700531;   5;   2;    53.9;   -999;   -999;   14.6;eor
  5255;19700601;19700630;   5;   2;    46.0;   -999;   -999;   19.1;eor
  5255;19700701;19700731;   5;   2;    85.7;   -999;   -999;   20.9;eor
  5255;19700801;19700831;   5;   2;    77.0;   -999;   -999;   41.5;eor
  5255;19700901;19700930;   5;   2;    49.7;   -999;   -999;   14.3;eor
  5255;19701001;19701031;   5;   2;   108.7;   -999;   -999;   15.2;eor
  5255;19701101;19701130;   5;   2;    65.8;   -999;   -999;   13.6;eor
  5255;19701201;19701231;   5;   2;    35.3;   -999;   -999;    6.9;eor
  5255;19710101;19710131;   5;   2;    26.5;   -999;   -999;    3.4;eor
  5255;19710201;19710228;   5;   2;    20.5;   -999;   -999;    4.4;eor
  5255;19710301;19710331;   5;   2;    11.2;   -999;   -999;    1.8;eor
  5255;19710401;19710430;   5;   2;    39.7;   -999;   -999;   19.6;eor
  5255;19710501;19710531;   5;   2;    42.3;   -999;   -999;   13.7;eor
  5255;19710601;19710630;   5;   2;    92.7;   -999;   -999;   26.7;eor
  5255;19710701;19710731;   5;   2;     8.6;   -999;   -999;    3.1;eor
  5255;19710801;19710831;   5;   2;    84.0;   -999;   -999;   36.8;eor
  5255;19710901;19710930;   5;   2;    45.2;   -999;   -999;   13.1;eor
  5255;19711001;19711031;   5;   2;    26.4;   -999;   -999;   11.7;eor
  5255;19711101;19711130;   5;   2;    33.9;   -999;   -999;    6.9;eor
  5255;19711201;19711231;   5;   2;    54.9;   -999;   -999;   12.1;eor
  5255;19720101;19720131;   5;   2;     4.0;   -999;   -999;    1.2;eor
  5255;19720201;19720229;   5;   2;     5.4;   -999;   -999;    2.1;eor
  5255;19720301;19720331;   5;   2;    62.2;   -999;   -999;   15.2;eor
  5255;19720401;19720430;   5;   2;    53.5;   -999;   -999;   10.6;eor
  5255;19720501;19720531;   5;   2;    68.8;   -999;   -999;   14.4;eor
  5255;19720601;19720630;   5;   2;    72.3;   -999;   -999;   18.7;eor
  5255;19720701;19720731;   5;   2;   119.7;   -999;   -999;   26.2;eor
  5255;19720801;19720831;   5;   2;    86.0;   -999;   -999;   19.5;eor
  5255;19720901;19720930;   5;   2;    55.8;   -999;   -999;   10.2;eor
  5255;19721001;19721031;   5;   2;    18.6;   -999;   -999;    5.6;eor
  5255;19721101;19721130;   5;   2;    30.6;   -999;   -999;    5.6;eor
  5255;19721201;19721231;   5;   2;     4.7;   -999;   -999;    3.8;eor
  5255;19730101;19730131;   5;   2;    25.2;   -999;   -999;    4.3;eor
  5255;19730201;19730228;   5;   2;    36.0;   -999;   -999;    9.2;eor
  5255;19730301;19730331;   5;   2;    23.2;   -999;   -999;    6.7;eor
  5255;19730401;19730430;   5;   2;    45.2;   -999;   -999;   11.2;eor
  5255;19730501;19730531;   5;   2;    46.2;   -999;   -999;   10.5;eor
  5255;19730601;19730630;   5;   2;    36.5;   -999;   -999;   13.1;eor
  5255;19730701;19730731;   5;   2;    48.6;   -999;   -999;    8.2;eor
  5255;19730801;19730831;   5;   2;    16.8;   -999;   -999;    7.2;eor
  5255;19730901;19730930;   5;   2;    71.2;   -999;   -999;   28.9;eor
  5255;19731001;19731031;   5;   2;    71.4;   -999;   -999;   12.7;eor
  5255;19731101;19731130;   5;   2;    60.9;   -999;   -999;   16.3;eor
  5255;19731201;19731231;   5;   2;    66.9;   -999;   -999;   12.2;eor
  5255;19740101;19740131;   5;   2;    42.5;   -999;   -999;   10.0;eor
  5255;19740201;19740228;   5;   2;    39.7;   -999;   -999;    9.1;eor
  5255;19740301;19740331;   5;   2;    16.8;   -999;   -999;    3.0;eor
  5255;19740401;19740430;   5;   2;     7.5;   -999;   -999;    3.1;eor
  5255;19740501;19740531;   5;   2;    54.4;   -999;   -999;    9.6;eor
  5255;19740601;19740630;   5;   2;    59.3;   -999;   -999;   11.3;eor
  5255;19740701;19740731;   5;   2;    62.7;   -999;   -999;   12.2;eor
  5255;19740801;19740831;   5;   2;    50.0;   -999;   -999;   12.5;eor
  5255;19740901;19740930;   5;   2;    19.1;   -999;   -999;   10.0;eor
  5255;19741001;19741031;   5;   2;   122.4;   -999;   -999;   34.5;eor
  5255;19741101;19741130;   5;   2;    51.8;   -999;   -999;    8.1;eor
  5255;19741201;19741231;   5;   2;   118.8;   -999;   -999;   12.4;eor
  5255;19750101;19750131;   5;   2;    53.4;   -999;   -999;   11.9;eor
  5255;19750201;19750228;   5;   2;    11.9;   -999;   -999;    5.3;eor
  5255;19750301;19750331;   5;   2;    64.3;   -999;   -999;    9.3;eor
  5255;19750401;19750430;   5;   2;    52.7;   -999;   -999;   10.5;eor
  5255;19750501;19750531;   5;   2;    71.8;   -999;   -999;   23.2;eor
  5255;19750601;19750630;   5;   2;    57.9;   -999;   -999;   24.5;eor
  5255;19750701;19750731;   5;   2;   110.7;   -999;   -999;   60.0;eor
  5255;19750801;19750831;   5;   2;    26.6;   -999;   -999;   11.1;eor
  5255;19750901;19750930;   5;   2;    45.8;   -999;   -999;   10.7;eor
  5255;19751001;19751031;   5;   2;    24.5;   -999;   -999;    5.9;eor
  5255;19751101;19751130;   5;   2;    37.5;   -999;   -999;   14.3;eor
  5255;19751201;19751231;   5;   2;    21.8;   -999;   -999;    8.9;eor
  5255;19760101;19760131;   5;   2;   119.6;   -999;   -999;   13.8;eor
  5255;19760201;19760229;   5;   2;    13.5;   -999;   -999;    4.2;eor
  5255;19760301;19760331;   5;   2;    14.2;   -999;   -999;    3.1;eor
  5255;19760401;19760430;   5;   2;    19.8;   -999;   -999;    5.3;eor
  5255;19760501;19760531;   5;   2;    66.0;   -999;   -999;   14.2;eor
  5255;19760601;19760630;   5;   2;    25.7;   -999;   -999;    6.0;eor
  5255;19760701;19760731;   5;   2;    61.3;   -999;   -999;   24.8;eor
  5255;19760801;19760831;   5;   2;    38.7;   -999;   -999;   18.5;eor
  5255;19760901;19760930;   5;   2;    22.8;   -999;   -999;    6.3;eor
  5255;19761001;19761031;   5;   2;    12.5;   -999;   -999;    3.5;eor
  5255;19761101;19761130;   5;   2;    49.5;   -999;   -999;   11.6;eor
  5255;19761201;19761231;   5;   2;    19.5;   -999;   -999;    3.6;eor
  5255;19770101;19770131;   5;   2;    44.8;   -999;   -999;    6.1;eor
  5255;19770201;19770228;   5;   2;    43.3;   -999;   -999;   12.2;eor
  5255;19770301;19770331;   5;   2;    37.0;   -999;   -999;    9.7;eor
  5255;19770401;19770430;   5;   2;    49.6;   -999;   -999;    7.2;eor
  5255;19770501;19770531;   5;   2;    47.0;   -999;   -999;   20.2;eor
  5255;19770601;19770630;   5;   2;    74.9;   -999;   -999;   18.5;eor
  5255;19770701;19770731;   5;   2;    67.2;   -999;   -999;   16.0;eor
  5255;19770801;19770831;   5;   2;    82.4;   -999;   -999;   21.2;eor
  5255;19770901;19770930;   5;   2;    46.7;   -999;   -999;   12.2;eor
  5255;19771001;19771031;   5;   2;    24.2;   -999;   -999;    9.3;eor
  5255;19771101;19771130;   5;   2;    87.2;   -999;   -999;   17.5;eor
  5255;19771201;19771231;   5;   2;    57.3;   -999;   -999;   11.6;eor
  5255;19780101;19780131;   5;   2;    33.9;   -999;   -999;    8.4;eor
  5255;19780201;19780228;   5;   2;    30.2;   -999;   -999;    8.4;eor
  5255;19780301;19780331;   5;   2;    62.1;   -999;   -999;   10.2;eor
  5255;19780401;19780430;   5;   2;    22.3;   -999;   -999;    9.6;eor
  5255;19780501;19780531;   5;   2;    85.1;   -999;   -999;   32.3;eor
  5255;19780601;19780630;   5;   2;    67.3;   -999;   -999;   22.2;eor
  5255;19780701;19780731;   5;   2;    50.0;   -999;   -999;   14.6;eor
  5255;19780801;19780831;   5;   2;   104.7;   -999;   -999;   21.2;eor
  5255;19780901;19780930;   5;   2;    98.9;   -999;   -999;   16.0;eor
  5255;19781001;19781031;   5;   2;    16.2;   -999;   -999;    3.5;eor
  5255;19781101;19781130;   5;   2;     8.7;   -999;   -999;    2.6;eor
  5255;19781201;19781231;   5;   2;   110.3;   -999;   -999;   17.2;eor
  5255;19790101;19790131;   5;   2;    24.9;     30;    637;    5.4;eor
  5255;19790201;19790228;   5;   2;    21.6;     23;    377;    5.8;eor
  5255;19790301;19790331;   5;   2;    66.1;      9;     45;   18.8;eor
  5255;19790401;19790430;   5;   2;    46.9;      0;      0;   16.2;eor
  5255;19790501;19790531;   5;   2;    62.7;      0;      0;   18.0;eor
  5255;19790601;19790630;   5;   2;    63.6;      0;      0;   12.7;eor
  5255;19790701;19790731;   5;   2;    90.2;      0;      0;   28.9;eor
  5255;19790801;19790831;   5;   2;    51.5;      0;      0;   13.8;eor
  5255;19790901;19790930;   5;   2;    31.7;      0;      0;   12.0;eor
  5255;19791001;19791031;   5;   2;     7.6;      0;      0;    2.8;eor
  5255;19791101;19791130;   5;   2;    56.9;      0;      0;    9.4;eor
  5255;19791201;19791231;   5;   2;    77.6;      1;      1;   22.2;eor
  5255;19800101;19800131;   5;   2;    31.7;      8;     21;   13.5;eor
  5255;19800201;19800229;   5;   2;    47.2;      3;      6;   10.2;eor
  5255;19800301;19800331;   5;   2;    22.1;      4;      6;    4.2;eor
  5255;19800401;19800430;   5;   2;    83.6;      0;      0;   16.5;eor
  5255;19800501;19800531;   5;   2;    14.3;      0;      0;    8.0;eor
  5255;19800601;19800630;   5;   2;    99.2;      0;      0;   26.5;eor
  5255;19800701;19800731;   5;   2;    67.0;      0;      0;   14.3;eor
  5255;19800801;19800831;   5;   2;    44.9;      0;      0;    7.5;eor
  5255;19800901;19800930;   5;   2;    59.3;      0;      0;   26.1;eor
  5255;19801001;19801031;   5;   2;    26.5;      0;      0;    4.6;eor
  5255;19801101;19801130;   5;   2;    38.0;     13;     25;    7.5;eor
  5255;19801201;19801231;   5;   2;    58.6;     18;     73;    9.5;eor
  5255;19810101;19810131;  10;   2;    69.9;     37;    293;   17.1;eor
  5255;19810201;19810228;  10;   2;    33.8;     24;     71;    5.0;eor
  5255;19810301;19810331;  10;   2;   113.4;      4;      6;   17.5;eor
  5255;19810401;19810430;  10;   2;    28.2;      0;      0;   10.0;eor
  5255;19810501;19810531;  10;   2;   116.0;      0;      0;   53.5;eor
  5255;19810601;19810630;  10;   2;   133.7;      0;      0;   45.3;eor
  5255;19810701;19810731;  10;   2;    43.3;      0;      0;   13.5;eor
  5255;19810801;19810831;  10;   2;    92.2;      0;      0;   41.5;eor
  5255;19810901;19810930;  10;   2;    64.4;      0;      0;   19.1;eor
  5255;19811001;19811031;  10;   2;    68.9;      0;      0;   20.5;eor
  5255;19811101;19811130;  10;   2;    76.7;      0;      0;   12.9;eor
  5255;19811201;19811231;  10;   2;    78.0;     32;    330;   19.8;eor
  5255;19820101;19820131;  10;   2;    51.2;      2;      5;   12.5;eor
  5255;19820201;19820228;  10;   2;     4.2;      0;      0;    2.0;eor
  5255;19820301;19820331;  10;   2;    47.4;      0;      0;   16.5;eor
  5255;19820401;19820430;  10;   2;    33.4;      0;      0;   11.0;eor
  5255;19820501;19820531;  10;   2;    59.7;      0;      0;   15.5;eor
  5255;19820601;19820630;  10;   2;    55.6;      0;      0;    9.0;eor
  5255;19820701;19820731;  10;   2;    36.6;      0;      0;   17.7;eor
  5255;19820801;19820831;  10;   2;    53.2;      0;      0;   20.5;eor
  5255;19820901;19820930;  10;   2;    17.8;      0;      0;    5.7;eor
  5255;19821001;19821031;  10;   2;    53.0;      0;      0;   14.8;eor
  5255;19821101;19821130;  10;   2;    40.5;      0;      0;   10.5;eor
  5255;19821201;19821231;  10;   2;    31.1;      0;      0;    5.6;eor
  5255;19830101;19830131;  10;   2;    69.8;      1;      1;   12.3;eor
  5255;19830201;19830228;  10;   2;    28.3;     17;    164;    6.6;eor
  5255;19830301;19830331;  10;   2;    48.6;      6;     11;   10.9;eor
  5255;19830401;19830430;  10;   2;   103.6;      0;      0;   22.0;eor
  5255;19830501;19830531;  10;   2;    79.1;      0;      0;   23.5;eor
  5255;19830601;19830630;  10;   2;    39.6;      0;      0;   13.5;eor
  5255;19830701;19830731;  10;   2;    13.4;      0;      0;    5.4;eor
  5255;19830801;19830831;  10;   2;    29.1;      0;      0;   12.3;eor
  5255;19830901;19830930;  10;   2;    39.3;      0;      0;   12.0;eor
  5255;19831001;19831031;  10;   2;    35.0;      0;      0;   17.2;eor
  5255;19831101;19831130;  10;   2;    64.6;      3;      6;   21.5;eor
  5255;19831201;19831231;  10;   2;    44.3;      3;      8;    6.8;eor
  5255;19840101;19840131;  10;   2;    72.1;     13;     50;   12.2;eor
  5255;19840201;19840229;  10;   2;    44.7;      4;      4;   17.0;eor
  5255;19840301;19840331;  10;   2;    13.0;      2;      2;    3.6;eor
  5255;19840401;19840430;  10;   2;    42.2;     12;     22;   11.5;eor
  5255;19840501;19840531;  10;   2;   138.5;      0;      0;   30.5;eor
  5255;19840601;19840630;  10;   2;    45.0;      0;      0;   16.8;eor
  5255;19840701;19840731;  10;   2;    91.2;      0;      0;   22.5;eor
  5255;19840801;19840831;  10;   2;    39.2;      0;      0;   21.0;eor
  5255;19840901;19840930;  10;   2;    98.4;      0;      0;   29.1;eor
  5255;19841001;19841031;  10;   2;    59.7;      0;      0;    9.4;eor
  5255;19841101;19841130;  10;   2;    33.4;      2;      2;   12.2;eor
  5255;19841201;19841231;  10;   2;    22.2;      3;      5;    5.3;eor
  5255;19850101;19850131;  10;   2;    52.8;     47;    453;    7.1;eor
  5255;19850201;19850228;  10;   2;     9.9;      6;     11;    3.1;eor
  5255;19850301;19850331;  10;   2;    26.2;     17;     30;    5.0;eor
  5255;19850401;19850430;  10;   2;    74.7;      0;      0;   12.2;eor
  5255;19850501;19850531;  10;   2;    49.0;      0;      0;   12.8;eor
  5255;19850601;19850630;  10;   2;   107.2;      0;      0;   35.0;eor
  5255;19850701;19850731;  10;   2;    66.6;      0;      0;   10.9;eor
  5255;19850801;19850831;  10;   2;    48.4;      0;      0;   10.5;eor
  5255;19850901;19850930;  10;   2;    28.7;      0;      0;    6.0;eor
  5255;19851001;19851031;  10;   2;    20.4;      0;      0;    7.0;eor
  5255;19851101;19851130;  10;   2;    48.6;     21;     54;   13.4;eor
  5255;19851201;19851231;  10;   2;    69.0;     11;     32;   13.8;eor
