STATIONS_ID; MESS_DATUM_BEGINN; MESS_DATUM_ENDE; QUALITAETS_NIVEAU; ART; NIEDERSCHLAGSHOEHE;NEUSCHNEEHOEHE;SCHNEEHOEHE; max(NIEDERSCHLAGSHOEHE);eor
  4242;19650101;19650131;   5;   2;    52.0;   -999;   -999;-999;eor
  4242;19650201;19650228;   5;   2;    45.0;   -999;   -999;-999;eor
  4242;19650301;19650331;   5;   2;    44.0;   -999;   -999;-999;eor
  4242;19650401;19650430;   5;   2;    92.0;   -999;   -999;-999;eor
  4242;19650501;19650531;   5;   2;    65.0;   -999;   -999;-999;eor
  4242;19650601;19650630;   5;   2;    64.0;   -999;   -999;-999;eor
  4242;19650701;19650731;   5;   2;    70.0;   -999;   -999;-999;eor
  4242;19650801;19650831;   5;   2;    37.0;   -999;   -999;-999;eor
  4242;19650901;19650930;   5;   2;    85.0;   -999;   -999;-999;eor
  4242;19651001;19651031;   5;   2;    10.0;   -999;   -999;-999;eor
  4242;19651101;19651130;   5;   2;    48.0;   -999;   -999;-999;eor
  4242;19651201;19651231;   5;   2;    63.0;   -999;   -999;-999;eor
  4242;19660101;19660131;   5;   2;    26.0;   -999;   -999;-999;eor
  4242;19660201;19660228;   5;   2;    47.0;   -999;   -999;-999;eor
  4242;19660301;19660331;   5;   2;    45.0;   -999;   -999;-999;eor
  4242;19660401;19660430;   5;   2;    72.0;   -999;   -999;-999;eor
  4242;19660501;19660531;   5;   2;    41.0;   -999;   -999;-999;eor
  4242;19660601;19660630;   5;   2;    66.0;   -999;   -999;-999;eor
  4242;19660701;19660731;   5;   2;    81.0;   -999;   -999;-999;eor
  4242;19660801;19660831;   5;   2;    62.0;   -999;   -999;-999;eor
  4242;19660901;19660930;   5;   2;    32.0;   -999;   -999;-999;eor
  4242;19661001;19661031;   5;   2;    79.0;   -999;   -999;-999;eor
  4242;19661101;19661130;   5;   2;    21.0;   -999;   -999;-999;eor
  4242;19661201;19661231;   5;   2;    62.0;   -999;   -999;-999;eor
  4242;19670101;19670131;   5;   2;    28.0;   -999;   -999;-999;eor
  4242;19670201;19670228;   5;   2;    29.0;   -999;   -999;-999;eor
  4242;19670301;19670331;   5;   2;    33.0;   -999;   -999;-999;eor
  4242;19670401;19670430;   5;   2;    23.0;   -999;   -999;-999;eor
  4242;19670501;19670531;   5;   2;    44.0;   -999;   -999;-999;eor
  4242;19670601;19670630;   5;   2;   127.0;   -999;   -999;-999;eor
  4242;19670701;19670731;   5;   2;    37.0;   -999;   -999;-999;eor
  4242;19670801;19670831;   5;   2;    81.0;   -999;   -999;-999;eor
  4242;19670901;19670930;   5;   2;    67.0;   -999;   -999;-999;eor
  4242;19671001;19671031;   5;   2;    30.0;   -999;   -999;-999;eor
  4242;19671101;19671130;   5;   2;    14.0;   -999;   -999;-999;eor
  4242;19671201;19671231;   5;   2;    63.0;   -999;   -999;-999;eor
  4242;19680101;19680131;   5;   2;    58.0;   -999;   -999;-999;eor
  4242;19680201;19680229;   5;   2;    40.0;   -999;   -999;-999;eor
  4242;19680301;19680331;   5;   2;    31.0;   -999;   -999;-999;eor
  4242;19680401;19680430;   5;   2;    50.0;   -999;   -999;-999;eor
  4242;19680501;19680531;   5;   2;    57.0;   -999;   -999;-999;eor
  4242;19680601;19680630;   5;   2;    41.0;   -999;   -999;-999;eor
  4242;19680701;19680731;   5;   2;    50.0;   -999;   -999;-999;eor
  4242;19680801;19680831;   5;   2;    44.0;   -999;   -999;-999;eor
  4242;19680901;19680930;   5;   2;    98.0;   -999;   -999;-999;eor
  4242;19681001;19681031;   5;   2;    53.0;   -999;   -999;-999;eor
  4242;19681101;19681130;   5;   2;    46.0;   -999;   -999;-999;eor
  4242;19681201;19681231;   5;   2;    24.0;   -999;   -999;-999;eor
  4242;19690101;19690131;   5;   2;    44.4;   -999;     23;   11.5;eor
  4242;19690201;19690228;   5;   2;    40.1;   -999;    190;   20.5;eor
  4242;19690301;19690331;   5;   2;    33.9;   -999;      1;   10.5;eor
  4242;19690401;19690430;   5;   2;    62.7;   -999;      0;   12.0;eor
  4242;19690501;19690531;   5;   2;    75.8;   -999;      0;   29.7;eor
  4242;19690601;19690630;   5;   2;    75.3;   -999;      0;   20.0;eor
  4242;19690701;19690731;   5;   2;     9.3;   -999;      0;    4.0;eor
  4242;19690801;19690831;   5;   2;    54.7;   -999;      0;   12.3;eor
  4242;19690901;19690930;   5;   2;    19.6;   -999;      0;    8.5;eor
  4242;19691001;19691031;   5;   2;    20.3;   -999;      0;    6.5;eor
  4242;19691101;19691130;   5;   2;    30.2;   -999;      3;    7.5;eor
  4242;19691201;19691231;   5;   2;    32.2;   -999;    301;    7.2;eor
  4242;19700101;19700131;   5;   2;    30.9;   -999;    595;   10.3;eor
  4242;19700201;19700228;   5;   2;    78.9;   -999;    118;   15.0;eor
  4242;19700301;19700331;   5;   2;    68.0;   -999;    200;   18.0;eor
  4242;19700401;19700430;   5;   2;    62.0;   -999;      0;   15.4;eor
  4242;19700501;19700531;   5;   2;    74.8;   -999;      0;   13.5;eor
  4242;19700601;19700630;   5;   2;    21.7;   -999;      0;    7.5;eor
  4242;19700701;19700731;   5;   2;    47.6;   -999;      0;   14.0;eor
  4242;19700801;19700831;   5;   2;   132.3;   -999;      0;   40.8;eor
  4242;19700901;19700930;   5;   2;    32.5;   -999;      0;    8.0;eor
  4242;19701001;19701031;   5;   2;    64.8;   -999;      0;   14.0;eor
  4242;19701101;19701130;   5;   2;    66.5;   -999;      0;   15.0;eor
  4242;19701201;19701231;   5;   2;    40.2;   -999;     58;   11.5;eor
  4242;19710101;19710131;   5;   2;     7.7;   -999;    164;    2.5;eor
  4242;19710201;19710228;   5;   2;    36.2;   -999;      5;    7.0;eor
  4242;19710301;19710331;   5;   2;    10.8;   -999;     81;    3.8;eor
  4242;19710401;19710430;   5;   2;    46.2;   -999;      0;   23.5;eor
  4242;19710501;19710531;   5;   2;    38.5;   -999;      0;   10.3;eor
  4242;19710601;19710630;   5;   2;    76.7;   -999;      0;   12.8;eor
  4242;19710701;19710731;   5;   2;     7.1;   -999;      0;    3.9;eor
  4242;19710801;19710831;   5;   2;    81.0;   -999;      0;   42.2;eor
  4242;19710901;19710930;   5;   2;    34.7;   -999;      0;    6.5;eor
  4242;19711001;19711031;   5;   2;    26.6;   -999;      0;   13.5;eor
  4242;19711101;19711130;   5;   2;    48.4;   -999;     12;   23.4;eor
  4242;19711201;19711231;   5;   2;    38.4;   -999;      0;    7.4;eor
  4242;19720101;19720131;   5;   2;     8.0;   -999;      9;    4.5;eor
  4242;19720201;19720229;   5;   2;     4.6;   -999;      0;    2.6;eor
  4242;19720301;19720331;   5;   2;    34.7;   -999;      0;   15.0;eor
  4242;19720401;19720430;   5;   2;    40.6;   -999;      0;    6.8;eor
  4242;19720501;19720531;   5;   2;    86.6;   -999;      0;   17.0;eor
  4242;19720601;19720630;   5;   2;    54.4;   -999;      0;   16.0;eor
  4242;19720701;19720731;   5;   2;    63.7;   -999;      0;   27.0;eor
  4242;19720801;19720831;   5;   2;    53.9;   -999;      0;   26.9;eor
  4242;19720901;19720930;   5;   2;    46.7;   -999;      0;   18.0;eor
  4242;19721001;19721031;   5;   2;    42.5;   -999;      0;   17.0;eor
  4242;19721101;19721130;   5;   2;    28.2;   -999;      1;   12.5;eor
  4242;19721201;19721231;   5;   2;     3.9;   -999;      0;    3.1;eor
  4242;19730101;19730131;   5;   2;    25.8;   -999;      4;    6.0;eor
  4242;19730201;19730228;   5;   2;    26.5;   -999;     17;    5.0;eor
  4242;19730301;19730331;   5;   2;    23.5;   -999;      0;    6.8;eor
  4242;19730401;19730430;   5;   2;    49.6;   -999;      0;   14.5;eor
  4242;19730501;19730531;   5;   2;    52.4;   -999;      0;    9.8;eor
  4242;19730601;19730630;   5;   2;    77.8;   -999;      0;   28.9;eor
  4242;19730701;19730731;   5;   2;    73.3;   -999;      0;   14.0;eor
  4242;19730801;19730831;   5;   2;    59.5;   -999;      0;   17.0;eor
  4242;19730901;19730930;   5;   2;    37.1;   -999;      0;   11.6;eor
  4242;19731001;19731031;   5;   2;    63.5;   -999;      0;   12.7;eor
  4242;19731101;19731130;   5;   2;    26.8;   -999;      9;    9.3;eor
  4242;19731201;19731231;   5;   2;    24.1;   -999;     12;    4.0;eor
  4242;19740101;19740131;   5;   2;    31.1;   -999;      0;   11.2;eor
  4242;19740201;19740228;   5;   2;    45.5;   -999;      3;   13.1;eor
  4242;19740301;19740331;   5;   2;    14.5;   -999;      0;    5.7;eor
  4242;19740401;19740430;   5;   2;    14.3;   -999;      0;    6.2;eor
  4242;19740501;19740531;   5;   2;    78.2;   -999;      0;   14.6;eor
  4242;19740601;19740630;   5;   2;    78.8;   -999;      0;    9.5;eor
  4242;19740701;19740731;   5;   2;    63.2;   -999;      0;   11.0;eor
  4242;19740801;19740831;   5;   2;    38.5;   -999;      0;   13.2;eor
  4242;19740901;19740930;   5;   2;    34.7;   -999;      0;   16.0;eor
  4242;19741001;19741031;   5;   2;   108.5;   -999;      0;   34.6;eor
  4242;19741101;19741130;   5;   2;    41.7;   -999;      0;   14.5;eor
  4242;19741201;19741231;   5;   2;    83.4;   -999;      2;   16.1;eor
  4242;19750101;19750131;   5;   2;    25.7;   -999;      0;    5.6;eor
  4242;19750201;19750228;   5;   2;    16.3;   -999;      0;    3.8;eor
  4242;19750301;19750331;   5;   2;    47.3;   -999;      0;   17.1;eor
  4242;19750401;19750430;   5;   2;    53.3;   -999;      0;   13.6;eor
  4242;19750501;19750531;   5;   2;    48.4;   -999;      0;   19.0;eor
  4242;19750601;19750630;   5;   2;    65.6;   -999;      0;   14.0;eor
  4242;19750701;19750731;   5;   2;    19.7;   -999;      0;    4.7;eor
  4242;19750801;19750831;   5;   2;    88.8;   -999;      0;   59.0;eor
  4242;19750901;19750930;   5;   2;    21.2;   -999;      0;   10.0;eor
  4242;19751001;19751031;   5;   2;    32.9;   -999;      0;    7.5;eor
  4242;19751101;19751130;   5;   2;    33.5;   -999;      1;   13.1;eor
  4242;19751201;19751231;   5;   2;    11.6;   -999;      0;    2.6;eor
  4242;19760101;19760131;   5;   2;    83.3;   -999;     20;   12.2;eor
  4242;19760201;19760229;   5;   2;    10.8;   -999;     24;    3.5;eor
  4242;19760301;19760331;   5;   2;    19.3;   -999;      5;    5.4;eor
  4242;19760401;19760430;   5;   2;    12.8;   -999;      0;    4.5;eor
  4242;19760501;19760531;   5;   2;    30.5;   -999;      0;    8.9;eor
  4242;19760601;19760630;   5;   2;    26.0;   -999;      0;    8.8;eor
  4242;19760701;19760731;   5;   2;    44.5;   -999;      0;   17.0;eor
  4242;19760801;19760831;   5;   2;    34.8;   -999;      0;    8.8;eor
  4242;19760901;19760930;   5;   2;    30.1;   -999;      0;    8.6;eor
  4242;19761001;19761031;   5;   2;    28.6;   -999;      0;    8.1;eor
  4242;19761101;19761130;   5;   2;    48.5;   -999;      3;   15.8;eor
  4242;19761201;19761231;   5;   2;    17.3;   -999;     32;    4.0;eor
  4242;19770101;19770131;   5;   2;    24.5;   -999;     21;    7.0;eor
  4242;19770201;19770228;   5;   2;    30.1;   -999;      1;    8.5;eor
  4242;19770301;19770331;   5;   2;    64.0;   -999;      0;   30.0;eor
  4242;19770401;19770430;   5;   2;    62.2;   -999;      0;   12.0;eor
  4242;19770501;19770531;   5;   2;    22.0;   -999;      0;    7.6;eor
  4242;19770601;19770630;   5;   2;    78.8;   -999;      0;   26.4;eor
  4242;19770701;19770731;   5;   2;    48.2;   -999;      0;   15.7;eor
  4242;19770801;19770831;   5;   2;    86.5;   -999;      0;   22.8;eor
  4242;19770901;19770930;   5;   2;    65.0;   -999;      0;   23.5;eor
  4242;19771101;19771130;   5;   2;    75.8;   -999;      1;   26.0;eor
  4242;19771201;19771231;   5;   2;    25.3;   -999;      0;   10.3;eor
  4242;19780101;19780131;   5;   2;    12.1;   -999;      0;    4.4;eor
  4242;19780201;19780228;   5;   2;    13.9;   -999;     11;    3.5;eor
  4242;19780301;19780331;   5;   2;    26.0;   -999;      0;    5.9;eor
  4242;19780401;19780430;   5;   2;    11.9;   -999;      0;    4.4;eor
  4242;19780501;19780531;   5;   2;    74.3;   -999;      0;   11.6;eor
  4242;19780601;19780630;   5;   2;    30.3;   -999;      0;    8.1;eor
  4242;19780701;19780731;   5;   2;    41.2;   -999;      0;   10.7;eor
  4242;19780801;19780831;   5;   2;   130.3;   -999;      0;   55.3;eor
  4242;19780901;19780930;   5;   2;    77.6;   -999;      0;   15.9;eor
  4242;19781001;19781031;   5;   2;    56.9;   -999;      0;   26.3;eor
  4242;19781101;19781130;   5;   2;    13.4;   -999;      1;   11.3;eor
  4242;19781201;19781231;   5;   2;    57.6;   -999;     28;   20.0;eor
  4242;19790101;19790131;   5;   2;    35.4;   -999;    414;    7.0;eor
  4242;19790201;19790228;   5;   2;    30.9;   -999;     41;    7.3;eor
  4242;19790301;19790331;   5;   2;    78.3;   -999;      0;   16.3;eor
  4242;19790401;19790430;   5;   2;    48.0;   -999;      0;   18.1;eor
  4242;19790501;19790531;   5;   2;    37.9;   -999;      0;   11.5;eor
  4242;19790601;19790630;   5;   2;    37.1;   -999;      0;   10.5;eor
  4242;19790701;19790731;   5;   2;    74.7;   -999;      0;   12.2;eor
  4242;19790801;19790831;   5;   2;    36.2;   -999;      0;   13.8;eor
  4242;19790901;19790930;   5;   2;    69.4;   -999;      0;   22.4;eor
  4242;19791001;19791031;   5;   2;     6.8;   -999;      0;    3.7;eor
  4242;19791101;19791130;   5;   2;    53.4;   -999;      0;   20.6;eor
  4242;19791201;19791231;   5;   2;    37.0;   -999;      0;   12.2;eor
  4242;19800101;19800131;   5;   2;    20.4;   -999;     33;    5.4;eor
  4242;19800201;19800229;   5;   2;    26.5;   -999;      0;    6.6;eor
  4242;19800301;19800331;   5;   2;    24.2;   -999;      4;   12.8;eor
  4242;19800401;19800430;   5;   2;   121.2;   -999;      0;   38.2;eor
  4242;19800501;19800531;   5;   2;    43.5;   -999;      0;   21.5;eor
  4242;19800601;19800630;   5;   2;    95.1;   -999;      0;   36.2;eor
  4242;19800701;19800731;   5;   2;   116.4;   -999;      0;   30.8;eor
  4242;19800801;19800831;   5;   2;    52.3;   -999;      0;   21.0;eor
  4242;19800901;19800930;   5;   2;    50.6;   -999;      0;   19.9;eor
  4242;19801001;19801031;   5;   2;    63.0;   -999;      0;   26.8;eor
  4242;19801101;19801130;   5;   2;    41.7;   -999;      5;   15.6;eor
  4242;19801201;19801231;   5;   2;    18.0;   -999;     30;    2.8;eor
  4242;19810101;19810131;  10;   2;    42.6;   -999;     55;    8.2;eor
  4242;19810201;19810228;  10;   2;    21.2;   -999;     29;    9.5;eor
  4242;19810301;19810331;  10;   2;    77.7;   -999;      2;   15.6;eor
  4242;19810401;19810430;  10;   2;    75.3;   -999;      0;   53.2;eor
  4242;19810501;19810531;  10;   2;    40.6;   -999;      0;    9.5;eor
  4242;19810601;19810630;  10;   2;    38.7;   -999;      0;   14.8;eor
  4242;19810701;19810731;  10;   2;    63.6;   -999;      0;   12.9;eor
  4242;19810801;19810831;  10;   2;    40.1;   -999;      0;   15.8;eor
  4242;19810901;19810930;  10;   2;    64.1;   -999;      0;   24.5;eor
  4242;19811001;19811031;  10;   2;    65.4;   -999;      0;   22.6;eor
  4242;19811101;19811130;  10;   2;    75.4;   -999;      0;   13.9;eor
  4242;19811201;19811231;  10;   2;    77.5;   -999;    260;   18.2;eor
  4242;19820101;19820131;  10;   2;    28.9;   -999;     30;    8.4;eor
  4242;19820201;19820228;  10;   2;     9.2;   -999;      0;    4.0;eor
  4242;19820301;19820331;  10;   2;    17.4;   -999;      0;    3.6;eor
  4242;19820401;19820430;  10;   2;    25.8;   -999;      0;    9.3;eor
  4242;19820501;19820531;  10;   2;    71.4;   -999;      0;   18.7;eor
  4242;19820601;19820630;  10;   2;    65.1;   -999;      0;   16.5;eor
  4242;19820701;19820731;  10;   2;    38.5;   -999;      0;   16.5;eor
  4242;19820801;19820831;  10;   2;    22.0;   -999;      0;    6.0;eor
  4242;19820901;19820930;  10;   2;     6.1;   -999;      0;    2.1;eor
  4242;19821001;19821031;  10;   2;    36.2;   -999;      0;   13.1;eor
  4242;19821101;19821130;  10;   2;    12.6;   -999;      0;    3.8;eor
  4242;19821201;19821231;  10;   2;    28.1;   -999;      0;    4.8;eor
  4242;19830101;19830131;  10;   2;    44.2;   -999;      1;   12.5;eor
  4242;19830201;19830228;  10;   2;    28.2;   -999;    135;    6.2;eor
  4242;19830301;19830331;  10;   2;    37.1;   -999;      0;   12.9;eor
  4242;19830401;19830430;  10;   2;   112.7;   -999;      0;   23.5;eor
  4242;19830501;19830531;  10;   2;    63.3;   -999;      0;   16.5;eor
  4242;19830601;19830630;  10;   2;    27.3;   -999;      0;   14.1;eor
  4242;19830701;19830731;  10;   2;    27.6;   -999;      0;    8.2;eor
  4242;19830801;19830831;  10;   2;   142.4;   -999;      0;   63.2;eor
  4242;19830901;19830930;  10;   2;    37.5;   -999;      0;   10.0;eor
  4242;19831001;19831031;  10;   2;     6.1;   -999;      0;    3.0;eor
  4242;19831101;19831130;  10;   2;    27.0;   -999;      3;    6.4;eor
  4242;19831201;19831231;  10;   2;    25.2;   -999;     22;    4.8;eor
  4242;19840101;19840131;  10;   2;    37.3;   -999;     41;   11.9;eor
  4242;19840201;19840229;  10;   2;    32.4;   -999;     15;    9.6;eor
  4242;19840301;19840331;  10;   2;     9.2;   -999;      3;    4.1;eor
  4242;19840401;19840430;  10;   2;    54.7;   -999;      5;   20.4;eor
  4242;19840501;19840531;  10;   2;    49.0;   -999;      0;    7.5;eor
  4242;19840601;19840630;  10;   2;    44.9;   -999;      0;    7.1;eor
  4242;19840701;19840731;  10;   2;    81.4;   -999;      0;   24.6;eor
  4242;19840801;19840831;  10;   2;    83.0;   -999;      0;   17.6;eor
  4242;19840901;19840930;  10;   2;    81.2;   -999;      0;   12.4;eor
  4242;19841001;19841031;  10;   2;    30.2;   -999;      0;    9.0;eor
  4242;19841101;19841130;  10;   2;    32.5;   -999;      2;   24.5;eor
  4242;19841201;19841231;  10;   2;    18.1;   -999;      9;    4.3;eor
  4242;19850101;19850131;  10;   2;    30.4;   -999;    422;    3.7;eor
  4242;19850201;19850228;  10;   2;    18.2;   -999;     60;    4.3;eor
  4242;19850301;19850331;  10;   2;    33.8;   -999;     26;   15.7;eor
  4242;19850401;19850430;  10;   2;    36.2;   -999;      0;    9.1;eor
  4242;19850501;19850531;  10;   2;    29.4;   -999;      0;   10.6;eor
  4242;19850601;19850630;  10;   2;    54.9;   -999;      0;    6.2;eor
  4242;19850701;19850731;  10;   2;    50.4;   -999;      0;   10.9;eor
  4242;19850801;19850831;  10;   2;    53.9;   -999;      0;   12.6;eor
  4242;19850901;19850930;  10;   2;    23.2;   -999;      0;    8.8;eor
  4242;19851001;19851031;  10;   2;     6.5;   -999;      0;    2.8;eor
  4242;19851101;19851130;  10;   2;    35.0;   -999;     97;    9.1;eor
  4242;19851201;19851231;  10;   2;    49.2;   -999;     18;    7.7;eor
  4242;19860101;19860131;  10;   2;    41.3;   -999;     42;    8.2;eor
  4242;19860201;19860228;  10;   2;    22.9;   -999;    242;    9.1;eor
  4242;19860301;19860331;  10;   2;    55.2;   -999;     51;   12.6;eor
  4242;19860401;19860430;  10;   2;    44.6;   -999;      7;    9.8;eor
  4242;19860501;19860531;  10;   2;    71.9;   -999;      0;   23.7;eor
  4242;19860601;19860630;  10;   2;    38.7;   -999;      0;    7.6;eor
  4242;19860701;19860731;  10;   2;    41.5;   -999;      0;    9.6;eor
  4242;19860801;19860831;  10;   2;    57.0;   -999;      0;   19.0;eor
  4242;19860901;19860930;  10;   2;    47.1;   -999;      0;   10.5;eor
  4242;19861001;19861031;  10;   2;    54.3;   -999;      0;   26.7;eor
  4242;19861101;19861130;  10;   2;    12.7;   -999;      0;    5.8;eor
  4242;19861201;19861231;  10;   2;    73.1;   -999;     43;   18.8;eor
  4242;19870101;19870131;  10;   2;    78.6;   -999;    382;   14.8;eor
  4242;19870201;19870228;  10;   2;    56.4;   -999;    121;   10.2;eor
  4242;19870301;19870331;  10;   2;    37.8;   -999;     76;   10.8;eor
  4242;19870401;19870430;  10;   2;    25.9;   -999;      0;    7.8;eor
  4242;19870501;19870531;  10;   2;    79.7;   -999;      0;   27.0;eor
  4242;19870601;19870630;  10;   2;    59.9;   -999;      0;    9.0;eor
  4242;19870701;19870731;  10;   2;    84.0;   -999;      0;   23.7;eor
  4242;19870801;19870831;  10;   2;    98.4;   -999;      0;   16.4;eor
  4242;19870901;19870930;  10;   2;    54.7;   -999;      0;   16.0;eor
  4242;19871001;19871031;  10;   2;    13.5;   -999;      0;    5.8;eor
  4242;19871101;19871130;  10;   2;    45.0;   -999;      0;   19.4;eor
  4242;19871201;19871231;  10;   2;    50.1;   -999;      0;   12.3;eor
  4242;19880101;19880131;  10;   2;    32.0;   -999;      1;    5.1;eor
  4242;19880201;19880229;  10;   2;    67.3;   -999;     23;   12.8;eor
  4242;19880301;19880331;  10;   2;    54.4;   -999;     22;    6.2;eor
  4242;19880401;19880430;  10;   2;    13.3;   -999;      0;    3.5;eor
  4242;19880501;19880531;  10;   2;    16.8;   -999;      0;    5.8;eor
  4242;19880601;19880630;  10;   2;    49.5;   -999;      0;   20.6;eor
  4242;19880701;19880731;  10;   2;    69.5;   -999;      0;   14.4;eor
  4242;19880801;19880831;  10;   2;    41.4;   -999;      0;   12.7;eor
  4242;19880901;19880930;  10;   2;    45.2;   -999;      0;   18.5;eor
  4242;19881001;19881031;  10;   2;    17.5;   -999;      0;    3.8;eor
  4242;19881101;19881130;  10;   2;    61.9;   -999;      0;   15.8;eor
  4242;19881201;19881231;  10;   2;    91.0;   -999;      3;   33.2;eor
  4242;19890101;19890131;  10;   2;    23.8;   -999;   -999;    6.9;eor
  4242;19890201;19890228;  10;   2;    28.9;   -999;   -999;    7.8;eor
  4242;19890301;19890331;  10;   2;    27.1;   -999;   -999;    7.3;eor
  4242;19890401;19890430;  10;   2;    64.1;   -999;   -999;   23.5;eor
  4242;19890501;19890531;  10;   2;    21.3;   -999;   -999;   10.2;eor
  4242;19890601;19890630;  10;   2;    72.1;   -999;   -999;   38.5;eor
  4242;19890701;19890731;  10;   2;    51.9;   -999;   -999;   18.0;eor
  4242;19890801;19890831;  10;   2;    34.6;   -999;   -999;   16.5;eor
  4242;19890901;19890930;  10;   2;    35.1;   -999;   -999;   12.2;eor
  4242;19891001;19891031;  10;   2;    29.3;   -999;   -999;    5.5;eor
  4242;19891101;19891130;  10;   2;    69.2;   -999;   -999;   14.3;eor
  4242;19891201;19891231;  10;   2;    37.1;   -999;   -999;    9.8;eor
  4242;19900101;19900131;  10;   2;     7.7;   -999;      0;    2.3;eor
  4242;19900201;19900228;  10;   2;    29.6;   -999;      0;   10.5;eor
  4242;19900301;19900331;  10;   2;    14.8;   -999;      0;    4.8;eor
  4242;19900401;19900430;  10;   2;    47.8;   -999;      0;   13.9;eor
  4242;19900501;19900531;  10;   2;     7.2;   -999;      0;    3.8;eor
  4242;19900601;19900630;  10;   2;   104.0;   -999;      0;   39.0;eor
  4242;19900701;19900731;  10;   2;    13.1;   -999;      0;    4.4;eor
  4242;19900801;19900831;  10;   2;    65.6;   -999;      0;   13.3;eor
  4242;19900901;19900930;  10;   2;    66.7;   -999;      0;   12.1;eor
  4242;19901001;19901031;  10;   2;    22.5;   -999;      0;    7.5;eor
  4242;19901101;19901130;  10;   2;    59.3;   -999;      0;   12.5;eor
  4242;19901201;19901231;  10;   2;    31.9;   -999;     25;    6.2;eor
  4242;19910101;19910131;   9;   2;    14.0;      0;      0;    2.9;eor
  4242;19910201;19910228;   9;   2;    17.8;     24;    139;    7.0;eor
  4242;19910301;19910331;   9;   2;    21.6;      0;      0;    9.7;eor
  4242;19910401;19910430;   9;   2;    36.4;      2;      2;    8.3;eor
  4242;19910501;19910531;   9;   2;    30.5;      0;      0;    8.6;eor
  4242;19910601;19910630;   9;   2;   108.0;      0;      0;   35.7;eor
  4242;19910701;19910731;   9;   2;    21.1;      0;      0;   12.3;eor
  4242;19910801;19910831;   9;   2;    60.6;      0;      0;   15.1;eor
  4242;19910901;19910930;   9;   2;    19.9;      0;      0;    9.1;eor
  4242;19911001;19911031;   9;   2;    15.1;      0;      0;    3.6;eor
  4242;19911101;19911130;   9;   2;    26.9;      0;      0;    4.5;eor
  4242;19911201;19911231;   9;   2;    56.3;      0;      0;   12.6;eor
  4242;19920101;19920131;   9;   2;    45.6;      0;      0;   13.7;eor
  4242;19920201;19920229;   9;   2;    45.6;      3;      4;   18.3;eor
  4242;19920301;19920331;   9;   2;    74.3;      5;      5;   21.7;eor
  4242;19920401;19920430;   9;   2;    22.0;      0;      0;    5.6;eor
  4242;19920501;19920531;   9;   2;    18.6;      0;      0;    6.4;eor
  4242;19920601;19920630;   9;   2;    55.1;      0;      0;   19.2;eor
  4242;19920701;19920731;   9;   2;   129.8;      0;      0;   71.2;eor
  4242;19920801;19920831;   9;   2;    40.1;      0;      0;   18.2;eor
  4242;19920901;19920930;   9;   2;    20.7;      0;      0;    5.0;eor
  4242;19921001;19921031;   9;   2;    48.4;      0;      0;    8.6;eor
  4242;19921101;19921130;   9;   2;    32.8;      0;      0;    5.5;eor
  4242;19921201;19921231;   9;   2;    40.7;      0;      0;   17.5;eor
  4242;19930101;19930131;   9;   2;    51.3;      1;      1;   19.1;eor
  4242;19930201;19930228;   9;   2;    21.7;     10;     14;    4.5;eor
  4242;19930301;19930331;   9;   2;    25.2;      1;      1;    4.6;eor
  4242;19930401;19930430;   9;   2;    20.6;      0;      0;    7.0;eor
  4242;19930501;19930531;   9;   2;    68.5;      0;      0;   29.0;eor
  4242;19930601;19930630;   9;   2;    92.4;      0;      0;   24.5;eor
  4242;19930701;19930731;   9;   2;   107.9;      0;      0;   18.5;eor
  4242;19930801;19930831;   9;   2;    39.4;      0;      0;    8.2;eor
  4242;19930901;19930930;   9;   2;    52.3;      0;      0;   10.4;eor
  4242;19931001;19931031;   9;   2;    30.7;      0;      0;   10.5;eor
  4242;19931101;19931130;   9;   2;    53.5;     11;     53;   11.6;eor
  4242;19931201;19931231;   9;   2;    61.4;      7;     26;   13.4;eor
  4242;19940101;19940131;   9;   2;    34.4;      0;      0;    7.1;eor
  4242;19940201;19940228;   9;   2;    25.4;     13;     23;    5.2;eor
  4242;19940301;19940331;   9;   2;   107.6;      0;      0;   26.5;eor
  4242;19940401;19940430;   9;   2;    79.9;      0;      0;   54.2;eor
  4242;19940501;19940531;   9;   2;    81.7;      0;      0;   34.5;eor
  4242;19940601;19940630;   9;   2;    33.3;      0;      0;   11.0;eor
  4242;19940701;19940731;   9;   2;    51.8;      0;      0;   17.5;eor
  4242;19940801;19940831;   9;   2;   172.2;      0;      0;   31.0;eor
  4242;19940901;19940930;   9;   2;    43.7;      0;      0;   19.1;eor
  4242;19941001;19941031;   9;   2;    35.5;      0;      0;    9.0;eor
  4242;19941101;19941130;   9;   2;    36.2;      0;      0;    8.7;eor
  4242;19941201;19941231;   9;   2;    42.2;      0;      0;   13.5;eor
  4242;19950101;19950131;   9;   2;    34.6;     11;     15;    4.7;eor
  4242;19950201;19950228;   9;   2;    38.5;      4;      4;   11.5;eor
  4242;19950301;19950331;   9;   2;    32.5;      8;      8;    7.6;eor
  4242;19950401;19950430;   9;   2;    81.5;      0;      0;   12.1;eor
  4242;19950501;19950531;   9;   2;    52.8;      0;      0;   16.8;eor
  4242;19950601;19950630;   9;   2;   112.8;      0;      0;   34.5;eor
  4242;19950701;19950731;   9;   2;    85.3;      0;      0;   26.6;eor
  4242;19950801;19950831;   9;   2;    89.9;      0;      0;   42.5;eor
  4242;19950901;19950930;   9;   2;    98.5;      0;      0;   21.6;eor
  4242;19951001;19951031;   9;   2;    13.3;      0;      0;    4.0;eor
  4242;19951101;19951130;   9;   2;    68.4;      0;      0;   16.1;eor
  4242;19951201;19951231;   9;   2;    27.8;      4;      6;    8.1;eor
  4242;19960101;19960131;   9;   2;     3.5;   -999;   -999;    1.5;eor
  4242;19960201;19960229;   9;   2;    22.0;     15;     46;    3.8;eor
  4242;19960301;19960331;   9;   2;    23.0;      4;      4;    8.2;eor
  4242;19960401;19960430;   9;   2;    18.4;      0;      0;    8.1;eor
  4242;19960501;19960531;   9;   2;    68.2;      0;      0;   20.0;eor
  4242;19960601;19960630;   9;   2;    25.9;      0;      0;    9.0;eor
  4242;19960701;19960731;   9;   2;   130.1;      0;      0;   35.8;eor
  4242;19960801;19960831;   9;   2;    38.1;      0;      0;    9.6;eor
  4242;19960901;19960930;   9;   2;    50.6;      0;      0;   20.5;eor
  4242;19961001;19961031;   9;   2;    47.9;      0;      0;    7.6;eor
  4242;19961101;19961130;   9;   2;    52.6;      2;      2;    8.5;eor
  4242;19961201;19961231;   9;   2;    33.1;     11;     82;   14.6;eor
  4242;19970101;19970131;   9;   2;    13.6;      2;    137;    2.6;eor
  4242;19970201;19970228;   9;   2;    37.6;      0;      0;    5.8;eor
  4242;19970301;19970331;   9;   2;    47.1;      1;      0;   10.2;eor
  4242;19970401;19970430;   9;   2;    39.3;      0;      0;    8.8;eor
  4242;19970501;19970531;   9;   2;    44.8;      0;      0;   12.6;eor
  4242;19970601;19970630;   9;   2;    44.3;      0;      0;   14.5;eor
  4242;19970701;19970731;   9;   2;   112.4;      0;      0;   30.2;eor
  4242;19970801;19970831;   9;   2;    17.3;      0;      0;   11.0;eor
  4242;19970901;19970930;   9;   2;    16.9;      0;      0;    7.9;eor
  4242;19971001;19971031;   9;   2;    38.5;      0;      0;    7.0;eor
  4242;19971101;19971130;   9;   2;    15.0;      0;      0;    7.9;eor
  4242;19971201;19971231;   9;   2;    68.0;      9;     23;   12.4;eor
  4242;19980101;19980131;   9;   2;    32.1;      9;     20;    7.6;eor
  4242;19980201;19980228;   9;   2;    20.7;      2;     21;    6.9;eor
  4242;19980301;19980331;   9;   2;    44.8;      0;      0;   10.2;eor
  4242;19980401;19980430;   9;   2;    45.8;      0;      0;   10.8;eor
  4242;19980501;19980531;   9;   2;    39.5;      0;      0;   11.2;eor
  4242;19980601;19980630;   9;   2;    88.8;      0;      0;   41.8;eor
  4242;19980701;19980731;   9;   2;    89.9;      0;      0;   22.0;eor
  4242;19980801;19980831;   9;   2;    53.4;      0;      0;   22.8;eor
  4242;19980901;19980930;   9;   2;    96.4;      0;      0;   18.1;eor
  4242;19981001;19981031;   9;   2;    92.9;      0;      0;   18.0;eor
  4242;19981101;19981130;   9;   2;    58.1;      3;     11;   23.0;eor
  4242;19981201;19981231;   9;   2;    24.2;      5;     29;    4.3;eor
  4242;19990101;19990131;   9;   2;    28.8;      3;      6;    4.1;eor
  4242;19990201;19990228;   9;   2;    60.0;      8;     33;    9.6;eor
  4242;19990301;19990331;   9;   2;    27.7;      0;      0;    9.5;eor
  4242;19990401;19990430;   9;   2;    30.1;      0;      0;    7.0;eor
  4242;19990501;19990531;   9;   2;    64.3;      0;      0;   13.6;eor
  4242;19990601;19990630;   9;   2;    77.6;      0;      0;   16.0;eor
  4242;19990701;19990731;   9;   2;   122.8;      0;      0;   42.1;eor
  4242;19990801;19990831;   9;   2;    25.4;      0;      0;    6.0;eor
  4242;19990901;19990930;   9;   2;    12.9;      0;      0;    6.1;eor
  4242;19991001;19991031;   9;   2;    22.4;      0;      0;    8.0;eor
  4242;19991101;19991130;   9;   2;    65.4;      2;      2;   16.0;eor
  4242;19991201;19991231;   9;   2;    43.1;      0;      0;   14.5;eor
  4242;20000101;20000131;   9;   2;    39.2;      0;      0;    7.2;eor
  4242;20000201;20000229;   9;   2;    48.4;      0;      0;   10.9;eor
  4242;20000301;20000331;   9;   2;    89.5;      0;      0;   13.1;eor
  4242;20000401;20000430;   9;   2;    20.0;      0;      0;   11.6;eor
  4242;20000501;20000531;   9;   2;    27.4;      0;      0;   11.2;eor
  4242;20000601;20000630;   9;   2;    29.9;      0;      0;   12.5;eor
  4242;20000701;20000731;   9;   2;    44.3;      0;      0;    9.8;eor
  4242;20000801;20000831;   9;   2;    96.3;      0;      0;   26.9;eor
  4242;20000901;20000930;   9;   2;    57.2;      0;      0;   20.3;eor
  4242;20001001;20001031;   9;   2;    42.5;      0;      0;   15.0;eor
  4242;20001101;20001130;   9;   2;    26.3;      0;      0;    8.3;eor
  4242;20001201;20001231;   9;   2;    19.8;      7;     11;    6.5;eor
  4242;20010101;20010131;   9;   2;    20.0;      0;      0;    4.0;eor
  4242;20010201;20010228;   9;   2;    33.2;      6;     59;   14.1;eor
  4242;20010301;20010331;   9;   2;    85.2;      8;     10;   14.0;eor
  4242;20010401;20010430;   9;   2;    42.8;      0;      0;   10.5;eor
  4242;20010501;20010531;   9;   2;    48.5;      0;      0;   17.2;eor
  4242;20010601;20010630;   9;   2;    87.1;      0;      0;   14.0;eor
  4242;20010701;20010731;   9;   2;    88.6;      0;      0;   40.0;eor
  4242;20010801;20010831;   9;   2;    57.0;      0;      0;   30.3;eor
  4242;20010901;20010930;   9;   2;    94.2;      0;      0;   13.7;eor
  4242;20011001;20011031;   9;   2;    35.9;      0;      0;   13.4;eor
  4242;20011101;20011130;   9;   2;    52.7;      0;      0;   11.4;eor
  4242;20011201;20011231;   9;   2;    55.1;     17;     43;    8.4;eor
  4242;20020101;20020131;   9;   2;    25.7;      0;     48;    6.7;eor
  4242;20020201;20020228;   9;   2;    35.9;      0;      0;    5.2;eor
  4242;20020301;20020331;   9;   2;    24.2;      3;      3;    5.2;eor
  4242;20020401;20020430;   9;   2;    42.4;      0;      0;   18.4;eor
  4242;20020501;20020531;   9;   2;    51.5;      0;      0;   11.3;eor
  4242;20020601;20020630;   9;   2;    57.2;      0;      0;   21.8;eor
  4242;20020701;20020731;   9;   2;   101.3;      0;      0;   46.5;eor
  4242;20020801;20020831;   9;   2;   168.0;      0;      0;   54.4;eor
  4242;20020901;20020930;   9;   2;    44.3;      0;      0;   21.0;eor
  4242;20021001;20021031;   9;   2;    59.8;      0;      0;    8.5;eor
  4242;20021101;20021130;   9;   2;   104.7;      0;      0;   20.8;eor
  4242;20021201;20021231;   9;   2;    59.4;      0;      0;   21.7;eor
  4242;20030101;20030131;   9;   2;    66.2;     13;     48;    8.1;eor
  4242;20030201;20030228;   9;   2;    10.9;      9;      9;    5.6;eor
  4242;20030301;20030331;   9;   2;    30.2;      0;      0;    9.2;eor
  4242;20030401;20030430;   9;   2;    28.3;      0;      0;   12.8;eor
  4242;20030501;20030531;   9;   2;    43.4;      0;      0;   19.7;eor
  4242;20030601;20030630;   9;   2;    60.6;      0;      0;   23.2;eor
  4242;20030701;20030731;   9;   2;    51.6;      0;      0;   12.8;eor
  4242;20030801;20030831;   9;   2;    27.8;      0;      0;   11.5;eor
  4242;20030901;20030930;   9;   2;    50.0;      0;      0;   15.4;eor
  4242;20031001;20031031;   9;   2;    36.9;      0;      0;    9.2;eor
  4242;20031101;20031130;   9;   2;    33.2;      0;      0;   18.2;eor
  4242;20031201;20031231;   9;   2;    33.9;      6;     12;   12.0;eor
  4242;20040101;20040131;   9;   2;    75.5;     14;     61;   17.4;eor
  4242;20040201;20040229;   9;   2;    41.9;      0;      0;   14.7;eor
  4242;20040301;20040331;   9;   2;    28.2;     12;     14;    6.3;eor
  4242;20040401;20040430;   9;   2;    24.3;      0;      0;    6.1;eor
  4242;20040501;20040531;   9;   2;    83.7;      0;      0;   16.0;eor
  4242;20040601;20040630;   9;   2;    76.4;      0;      0;   19.7;eor
  4242;20040701;20040731;   9;   2;   134.0;      0;      0;   42.4;eor
  4242;20040801;20040831;   9;   2;    40.5;      0;      0;    9.9;eor
  4242;20040901;20040930;   9;   2;    36.9;      0;      0;    7.3;eor
  4242;20041001;20041031;   9;   2;    22.7;      0;      0;    5.3;eor
  4242;20041101;20041130;   9;   2;    82.1;      3;      3;   19.8;eor
  4242;20041201;20041231;   9;   2;    35.5;      0;      0;   17.6;eor
  4242;20050101;20050131;   9;   2;    51.4;     16;     77;   10.8;eor
  4242;20050201;20050228;   9;   2;    49.4;     23;     44;   10.9;eor
  4242;20050301;20050331;   9;   2;    17.2;      1;      2;    9.9;eor
  4242;20050401;20050430;   9;   2;    15.8;      0;      0;    5.2;eor
  4242;20050501;20050531;   9;   2;    64.4;      0;      0;   17.4;eor
  4242;20050601;20050630;   9;   2;    51.4;      0;      0;   23.0;eor
  4242;20050701;20050731;   9;   2;    94.3;      0;      0;   22.6;eor
  4242;20050801;20050831;   9;   2;    62.0;      0;      0;   12.4;eor
  4242;20050901;20050930;   9;   2;    20.6;      0;      0;    6.7;eor
  4242;20051001;20051031;   9;   2;    20.8;      0;      0;   14.8;eor
  4242;20051101;20051130;   9;   2;    40.3;      0;      0;   10.4;eor
  4242;20051201;20051231;   9;   2;    60.8;     22;     40;   11.5;eor
  4242;20060101;20060131;   9;   2;    19.9;      4;      6;    7.6;eor
  4242;20060201;20060228;   9;   2;    39.8;     16;     45;    7.4;eor
  4242;20060301;20060331;   9;   2;    63.6;     22;     48;   16.2;eor
  4242;20060401;20060430;   9;   2;    41.1;      0;      0;   13.6;eor
  4242;20060501;20060531;   9;   2;    66.0;      0;      0;   18.6;eor
  4242;20060601;20060630;   9;   2;    29.7;      0;      0;   13.9;eor
  4242;20060701;20060731;   9;   2;     9.3;      0;      0;    3.8;eor
  4242;20060801;20060831;   9;   2;    90.0;      0;      0;   10.5;eor
  4242;20060901;20060930;   9;   2;    23.1;      0;      0;    8.7;eor
  4242;20061001;20061031;   9;   2;    59.0;      0;      0;   17.6;eor
  4242;20061101;20061130;   9;   2;    26.4;      0;      0;    4.1;eor
  4242;20061201;20061231;   9;   2;    27.8;      0;      0;   12.1;eor
  4242;20070101;20070131;   9;   2;    54.1;      4;      5;   13.3;eor
  4242;20070201;20070228;   9;   2;    36.4;      0;      0;    7.5;eor
  4242;20070301;20070331;   9;   2;    54.3;      4;      4;   20.9;eor
  4242;20070401;20070430;   9;   2;     3.4;      0;      0;    1.7;eor
  4242;20070501;20070531;   9;   2;   115.2;      0;      0;   23.8;eor
  4242;20070601;20070630;   9;   2;    61.7;      0;      0;   30.9;eor
  4242;20070701;20070731;   9;   2;   111.2;      0;      0;   30.2;eor
  4242;20070801;20070831;   9;   2;    83.5;      0;      0;   19.5;eor
  4242;20070901;20070930;   9;   2;    85.0;      0;      0;   25.1;eor
  4242;20071001;20071031;   9;   2;    18.7;      0;      0;    4.4;eor
  4242;20071101;20071130;   9;   2;    63.1;      0;      0;    8.5;eor
  4242;20071201;20071231;   9;   2;    22.8;      0;      0;    5.4;eor
  4242;20080101;20080131;   9;   2;    58.5;      0;      0;   23.9;eor
  4242;20080201;20080229;   9;   2;    13.5;      0;      0;    5.0;eor
  4242;20080301;20080331;   9;   2;    44.2;      9;      9;   10.5;eor
  4242;20080401;20080430;   9;   2;    90.2;      0;      0;   24.0;eor
  4242;20080501;20080531;   9;   2;     7.0;      0;      0;    2.7;eor
  4242;20080601;20080630;   9;   2;    45.4;      0;      0;   17.7;eor
  4242;20080701;20080731;   9;   2;    58.0;      0;      0;   13.5;eor
  4242;20080801;20080831;   9;   2;    46.4;      0;      0;   10.4;eor
  4242;20080901;20080930;   9;   2;    52.1;      0;      0;   16.0;eor
  4242;20081001;20081031;   9;   2;    62.2;      0;      0;   15.1;eor
  4242;20081101;20081130;   9;   2;    18.2;      9;     17;    5.2;eor
  4242;20081201;20081231;   9;   2;    42.6;      4;      4;    9.6;eor
  4242;20090101;20090131;   9;   2;    24.7;     20;    162;   10.1;eor
  4242;20090201;20090228;   9;   2;    48.6;     46;     47;   10.8;eor
  4242;20090301;20090331;   9;   2;    52.6;      0;      0;    9.6;eor
  4242;20090401;20090430;   9;   2;    19.6;      0;      0;    7.3;eor
  4242;20090501;20090531;   9;   2;    83.9;      0;      0;   15.9;eor
  4242;20090601;20090630;   9;   2;    43.3;      0;      0;   13.2;eor
  4242;20090701;20090731;   9;   2;    76.9;      0;      0;   15.7;eor
  4242;20090801;20090831;   9;   2;    33.1;      0;      0;   13.4;eor
  4242;20090901;20090930;   9;   2;    37.0;      0;      0;   10.6;eor
  4242;20091001;20091031;   9;   2;    53.1;      0;      0;   11.3;eor
  4242;20091101;20091130;   9;   2;    83.4;      0;      0;   28.0;eor
  4242;20091201;20091231;   9;   2;    75.2;     15;     39;   13.3;eor
  4242;20100101;20100131;   9;   2;    38.6;     40;    295;    5.2;eor
  4242;20100201;20100228;   9;   2;    22.9;      7;     54;    7.3;eor
  4242;20100301;20100331;   9;   2;    45.0;     10;     25;   10.8;eor
  4242;20100401;20100430;   9;   2;    24.5;      0;      0;    7.3;eor
  4242;20100501;20100531;   9;   2;   104.1;      0;      0;   18.2;eor
  4242;20100601;20100630;   9;   2;    18.8;      0;      0;   10.7;eor
  4242;20100701;20100731;   9;   2;    99.4;      0;      0;   32.6;eor
  4242;20100801;20100831;   9;   2;   141.8;      0;      0;   32.3;eor
  4242;20100901;20100930;   9;   2;   115.6;      0;      0;   38.8;eor
  4242;20101001;20101031;  10;   2;    21.6;   -999;   -999;   11.2;eor
  4242;20101101;20101130;   7;   2;   105.2;     16;     27;   16.4;eor
  4242;20101201;20101231;   7;   2;    64.2;     42;    385;   12.3;eor
  4242;20110101;20110131;   3;   2;    54.4;      2;     73;    9.0;eor
  4242;20110201;20110228;   3;   2;    20.3;      1;      1;    4.9;eor
  4242;20110301;20110331;   3;   2;    12.7;      0;      0;    7.9;eor
  4242;20110401;20110430;   3;   2;    25.9;      0;      0;    8.0;eor
  4242;20110501;20110531;   3;   2;    64.8;      0;      0;   24.8;eor
  4242;20110601;20110630;   3;   2;    55.9;      0;      0;    8.5;eor
  4242;20110701;20110731;   3;   2;   123.8;      0;      0;   24.5;eor
  4242;20110801;20110831;   3;   2;    50.1;      0;      0;   22.6;eor
  4242;20110901;20110930;   3;   2;    77.7;      0;      0;   23.3;eor
  4242;20111001;20111031;   3;   2;    43.8;      0;      0;   16.2;eor
  4242;20111101;20111130;   3;   2;     0.2;      0;      0;    0.1;eor
  4242;20111201;20111231;   3;   2;    51.7;      0;      0;    8.8;eor
  4242;20120101;20120131;-999;-999;    -999;   -999;   -999;    7.7;eor
  4242;20120201;20120229;   3;   2;    21.8;      4;     59;    6.6;eor
  4242;20120301;20120331;   3;   2;     9.0;      0;      0;    1.8;eor
  4242;20120401;20120430;   3;   2;    19.4;      0;      0;    6.6;eor
  4242;20120501;20120531;   3;   2;    50.1;      0;      0;   11.8;eor
  4242;20120601;20120630;   3;   2;    64.8;      0;      0;    9.4;eor
  4242;20120701;20120731;   3;   2;    77.8;      0;      0;    9.3;eor
  4242;20120801;20120831;   3;   2;    42.7;      0;      0;   15.4;eor
  4242;20120901;20120930;   3;   2;    36.5;      0;      0;   12.2;eor
  4242;20121001;20121031;   3;   2;    23.1;      0;      0;    7.6;eor
  4242;20121101;20121130;   3;   2;    48.2;      0;      0;   16.2;eor
  4242;20121201;20121231;   3;   2;    65.6;     17;     53;   20.8;eor
  4242;20130101;20130131;   3;   2;    57.4;     10;     61;   12.8;eor
  4242;20130201;20130228;   3;   2;    43.5;     25;     70;    7.9;eor
  4242;20130301;20130331;   3;   2;    31.0;     20;     73;   10.1;eor
  4242;20130401;20130430;   3;   2;    42.6;      0;      0;   14.2;eor
  4242;20130501;20130531;   3;   2;   136.1;      0;      0;   28.3;eor
  4242;20130601;20130630;   3;   2;   110.4;      0;      0;   31.5;eor
  4242;20130701;20130731;   3;   2;    31.5;      0;      0;   14.5;eor
  4242;20130801;20130831;   3;   2;    45.3;      0;      0;   14.6;eor
  4242;20130901;20130930;   3;   2;    39.2;      0;      0;   21.5;eor
  4242;20131001;20131031;   3;   2;    45.3;      0;      0;   12.7;eor
  4242;20131101;20131130;   3;   2;    42.3;      0;      0;    8.3;eor
  4242;20131201;20131231;   3;   2;    17.1;      0;      0;    5.6;eor
  4242;20140101;20140131;   3;   2;    23.5;      5;     19;    4.6;eor
  4242;20140201;20140228;   3;   2;     6.7;   -999;   -999;    2.6;eor
  4242;20140301;20140331;   3;   2;    11.4;   -999;   -999;    2.9;eor
  4242;20140401;20140430;   3;   2;    33.7;   -999;   -999;    8.0;eor
  4242;20140501;20140531;   3;   2;   122.5;   -999;   -999;   61.3;eor
  4242;20140601;20140630;   3;   2;    30.0;   -999;   -999;   11.7;eor
  4242;20140701;20140731;   3;   2;    56.6;   -999;   -999;   13.2;eor
  4242;20140801;20140831;   3;   2;    71.9;   -999;   -999;   11.2;eor
  4242;20140901;20140930;   3;   2;    75.2;   -999;   -999;   18.6;eor
  4242;20141001;20141031;   3;   2;    35.8;   -999;   -999;   16.3;eor
  4242;20141101;20141130;   3;   2;     9.3;   -999;   -999;    3.2;eor
  4242;20141201;20141231;   3;   2;    51.2;     13;     28;    8.5;eor
