STATIONS_ID; MESS_DATUM_BEGINN; MESS_DATUM_ENDE; QUALITAETS_NIVEAU; ART; NIEDERSCHLAGSHOEHE;NEUSCHNEEHOEHE;SCHNEEHOEHE; max(NIEDERSCHLAGSHOEHE);eor
   245;19710101;19710131;   5;   2;    45.7;   -999;   -999;    6.7;eor
   245;19710201;19710228;   5;   2;    22.7;   -999;   -999;    4.5;eor
   245;19710301;19710331;   5;   2;    28.2;   -999;   -999;    7.0;eor
   245;19710401;19710430;   5;   2;    17.4;   -999;   -999;    6.3;eor
   245;19710501;19710531;   5;   2;    28.1;   -999;   -999;    7.8;eor
   245;19710601;19710630;   5;   2;   101.0;   -999;   -999;   17.5;eor
   245;19710701;19710731;   5;   2;    49.5;   -999;   -999;   15.7;eor
   245;19710801;19710831;   5;   2;    84.6;   -999;   -999;   27.7;eor
   245;19710901;19710930;   5;   2;    31.4;   -999;   -999;    7.0;eor
   245;19711001;19711031;   5;   2;    31.6;   -999;   -999;    9.6;eor
   245;19711101;19711130;   5;   2;    70.2;   -999;   -999;   12.0;eor
   245;19711201;19711231;   5;   2;    43.8;   -999;   -999;   10.9;eor
   245;19720101;19720131;   5;   2;    22.8;   -999;   -999;    7.5;eor
   245;19720201;19720229;   5;   2;    17.8;   -999;   -999;    7.0;eor
   245;19720301;19720331;   5;   2;    51.6;   -999;   -999;   20.0;eor
   245;19720401;19720430;   5;   2;    66.5;   -999;   -999;   13.0;eor
   245;19720501;19720531;   5;   2;   120.8;   -999;   -999;   28.1;eor
   245;19720601;19720630;   5;   2;    81.9;   -999;   -999;   27.2;eor
   245;19720701;19720731;   5;   2;    56.3;   -999;   -999;   10.3;eor
   245;19720801;19720831;   5;   2;    85.7;   -999;   -999;   14.5;eor
   245;19720901;19720930;   5;   2;    53.0;   -999;   -999;   14.4;eor
   245;19721001;19721031;   5;   2;    46.7;   -999;   -999;   18.8;eor
   245;19721101;19721130;   5;   2;   104.5;   -999;   -999;   17.0;eor
   245;19721201;19721231;   5;   2;    13.3;   -999;   -999;    5.0;eor
   245;19730101;19730131;   5;   2;    27.8;   -999;   -999;    6.4;eor
   245;19730201;19730228;   5;   2;    83.1;   -999;   -999;   16.8;eor
   245;19730301;19730331;   5;   2;    44.8;   -999;   -999;   15.0;eor
   245;19730401;19730430;   5;   2;    73.5;   -999;   -999;   16.7;eor
   245;19730501;19730531;   5;   2;    43.4;   -999;   -999;    6.7;eor
   245;19730601;19730630;   5;   2;    28.5;   -999;   -999;    9.4;eor
   245;19730701;19730731;   5;   2;   103.8;   -999;   -999;   35.4;eor
   245;19730801;19730831;   5;   2;    34.8;   -999;   -999;   11.7;eor
   245;19730901;19730930;   5;   2;    79.7;   -999;   -999;   19.8;eor
   245;19731001;19731031;   5;   2;    88.6;   -999;   -999;   15.1;eor
   245;19731101;19731130;   5;   2;   117.8;   -999;   -999;   13.4;eor
   245;19731201;19731231;   5;   2;    86.8;   -999;   -999;   17.2;eor
   245;19740101;19740131;   5;   2;    77.6;   -999;   -999;   11.2;eor
   245;19740201;19740228;   5;   2;    36.7;   -999;   -999;   11.0;eor
   245;19740301;19740331;   5;   2;    45.7;   -999;   -999;   13.3;eor
   245;19740401;19740430;   5;   2;    10.1;   -999;   -999;    5.2;eor
   245;19740501;19740531;   5;   2;    53.7;   -999;   -999;   10.5;eor
   245;19740601;19740630;   5;   2;    62.2;   -999;   -999;   10.7;eor
   245;19740701;19740731;   5;   2;   143.0;   -999;   -999;   25.2;eor
   245;19740801;19740831;   5;   2;    63.5;   -999;   -999;   12.2;eor
   245;19740901;19740930;   5;   2;    73.5;   -999;   -999;   16.7;eor
   245;19741001;19741031;   5;   2;   139.4;   -999;   -999;   19.2;eor
   245;19741101;19741130;   5;   2;   108.4;   -999;   -999;   23.0;eor
   245;19741201;19741231;   5;   2;   123.0;   -999;   -999;   14.9;eor
   245;19750101;19750131;   5;   2;    82.7;   -999;   -999;   10.5;eor
   245;19750201;19750228;   5;   2;    14.7;   -999;   -999;    5.0;eor
   245;19750301;19750331;   5;   2;    45.3;   -999;   -999;    6.4;eor
   245;19750401;19750430;   5;   2;    58.9;   -999;   -999;    7.7;eor
   245;19750501;19750531;   5;   2;    98.7;   -999;   -999;   23.0;eor
   245;19750601;19750630;   5;   2;    23.4;   -999;   -999;    7.6;eor
   245;19750701;19750731;   5;   2;   106.4;   -999;   -999;   41.3;eor
   245;19750801;19750831;   5;   2;    39.5;   -999;   -999;   12.0;eor
   245;19750901;19750930;   5;   2;    74.5;   -999;   -999;   23.7;eor
   245;19751001;19751031;   5;   2;    27.2;   -999;   -999;    8.8;eor
   245;19751101;19751130;   5;   2;    91.5;   -999;   -999;   21.6;eor
   245;19751201;19751231;   5;   2;    41.3;   -999;   -999;   11.5;eor
   245;19760101;19760131;   5;   2;   123.0;   -999;   -999;   18.2;eor
   245;19760201;19760229;   5;   2;    28.5;   -999;   -999;    9.5;eor
   245;19760301;19760331;   5;   2;    31.0;   -999;   -999;    6.9;eor
   245;19760401;19760430;   5;   2;     9.8;   -999;   -999;    4.4;eor
   245;19760501;19760531;   5;   2;    49.4;   -999;   -999;   11.3;eor
   245;19760601;19760630;   5;   2;    43.5;   -999;   -999;   26.0;eor
   245;19760701;19760731;   5;   2;    39.8;   -999;   -999;    8.4;eor
   245;19760801;19760831;   5;   2;    28.1;   -999;   -999;   12.5;eor
   245;19760901;19760930;   5;   2;    66.1;   -999;   -999;   12.6;eor
   245;19761001;19761031;   5;   2;    75.0;   -999;   -999;   16.5;eor
   245;19761101;19761130;   5;   2;    81.8;   -999;   -999;   23.7;eor
   245;19761201;19761231;   5;   2;    76.5;   -999;   -999;   16.0;eor
   245;19770101;19770131;   5;   2;    71.0;   -999;   -999;    9.5;eor
   245;19770201;19770228;   5;   2;    82.2;   -999;   -999;   11.1;eor
   245;19770301;19770331;   5;   2;    38.7;   -999;   -999;    5.1;eor
   245;19770401;19770430;   5;   2;    87.1;   -999;   -999;   12.8;eor
   245;19770501;19770531;   5;   2;    38.7;   -999;   -999;   11.3;eor
   245;19770601;19770630;   5;   2;    58.5;   -999;   -999;   10.8;eor
   245;19770701;19770731;   5;   2;    44.0;   -999;   -999;   11.1;eor
   245;19770801;19770831;   5;   2;    73.2;   -999;   -999;   11.3;eor
   245;19770901;19770930;   5;   2;    54.6;   -999;   -999;   23.1;eor
   245;19771001;19771031;   5;   2;    66.7;   -999;   -999;   34.2;eor
   245;19771101;19771130;   5;   2;   166.3;   -999;   -999;   24.5;eor
   245;19771201;19771231;   5;   2;    45.3;   -999;   -999;   12.4;eor
   245;19780101;19780131;   5;   2;    84.3;   -999;   -999;   17.5;eor
   245;19780201;19780228;   5;   2;    11.9;   -999;   -999;    3.1;eor
   245;19780301;19780331;   5;   2;    83.6;   -999;   -999;   12.6;eor
   245;19780401;19780430;   5;   2;    16.0;   -999;   -999;    6.5;eor
   245;19780501;19780531;   5;   2;    21.4;   -999;   -999;   13.2;eor
   245;19780601;19780630;   5;   2;    88.7;   -999;   -999;   28.5;eor
   245;19780701;19780731;   5;   2;    90.0;   -999;   -999;   17.6;eor
   245;19780801;19780831;   5;   2;   123.2;   -999;   -999;   27.8;eor
   245;19780901;19780930;   5;   2;   169.5;   -999;   -999;   21.7;eor
   245;19781001;19781031;   5;   2;    42.1;   -999;   -999;    9.4;eor
   245;19781101;19781130;   5;   2;    53.5;   -999;   -999;   12.0;eor
   245;19781201;19781231;   5;   2;    64.2;   -999;   -999;    9.5;eor
   245;19790101;19790131;   5;   2;    39.7;     31;    318;    7.1;eor
   245;19790201;19790228;   5;   2;    47.3;     39;    528;   11.7;eor
   245;19790301;19790331;   5;   2;    82.6;      9;     44;   12.0;eor
   245;19790401;19790430;   5;   2;    79.1;      0;      0;   12.6;eor
   245;19790501;19790531;   5;   2;    79.9;      1;      1;   22.8;eor
   245;19790601;19790630;   5;   2;    64.6;      0;      0;    8.3;eor
   245;19790701;19790731;   5;   2;    69.2;      0;      0;   10.8;eor
   245;19790801;19790831;   5;   2;    63.0;      0;      0;   15.0;eor
   245;19790901;19790930;   5;   2;    41.7;      0;      0;   17.0;eor
   245;19791001;19791031;   5;   2;    61.0;      0;      0;   11.3;eor
   245;19791101;19791130;   5;   2;    85.4;      0;      0;   22.5;eor
   245;19791201;19791231;   5;   2;   143.3;      6;      7;   16.0;eor
   245;19800101;19800131;   5;   2;    62.1;     12;     44;   12.9;eor
   245;19800201;19800229;   5;   2;    51.3;     18;     58;   10.0;eor
   245;19800301;19800331;   5;   2;    39.1;      2;      2;   10.5;eor
   245;19800401;19800430;   5;   2;    47.2;      0;      0;   13.0;eor
   245;19800501;19800531;   5;   2;    14.1;      0;      0;    8.0;eor
   245;19800601;19800630;   5;   2;   127.6;      0;      0;   24.1;eor
   245;19800701;19800731;   5;   2;   139.3;      0;      0;   23.0;eor
   245;19800801;19800831;   5;   2;    82.9;      0;      0;   30.5;eor
   245;19800901;19800930;   5;   2;    63.5;      0;      0;   22.6;eor
   245;19801001;19801031;   5;   2;   111.9;      0;      0;   18.4;eor
   245;19801101;19801130;   5;   2;    89.0;      0;      0;   13.8;eor
   245;19801201;19801231;   5;   2;    89.0;      8;     46;   15.7;eor
   245;19810101;19810131;  10;   2;    75.2;     13;     31;   15.5;eor
   245;19810201;19810228;  10;   2;    62.9;     11;     19;   10.3;eor
   245;19810301;19810331;  10;   2;   132.0;      4;      4;   26.2;eor
   245;19810401;19810430;  10;   2;    15.3;      2;      2;    4.3;eor
   245;19810501;19810531;  10;   2;    62.0;      0;      0;   13.3;eor
   245;19810601;19810630;  10;   2;   117.0;      0;      0;   44.6;eor
   245;19810701;19810731;  10;   2;    75.3;      0;      0;   20.3;eor
   245;19810801;19810831;  10;   2;    64.8;      0;      0;   18.1;eor
   245;19810901;19810930;  10;   2;    91.1;      0;      0;   28.5;eor
   245;19811001;19811031;  10;   2;   112.4;      0;      0;   16.8;eor
   245;19811101;19811130;  10;   2;    94.6;      0;      0;   18.0;eor
   245;19811201;19811231;  10;   2;    52.2;     16;    247;    6.8;eor
   245;19820101;19820131;  10;   2;    58.9;      5;     54;   22.2;eor
   245;19820201;19820228;  10;   2;    27.3;      0;      0;    8.3;eor
   245;19820301;19820331;  10;   2;    52.9;      0;      0;   13.3;eor
   245;19820401;19820430;  10;   2;    30.0;      0;      0;    6.2;eor
   245;19820501;19820531;  10;   2;    40.6;      0;      0;    9.8;eor
   245;19820601;19820630;  10;   2;   128.9;      0;      0;   26.1;eor
   245;19820701;19820731;  10;   2;    15.0;      0;      0;    4.3;eor
   245;19820801;19820831;  10;   2;    97.3;      0;      0;   18.3;eor
   245;19820901;19820930;  10;   2;    28.8;      0;      0;    7.6;eor
   245;19821001;19821031;  10;   2;   110.2;      0;      0;   15.6;eor
   245;19821101;19821130;  10;   2;    74.4;      0;      0;   17.8;eor
   245;19821201;19821231;  10;   2;    84.5;      0;      0;   14.6;eor
   245;19830101;19830131;  10;   2;    80.7;      0;      0;    9.1;eor
   245;19830201;19830228;  10;   2;    34.0;     10;     21;    4.5;eor
   245;19830301;19830331;  10;   2;    84.7;      2;      2;   16.2;eor
   245;19830401;19830430;  10;   2;    89.2;      0;      0;   20.1;eor
   245;19830501;19830531;  10;   2;   136.0;      0;      0;   18.1;eor
   245;19830601;19830630;  10;   2;    45.1;      0;      0;   12.3;eor
   245;19830701;19830731;  10;   2;    20.7;      0;      0;    9.4;eor
   245;19830801;19830831;  10;   2;    17.0;      0;      0;    5.0;eor
   245;19830901;19830930;  10;   2;    95.6;      0;      0;   11.6;eor
   245;19831001;19831031;  10;   2;   112.2;      0;      0;   30.2;eor
   245;19831101;19831130;  10;   2;    74.4;      0;      0;   25.1;eor
   245;19831201;19831231;  10;   2;    66.6;      3;     15;   18.0;eor
   245;19840101;19840131;  10;   2;   131.1;     16;     33;   18.0;eor
   245;19840201;19840229;  10;   2;    42.5;      4;     10;    7.8;eor
   245;19840301;19840331;  10;   2;    54.8;      9;     13;   14.7;eor
   245;19840401;19840430;  10;   2;    15.5;      0;      0;    6.3;eor
   245;19840501;19840531;  10;   2;    66.6;      0;      0;   16.9;eor
   245;19840601;19840630;  10;   2;    95.4;      0;      0;   22.0;eor
   245;19840701;19840731;  10;   2;    74.7;      0;      0;   15.6;eor
   245;19840801;19840831;  10;   2;    25.7;      0;      0;   11.9;eor
   245;19840901;19840930;  10;   2;   103.8;      0;      0;   13.3;eor
   245;19841001;19841031;  10;   2;   103.2;      0;      0;   16.5;eor
   245;19841101;19841130;  10;   2;    80.6;      1;      1;   32.6;eor
   245;19841201;19841231;  10;   2;    61.8;      0;      0;   26.8;eor
   245;19850101;19850131;  10;   2;    58.9;     37;    483;   11.1;eor
   245;19850201;19850228;  10;   2;     9.6;      0;      0;    3.7;eor
   245;19850301;19850331;  10;   2;    60.4;      0;      0;   19.5;eor
   245;19850401;19850430;  10;   2;    48.6;      0;      0;    5.3;eor
   245;19850501;19850531;  10;   2;    19.4;      0;      0;    4.9;eor
   245;19850601;19850630;  10;   2;   117.5;      0;      0;   15.2;eor
   245;19850701;19850731;  10;   2;   116.7;      0;      0;   21.9;eor
   245;19850801;19850831;  10;   2;    84.3;      0;      0;    9.5;eor
   245;19850901;19850930;  10;   2;    60.9;      0;      0;   14.7;eor
   245;19851001;19851031;  10;   2;    29.4;      0;      0;   16.2;eor
   245;19851101;19851130;  10;   2;   117.1;     14;     38;   17.1;eor
   245;19851201;19851231;  10;   2;    74.1;      0;     14;   14.8;eor
   245;19860101;19860131;  10;   2;   106.4;     27;    134;   13.0;eor
   245;19860201;19860228;  10;   2;     9.5;     17;     87;    3.4;eor
   245;19860301;19860331;  10;   2;    67.3;      5;     15;   10.6;eor
   245;19860401;19860430;  10;   2;    37.0;      0;      0;   11.9;eor
   245;19860501;19860531;  10;   2;    32.1;      0;      0;    8.1;eor
   245;19860601;19860630;  10;   2;    53.2;      0;      0;   14.4;eor
   245;19860701;19860731;  10;   2;    34.1;      0;      0;    4.8;eor
   245;19860801;19860831;  10;   2;    59.7;      0;      0;    8.5;eor
   245;19860901;19860930;  10;   2;    55.2;      0;      0;   16.5;eor
   245;19861001;19861031;  10;   2;    74.8;      0;      0;   19.8;eor
   245;19861101;19861130;  10;   2;    77.3;      0;      0;   15.0;eor
   245;19861201;19861231;  10;   2;   142.9;     20;     38;   20.0;eor
   245;19870101;19870131;  10;   2;    53.7;     21;     93;   14.0;eor
   245;19870201;19870228;  10;   2;    30.2;      0;      0;   12.5;eor
   245;19870301;19870331;  10;   2;    57.5;     16;     60;   11.6;eor
   245;19870401;19870430;  10;   2;    42.7;      0;      0;    8.8;eor
   245;19870501;19870531;  10;   2;    76.3;      0;      0;   12.1;eor
   245;19870601;19870630;  10;   2;   112.5;      0;      0;   14.6;eor
   245;19870701;19870731;  10;   2;    80.4;      0;      0;   12.8;eor
   245;19870801;19870831;  10;   2;    83.0;      0;      0;   14.6;eor
   245;19870901;19870930;  10;   2;   127.8;      0;      0;   27.0;eor
   245;19871001;19871031;  10;   2;    62.6;      0;      0;   17.6;eor
   245;19871101;19871130;  10;   2;    96.4;      0;      0;   14.6;eor
   245;19871201;19871231;  10;   2;    42.4;      0;      0;   10.4;eor
   245;19880101;19880131;  10;   2;   155.9;      0;      0;   22.9;eor
   245;19880201;19880229;  10;   2;    92.1;      0;      0;   15.5;eor
   245;19880301;19880331;  10;   2;   138.4;     16;     16;   11.3;eor
   245;19880401;19880430;  10;   2;    16.7;      0;      0;   10.5;eor
   245;19880501;19880531;  10;   2;    66.0;      0;      0;   28.1;eor
   245;19880601;19880630;  10;   2;    57.4;      0;      0;   11.5;eor
   245;19880701;19880731;  10;   2;   173.0;      0;      0;   24.2;eor
   245;19880801;19880831;  10;   2;    56.9;      0;      0;   13.7;eor
   245;19880901;19880930;  10;   2;    77.4;      0;      0;   22.4;eor
   245;19881001;19881031;  10;   2;    74.8;      0;      0;   23.5;eor
   245;19881101;19881130;  10;   2;    62.3;      2;      2;   15.6;eor
   245;19881201;19881231;  10;   2;    74.1;      5;      8;   11.2;eor
   245;19890101;19890131;  10;   2;    22.0;      0;      0;    3.9;eor
   245;19890201;19890228;  10;   2;    54.4;      0;      0;    7.5;eor
   245;19890301;19890331;  10;   2;    70.6;      0;      0;   12.1;eor
   245;19890401;19890430;  10;   2;    73.3;      0;      0;   23.0;eor
   245;19890501;19890531;  10;   2;    10.7;      0;      0;    4.9;eor
   245;19890601;19890630;  10;   2;   111.7;      0;      0;   40.1;eor
   245;19890701;19890731;  10;   2;    37.2;      0;      0;   22.3;eor
   245;19890801;19890831;  10;   2;    58.4;      0;      0;   16.8;eor
   245;19890901;19890930;  10;   2;    41.2;      0;      0;    9.5;eor
   245;19891001;19891031;  10;   2;   102.0;      0;      0;   18.0;eor
   245;19891101;19891130;  10;   2;    28.1;      1;      1;    7.5;eor
   245;19891201;19891231;  10;   2;   101.6;      2;      2;   25.7;eor
   245;19900101;19900131;  10;   2;    47.2;   -999;   -999;   10.6;eor
   245;19900201;19900228;  10;   2;    78.0;   -999;   -999;   17.0;eor
   245;19900301;19900331;  10;   2;    38.1;   -999;   -999;    8.2;eor
   245;19900401;19900430;  10;   2;    46.2;   -999;   -999;   11.2;eor
   245;19900501;19900531;  10;   2;    50.8;   -999;   -999;   13.8;eor
   245;19900601;19900630;  10;   2;   108.5;   -999;   -999;   20.7;eor
   245;19900701;19900731;  10;   2;    97.0;   -999;   -999;   19.0;eor
   245;19900801;19900831;  10;   2;    72.1;   -999;   -999;   16.0;eor
   245;19900901;19900930;  10;   2;   162.0;   -999;   -999;   26.7;eor
   245;19901001;19901031;  10;   2;    49.4;   -999;   -999;   18.1;eor
   245;19901101;19901130;  10;   2;   133.2;   -999;   -999;   22.6;eor
   245;19901201;19901231;  10;   2;    65.8;   -999;   -999;    9.8;eor
   245;19910101;19910131;   9;   2;    38.8;      0;      0;    7.1;eor
   245;19910201;19910228;   9;   2;    20.8;     13;     73;    5.3;eor
   245;19910301;19910331;   9;   2;    19.5;      2;      2;    6.9;eor
   245;19910401;19910430;   9;   2;    33.0;      2;      2;   10.0;eor
   245;19910501;19910531;   9;   2;    53.7;      0;      0;   10.5;eor
   245;19910601;19910630;   9;   2;   130.9;      0;      0;   19.2;eor
   245;19910701;19910731;   9;   2;    43.9;      0;      0;   18.9;eor
   245;19910801;19910831;   9;   2;    28.9;      0;      0;   11.1;eor
   245;19910901;19910930;   9;   2;    97.8;      0;      0;   28.4;eor
   245;19911001;19911031;   9;   2;    54.9;      0;      0;    9.9;eor
   245;19911101;19911130;   9;   2;    96.4;      0;      0;   23.0;eor
   245;19911201;19911231;   9;   2;    53.5;      0;      0;   17.5;eor
   245;19920101;19920131;   9;   2;    36.6;      0;      0;   15.4;eor
   245;19920201;19920229;   9;   2;    48.7;      3;      3;   11.0;eor
   245;19920301;19920331;   9;   2;   103.1;      2;      2;   22.5;eor
   245;19920401;19920430;   9;   2;    79.8;      0;      0;   23.3;eor
   245;19920501;19920531;   9;   2;    57.8;      0;      0;   26.6;eor
   245;19920601;19920630;   9;   2;    32.6;      0;      0;   15.6;eor
   245;19920701;19920731;   9;   2;    82.3;      0;      0;   21.3;eor
   245;19920801;19920831;   9;   2;    68.8;      0;      0;   23.6;eor
   245;19920901;19920930;   9;   2;    60.9;      0;      0;   21.6;eor
   245;19921001;19921031;   9;   2;    88.2;      0;      0;   13.3;eor
   245;19921101;19921130;   9;   2;   131.8;      0;      0;   26.6;eor
   245;19921201;19921231;   9;   2;    46.4;      0;      0;   22.3;eor
   245;19930101;19930131;   9;   2;    76.0;      3;      7;    9.6;eor
   245;19930201;19930228;   9;   2;    36.1;      2;      4;    7.2;eor
   245;19930301;19930331;   9;   2;    12.9;      0;      0;    5.2;eor
   245;19930401;19930430;   9;   2;    39.6;      0;      0;   13.0;eor
   245;19930501;19930531;   9;   2;    61.4;      0;      0;   21.1;eor
   245;19930601;19930630;   9;   2;    48.0;      0;      0;   10.2;eor
   245;19930701;19930731;   9;   2;   136.6;      0;      0;   43.3;eor
   245;19930801;19930831;   9;   2;   106.8;      0;      0;   19.0;eor
   245;19930901;19930930;   9;   2;   121.1;      0;      0;   29.1;eor
   245;19931001;19931031;   9;   2;   105.8;      0;      0;   26.7;eor
   245;19931101;19931130;   9;   2;    38.4;      0;      0;   21.0;eor
   245;19931201;19931231;   9;   2;   141.5;      6;      6;   17.8;eor
   245;19940101;19940131;   9;   2;    83.7;      0;      0;   18.5;eor
   245;19940201;19940228;   9;   2;    32.0;      2;      2;   13.0;eor
   245;19940301;19940331;   9;   2;    78.6;      1;      1;   13.8;eor
   245;19940401;19940430;   9;   2;    57.6;      0;      0;   16.4;eor
   245;19940501;19940531;   9;   2;    57.2;      0;      0;   11.7;eor
   245;19940601;19940630;   9;   2;    54.0;      0;      0;    7.1;eor
   245;19940701;19940731;   9;   2;    73.0;      0;      0;   39.1;eor
   245;19940801;19940831;   9;   2;    92.8;      0;      0;   16.7;eor
   245;19940901;19940930;   9;   2;   140.6;      0;      0;   38.3;eor
   245;19941001;19941031;   9;   2;    78.9;      0;      0;   22.4;eor
   245;19941101;19941130;   9;   2;    67.0;      0;      0;   13.7;eor
   245;19941201;19941231;   9;   2;    78.7;      0;      0;   10.2;eor
   245;19950101;19950131;   9;   2;   136.2;      1;      6;   25.5;eor
   245;19950201;19950228;   9;   2;    81.0;      1;      1;   14.1;eor
   245;19950301;19950331;   9;   2;    72.1;      8;      8;   17.4;eor
   245;19950401;19950430;   9;   2;    33.4;      0;      0;   10.2;eor
   245;19950501;19950531;   9;   2;    50.4;      0;      0;   12.6;eor
   245;19950601;19950630;   9;   2;    92.5;      0;      0;   21.1;eor
   245;19950701;19950731;   9;   2;    69.2;      0;      0;   15.6;eor
   245;19950801;19950831;   9;   2;    57.7;      0;      0;   18.2;eor
   245;19950901;19950930;   9;   2;   221.7;      0;      0;  119.2;eor
   245;19951001;19951031;   9;   2;    17.7;      0;      0;    3.7;eor
   245;19951101;19951130;   9;   2;    52.1;      0;      0;   14.9;eor
   245;19951201;19951231;   9;   2;    19.9;     11;     14;   16.7;eor
   245;19960101;19960131;   9;   2;     3.4;      5;      9;    1.1;eor
   245;19960201;19960229;   9;   2;    47.3;      6;     11;   10.3;eor
   245;19960301;19960331;   9;   2;    16.4;      0;      0;    6.7;eor
   245;19960401;19960430;   9;   2;    10.9;      2;      2;    6.9;eor
   245;19960501;19960531;   9;   2;    66.5;      0;      0;   10.5;eor
   245;19960601;19960630;   9;   2;    43.4;      0;      0;   16.2;eor
   245;19960701;19960731;   9;   2;    59.4;      0;      0;   14.3;eor
   245;19960801;19960831;   9;   2;   102.4;      0;      0;   29.9;eor
   245;19960901;19960930;   9;   2;    89.3;      0;      0;   19.3;eor
   245;19961001;19961031;   9;   2;    50.9;      0;      0;   13.3;eor
   245;19961101;19961130;   9;   2;   100.2;      0;      0;   10.1;eor
   245;19961201;19961231;   9;   2;    30.9;      3;      8;    7.7;eor
   245;19970101;19970131;   9;   2;     4.8;   -999;     13;    2.3;eor
   245;19970201;19970228;   9;   2;    75.9;   -999;      0;   18.3;eor
   245;19970301;19970331;   9;   2;    54.0;   -999;      0;   14.3;eor
   245;19970401;19970430;   9;   2;    31.1;   -999;      0;   12.6;eor
   245;19970501;19970531;   9;   2;    87.1;   -999;      0;   27.2;eor
   245;19970601;19970630;   9;   2;    81.4;   -999;      0;   22.5;eor
   245;19970701;19970731;   9;   2;    89.7;   -999;      0;   16.7;eor
   245;19970801;19970831;   9;   2;    47.0;   -999;      0;   16.3;eor
   245;19970901;19970930;   9;   2;    56.3;   -999;      0;   28.0;eor
   245;19971001;19971031;   9;   2;    98.8;   -999;      0;   16.3;eor
   245;19971101;19971130;   9;   2;    13.6;   -999;      0;    4.2;eor
   245;19971201;19971231;   9;   2;    55.5;   -999;      0;   12.3;eor
   245;19980101;19980131;   9;   2;    67.1;      0;      0;   13.9;eor
   245;19980201;19980228;   9;   2;    22.6;      2;      2;    7.2;eor
   245;19980301;19980331;   9;   2;    70.6;      0;      0;   17.2;eor
   245;19980401;19980430;   9;   2;   115.2;      0;      0;   25.0;eor
   245;19980501;19980531;   9;   2;    30.2;      0;      0;    5.9;eor
   245;19980601;19980630;   9;   2;   174.0;      0;      0;   31.4;eor
   245;19980701;19980731;   9;   2;    94.0;      0;      0;   13.5;eor
   245;19980801;19980831;   9;   2;    91.3;      0;      0;   27.8;eor
   245;19980901;19980930;   9;   2;    95.5;      0;      0;   18.4;eor
   245;19981001;19981031;   9;   2;   192.4;      0;      0;   27.1;eor
   245;19981101;19981130;   9;   2;    85.9;      8;     27;   12.3;eor
   245;19981201;19981231;   9;   2;    85.6;     15;     71;   13.5;eor
   245;19990101;19990131;   9;   2;    76.8;     14;     24;    9.1;eor
   245;19990201;19990228;   9;   2;    93.8;     28;    199;   15.1;eor
   245;19990301;19990331;   9;   2;    56.1;      0;      0;   14.9;eor
   245;19990401;19990430;   9;   2;    63.0;      0;      0;   15.0;eor
   245;19990501;19990531;   9;   2;    21.7;      0;      0;    3.8;eor
   245;19990601;19990630;   9;   2;    48.7;      0;      0;   10.9;eor
   245;19990701;19990731;   9;   2;    89.5;      0;      0;   25.4;eor
   245;19990801;19990831;   9;   2;   100.8;      0;      0;   37.3;eor
   245;19990901;19990930;   9;   2;    64.7;      0;      0;   15.2;eor
   245;19991001;19991031;   9;   2;    63.2;      0;      0;   11.3;eor
   245;19991101;19991130;   9;   2;    46.8;      0;      0;    7.1;eor
   245;19991201;19991231;   9;   2;   187.0;      8;      8;   29.2;eor
   245;20000101;20000131;   9;   2;    56.9;      2;      2;   15.8;eor
   245;20000201;20000229;   9;   2;    65.9;      0;      0;    6.9;eor
   245;20000301;20000331;   9;   2;    91.4;      2;      2;   15.2;eor
   245;20000401;20000430;   9;   2;    29.1;      0;      0;    7.3;eor
   245;20000501;20000531;   9;   2;    76.6;      0;      0;   10.9;eor
   245;20000601;20000630;   9;   2;    67.9;      0;      0;   18.1;eor
   245;20000701;20000731;   9;   2;    76.1;      0;      0;   13.5;eor
   245;20000801;20000831;   9;   2;   132.8;      0;      0;   59.5;eor
   245;20000901;20000930;   9;   2;    95.8;      0;      0;   18.5;eor
   245;20001001;20001031;   9;   2;    87.3;      0;      0;   14.2;eor
   245;20001101;20001130;   9;   2;    43.7;      0;      0;    7.3;eor
   245;20001201;20001231;   9;   2;    73.4;     20;     78;   15.7;eor
   245;20010101;20010131;   9;   2;    37.7;      4;     29;    7.9;eor
   245;20010201;20010228;   9;   2;    61.6;     14;     25;   10.1;eor
   245;20010301;20010331;   9;   2;    56.9;     20;     36;   18.0;eor
   245;20010401;20010430;   9;   2;    58.3;      0;      0;    7.1;eor
   245;20010501;20010531;   9;   2;    41.7;      0;      0;   10.0;eor
   245;20010601;20010630;   9;   2;   116.9;      0;      0;   27.2;eor
   245;20010701;20010731;   9;   2;   105.5;      0;      0;   28.8;eor
   245;20010801;20010831;   9;   2;    99.0;      0;      0;   16.9;eor
   245;20010901;20010930;   9;   2;   177.7;      0;      0;   26.1;eor
   245;20011001;20011031;   9;   2;    60.2;      0;      0;   12.0;eor
   245;20011101;20011130;   9;   2;   112.4;      0;      0;   18.2;eor
   245;20011201;20011231;   9;   2;   118.8;     28;     47;   18.0;eor
   245;20020101;20020131;   9;   2;    69.0;      3;     34;   14.2;eor
   245;20020201;20020228;   9;   2;   119.0;      0;      0;   17.7;eor
   245;20020301;20020331;   9;   2;    31.0;      0;      0;    7.5;eor
   245;20020401;20020430;   9;   2;    75.6;      0;      0;   19.7;eor
   245;20020501;20020531;   9;   2;    54.2;      0;      0;   14.9;eor
   245;20020601;20020630;   9;   2;   103.8;      0;      0;   17.8;eor
   245;20020701;20020731;   9;   2;    75.8;      0;      0;   15.5;eor
   245;20020801;20020831;   9;   2;   152.6;      0;      0;   30.1;eor
   245;20020901;20020930;   9;   2;    37.9;      0;      0;    6.2;eor
   245;20021001;20021031;   9;   2;   135.1;      0;      0;   14.2;eor
   245;20021101;20021130;   9;   2;    89.3;      0;      0;   18.9;eor
   245;20021201;20021231;   9;   2;    60.5;      0;      0;   12.5;eor
   245;20030101;20030131;   9;   2;    70.6;     20;     42;    9.0;eor
   245;20030201;20030228;   9;   2;    19.5;      6;      7;    8.9;eor
   245;20030301;20030331;   9;   2;    40.2;      0;      0;   20.2;eor
   245;20030401;20030430;   9;   2;    45.8;      1;      1;   22.1;eor
   245;20030501;20030531;   9;   2;   119.5;      0;      0;   22.6;eor
   245;20030601;20030630;   9;   2;    45.5;      0;      0;   12.0;eor
   245;20030701;20030731;   9;   2;    64.6;      0;      0;   15.1;eor
   245;20030801;20030831;   9;   2;    24.4;      0;      0;    7.9;eor
   245;20030901;20030930;   9;   2;   115.3;      0;      0;   43.3;eor
   245;20031001;20031031;   9;   2;    75.2;      4;      4;   14.9;eor
   245;20031101;20031130;   9;   2;    52.7;      0;      0;   19.1;eor
   245;20031201;20031231;   9;   2;    88.7;      3;      4;   22.0;eor
   245;20040101;20040131;   9;   2;   115.5;     12;     13;   18.2;eor
   245;20040201;20040229;   9;   2;    84.8;      5;      7;   15.0;eor
   245;20040301;20040331;   9;   2;    35.0;      0;      0;    8.9;eor
   245;20040401;20040430;   9;   2;    40.6;      0;      0;   15.2;eor
   245;20040501;20040531;   9;   2;    27.2;      0;      0;   16.2;eor
   245;20040601;20040630;   9;   2;    96.6;      0;      0;   35.0;eor
   245;20040701;20040731;   9;   2;   122.8;      0;      0;   26.0;eor
   245;20040801;20040831;   9;   2;   101.8;      0;      0;   22.2;eor
   245;20040901;20040930;   9;   2;    91.6;      0;      0;   23.3;eor
   245;20041001;20041031;   9;   2;    69.5;      0;      0;   15.0;eor
   245;20041101;20041130;   9;   2;    74.6;      0;      0;   13.0;eor
   245;20041201;20041231;   9;   2;    53.9;      1;      1;   11.3;eor
   245;20050101;20050131;   9;   2;    48.0;      1;      1;    8.0;eor
   245;20050201;20050228;   9;   2;    58.4;      4;      7;   12.3;eor
   245;20050301;20050331;   9;   2;    43.9;      7;     31;    5.6;eor
   245;20050401;20050430;   9;   2;    44.3;      0;      0;    7.5;eor
   245;20050501;20050531;   9;   2;    68.5;      0;      0;    9.8;eor
   245;20050601;20050630;   9;   2;    69.1;      0;      0;   16.7;eor
   245;20050701;20050731;   9;   2;   110.2;      0;      0;   14.2;eor
   245;20050801;20050831;   9;   2;    70.8;      0;      0;   11.7;eor
   245;20050901;20050930;   9;   2;    59.2;      0;      0;   14.6;eor
   245;20051001;20051031;   9;   2;    57.4;      0;      0;   23.1;eor
   245;20051101;20051130;   9;   2;    81.6;      6;      9;   11.2;eor
   245;20051201;20051231;   9;   2;    75.8;     18;     36;   11.5;eor
   245;20060101;20060131;   9;   2;    17.3;      0;      5;    5.2;eor
   245;20060201;20060228;   9;   2;    43.1;      0;      0;   10.4;eor
   245;20060301;20060331;   9;   2;    55.3;     14;     28;    8.0;eor
   245;20060401;20060430;   9;   2;    69.4;      0;      0;   17.3;eor
   245;20060501;20060531;   9;   2;    75.6;      0;      0;   12.6;eor
   245;20060601;20060630;   9;   2;    11.7;      0;      0;    4.1;eor
   245;20060701;20060731;   9;   2;   133.7;      0;      0;   60.3;eor
   245;20060801;20060831;   9;   2;   171.5;      0;      0;   46.2;eor
   245;20060901;20060930;   9;   2;    23.7;      0;      0;    7.8;eor
   245;20061001;20061031;   9;   2;   122.9;      0;      0;   18.4;eor
   245;20061101;20061130;   9;   2;    93.0;      0;      0;   13.5;eor
   245;20061201;20061231;   9;   2;    69.5;      0;      0;    9.2;eor
   245;20070101;20070131;   9;   2;   112.5;   -999;   -999;   12.8;eor
   245;20120801;20120831;   3;   2;    78.0;      0;      0;   14.7;eor
   245;20120901;20120930;   3;   2;    80.8;      0;      0;   22.7;eor
   245;20121001;20121031;   3;   2;    85.3;      0;      0;   18.7;eor
   245;20121101;20121130;   3;   2;    51.3;      0;      0;    6.4;eor
   245;20121201;20121231;   3;   2;   111.9;     18;     38;   14.7;eor
   245;20130101;20130131;   3;   2;    62.4;      9;     37;   12.6;eor
   245;20130201;20130228;   3;   2;    47.1;     10;     22;    9.6;eor
   245;20130301;20130331;   3;   2;    22.6;     16;     22;   10.6;eor
   245;20130401;20130430;   3;   2;    25.1;      0;      0;    7.4;eor
   245;20130501;20130531;   3;   2;    77.4;      0;      0;   17.3;eor
   245;20130601;20130630;   3;   2;    92.5;      0;      0;   30.3;eor
   245;20130701;20130731;   3;   2;    62.3;      0;      0;   18.8;eor
   245;20130801;20130831;   3;   2;    53.3;      0;      0;   12.9;eor
   245;20130901;20130930;   3;   2;   116.3;      0;      0;   20.2;eor
   245;20131001;20131031;   3;   2;    91.4;      0;      0;   17.3;eor
   245;20131101;20131130;   3;   2;   110.8;      0;      0;   17.2;eor
   245;20131201;20131231;   3;   2;    68.9;      0;      0;   12.8;eor
   245;20140101;20140131;   3;   2;    76.4;     23;     83;    9.9;eor
   245;20140201;20140228;   3;   2;    32.2;   -999;     17;    8.0;eor
   245;20140301;20140331;   3;   2;    28.7;   -999;   -999;   13.2;eor
   245;20140401;20140430;   3;   2;    64.8;   -999;   -999;   15.1;eor
   245;20140501;20140531;   3;   2;   101.5;   -999;   -999;   14.0;eor
   245;20140601;20140630;   3;   2;    44.0;   -999;   -999;   12.2;eor
   245;20140701;20140731;   3;   2;    57.6;   -999;   -999;   14.3;eor
   245;20140801;20140831;   3;   2;   111.0;   -999;   -999;   20.9;eor
   245;20140901;20140930;   3;   2;    41.6;   -999;   -999;   16.9;eor
   245;20141001;20141031;   3;   2;    57.9;   -999;   -999;   11.7;eor
   245;20141101;20141130;   3;   2;    32.3;   -999;   -999;    6.7;eor
   245;20141201;20141231;   3;   2;   106.0;   -999;   -999;   15.9;eor
