STATIONS_ID; MESS_DATUM_BEGINN; MESS_DATUM_ENDE; QUALITAETS_NIVEAU; ART; NIEDERSCHLAGSHOEHE;NEUSCHNEEHOEHE;SCHNEEHOEHE; max(NIEDERSCHLAGSHOEHE);eor
  1022;19460701;19460731;   1;   2;   153.1;   -999;      0;   44.6;eor
  1022;19460801;19460831;   1;   2;    97.5;   -999;      0;   41.5;eor
  1022;19460901;19460930;   1;   2;    31.1;   -999;      0;    7.2;eor
  1022;19461001;19461031;   1;   2;   102.2;   -999;      2;   16.0;eor
  1022;19461101;19461130;   1;   2;    18.2;   -999;      6;    5.5;eor
  1022;19461201;19461231;   1;   2;    20.4;   -999;    150;    7.9;eor
  1022;19470101;19470131;   1;   2;    40.3;   -999;    304;    9.3;eor
  1022;19470201;19470228;   1;   2;    51.8;   -999;    501;   13.4;eor
  1022;19470301;19470331;   1;   2;    93.2;   -999;    248;   10.4;eor
  1022;19470401;19470430;   1;   2;    56.0;   -999;      0;   14.4;eor
  1022;19470501;19470531;   1;   2;    58.2;   -999;      0;   32.1;eor
  1022;19470601;19470630;   1;   2;    77.4;   -999;      0;   20.0;eor
  1022;19470701;19470731;   1;   2;    26.5;   -999;      0;    8.0;eor
  1022;19470801;19470831;   1;   2;    32.1;   -999;      0;   21.4;eor
  1022;19470901;19470930;   1;   2;    36.8;   -999;      0;   16.0;eor
  1022;19471001;19471031;   1;   2;    18.5;   -999;      0;    6.1;eor
  1022;19471101;19471130;   1;   2;   173.5;   -999;     44;   43.5;eor
  1022;19471201;19471231;   1;   2;   189.5;   -999;    220;   37.5;eor
  1022;19480101;19480131;   1;   2;   111.6;   -999;     31;   17.7;eor
  1022;19480201;19480229;   1;   2;   149.4;   -999;    209;   29.7;eor
  1022;19480301;19480331;   1;   2;    51.2;   -999;     18;   13.4;eor
  1022;19480401;19480430;   1;   2;    50.1;   -999;      0;   24.1;eor
  1022;19480501;19480531;   1;   2;    68.9;   -999;      0;   21.5;eor
  1022;19480601;19480630;   1;   2;    26.2;   -999;      0;    4.4;eor
  1022;19480701;19480731;   1;   2;   148.3;   -999;      0;   34.7;eor
  1022;19480801;19480831;   1;   2;   206.3;   -999;      0;   55.6;eor
  1022;19480901;19480930;   1;   2;    24.4;   -999;      0;    5.6;eor
  1022;19481001;19481031;   1;   2;    29.5;   -999;      0;    5.5;eor
  1022;19481101;19481130;   1;   2;    24.6;   -999;      3;    5.6;eor
  1022;19481201;19481231;   1;   2;    21.7;   -999;     86;    6.7;eor
  1022;19490101;19490131;   1;   2;    58.3;   -999;    108;   13.9;eor
  1022;19490201;19490228;   1;   2;    64.9;   -999;    115;   16.8;eor
  1022;19490301;19490331;   1;   2;    98.4;   -999;    448;   20.6;eor
  1022;19490401;19490430;   1;   2;   112.4;   -999;     12;   30.4;eor
  1022;19490501;19490531;   1;   2;   155.1;   -999;      0;   26.4;eor
  1022;19490601;19490630;   1;   2;   177.7;   -999;      0;   28.1;eor
  1022;19490701;19490731;   1;   2;    95.5;   -999;      0;   58.9;eor
  1022;19490801;19490831;   1;   2;    93.3;   -999;      0;   26.9;eor
  1022;19490901;19490930;   1;   2;    33.5;   -999;      0;    9.7;eor
  1022;19491001;19491031;   1;   2;    10.0;   -999;      0;    6.9;eor
  1022;19491101;19491130;   1;   2;    43.9;   -999;      0;   10.9;eor
  1022;19491201;19491231;   1;   2;    72.5;   -999;     25;   11.3;eor
  1022;19500101;19500131;   1;   2;   104.2;   -999;    166;   19.4;eor
  1022;19500201;19500228;   1;   2;   104.3;   -999;    110;   23.5;eor
  1022;19500301;19500331;   1;   2;    27.8;   -999;     90;    5.9;eor
  1022;19500401;19500430;   1;   2;    74.2;   -999;      0;   29.1;eor
  1022;19500501;19500531;   1;   2;    98.0;   -999;      0;   38.9;eor
  1022;19500601;19500630;   1;   2;    53.9;   -999;      0;   10.4;eor
  1022;19500701;19500731;   1;   2;    80.3;   -999;      0;   30.4;eor
  1022;19500801;19500831;   1;   2;    83.1;   -999;      0;   11.9;eor
  1022;19500901;19500930;   1;   2;    93.1;   -999;      0;   28.2;eor
  1022;19501001;19501031;   1;   2;    54.1;   -999;     23;   12.1;eor
  1022;19501101;19501130;   1;   2;    79.7;   -999;     43;   10.2;eor
  1022;19501201;19501231;   1;   2;    36.0;   -999;    254;    7.4;eor
  1022;19510101;19510131;   1;   2;    81.4;   -999;    275;   35.6;eor
  1022;19510201;19510228;   1;   2;    23.6;   -999;     82;    6.6;eor
  1022;19510301;19510331;   1;   2;    44.2;   -999;     35;    9.1;eor
  1022;19510401;19510430;   1;   2;    54.3;   -999;      0;   22.8;eor
  1022;19510501;19510531;   1;   2;    72.8;   -999;      0;   22.9;eor
  1022;19510601;19510630;   1;   2;   151.6;   -999;      0;   29.9;eor
  1022;19510701;19510731;   1;   2;   137.5;   -999;      0;   35.9;eor
  1022;19510801;19510831;   1;   2;    63.6;   -999;      0;   14.0;eor
  1022;19510901;19510930;   1;   2;    43.5;   -999;      0;   17.3;eor
  1022;19511001;19511031;   1;   2;     9.4;   -999;      0;    4.4;eor
  1022;19511101;19511130;   1;   2;    92.3;   -999;      0;   25.9;eor
  1022;19511201;19511231;   1;   2;    33.3;   -999;     81;    7.6;eor
  1022;19520101;19520131;   1;   2;    76.0;   -999;    250;   15.5;eor
  1022;19520201;19520229;   1;   2;    88.3;   -999;    967;   21.1;eor
  1022;19520301;19520331;   1;   2;    75.9;   -999;     24;   11.2;eor
  1022;19520401;19520430;   1;   2;    43.6;   -999;      0;   10.1;eor
  1022;19520501;19520531;   1;   2;   131.4;   -999;      0;   14.2;eor
  1022;19520601;19520630;   1;   2;    66.2;   -999;      0;   11.6;eor
  1022;19520701;19520731;   1;   2;    43.0;   -999;      0;   14.9;eor
  1022;19520801;19520831;   1;   2;   128.2;   -999;      0;   26.4;eor
  1022;19520901;19520930;   1;   2;   144.6;   -999;      0;   28.4;eor
  1022;19521001;19521031;   1;   2;    90.9;   -999;      0;   10.4;eor
  1022;19521101;19521130;   1;   2;    95.2;   -999;    175;   21.1;eor
  1022;19521201;19521231;   1;   2;    48.9;   -999;    146;   11.1;eor
  1022;19530101;19530131;   1;   2;    93.4;   -999;    845;   14.1;eor
  1022;19530201;19530228;   1;   2;    60.3;   -999;    607;   22.1;eor
  1022;19530301;19530331;   1;   2;    45.1;   -999;     40;   14.7;eor
  1022;19530401;19530430;   1;   2;    45.6;   -999;      0;   14.3;eor
  1022;19530501;19530531;   1;   2;    72.9;   -999;     13;   15.7;eor
  1022;19530601;19530630;   1;   2;   137.9;   -999;      0;   34.8;eor
  1022;19530701;19530731;   1;   2;   114.3;   -999;      0;   23.1;eor
  1022;19530801;19530831;   1;   2;    62.2;   -999;      0;   27.6;eor
  1022;19530901;19530930;   1;   2;    48.1;   -999;      0;   16.0;eor
  1022;19531001;19531031;   1;   2;    36.1;   -999;      0;   11.8;eor
  1022;19531101;19531130;   1;   2;    16.9;   -999;      0;    7.7;eor
  1022;19531201;19531231;   1;   2;    38.2;   -999;     63;   12.4;eor
  1022;19540101;19540131;   1;   2;   100.1;   -999;    624;   24.6;eor
  1022;19540201;19540228;   1;   2;     8.9;   -999;    271;    3.1;eor
  1022;19540301;19540331;   1;   2;    30.3;   -999;     19;   14.3;eor
  1022;19540401;19540430;   1;   2;   163.6;   -999;     34;   31.4;eor
  1022;19540501;19540531;   1;   2;    65.9;   -999;      0;   12.5;eor
  1022;19540601;19540630;   1;   2;    99.3;   -999;      0;   51.0;eor
  1022;19540701;19540731;   1;   2;   347.5;   -999;      0;   98.5;eor
  1022;19540801;19540831;   1;   2;   116.8;   -999;      0;   71.5;eor
  1022;19540901;19540930;   1;   2;    83.5;   -999;      0;   27.1;eor
  1022;19541001;19541031;   1;   2;    68.8;   -999;      0;   18.9;eor
  1022;19541101;19541130;   1;   2;    44.3;   -999;     54;    9.2;eor
  1022;19541201;19541231;   1;   2;   145.2;   -999;     50;   36.8;eor
  1022;19550101;19550131;   1;   2;    51.0;   -999;    220;    8.6;eor
  1022;19550201;19550228;   1;   2;    74.1;   -999;    358;   21.9;eor
  1022;19550301;19550331;   1;   2;    41.2;   -999;    317;    9.6;eor
  1022;19550401;19550430;   1;   2;   127.8;   -999;     40;   32.3;eor
  1022;19550501;19550531;   1;   2;    34.5;   -999;      0;    8.1;eor
  1022;19550601;19550630;   1;   2;   111.8;   -999;      0;   16.5;eor
  1022;19550701;19550731;   1;   2;   225.8;   -999;      0;   56.9;eor
  1022;19550801;19550831;   1;   2;    65.4;   -999;      0;    9.1;eor
  1022;19550901;19550930;   1;   2;    68.8;   -999;      0;   13.9;eor
  1022;19551001;19551031;   1;   2;    56.2;   -999;      0;   14.5;eor
  1022;19551101;19551130;   1;   2;    44.9;   -999;     53;   13.5;eor
  1022;19551201;19551231;   1;   2;    98.5;   -999;     37;   15.6;eor
  1022;19560101;19560131;   1;   2;    30.3;   -999;    129;    8.6;eor
  1022;19560201;19560229;   1;   2;    58.6;   -999;    979;   10.2;eor
  1022;19560301;19560331;   1;   2;    87.8;   -999;    516;   21.5;eor
  1022;19560401;19560430;   1;   2;   102.8;   -999;     62;   18.6;eor
  1022;19560501;19560531;   1;   2;    82.7;   -999;      0;   27.6;eor
  1022;19560601;19560630;   1;   2;   130.6;   -999;      0;   22.8;eor
  1022;19560701;19560731;   1;   2;    81.3;   -999;      0;   20.3;eor
  1022;19560801;19560831;   1;   2;    67.4;   -999;      0;   14.9;eor
  1022;19560901;19560930;   1;   2;    40.8;   -999;      0;    9.8;eor
  1022;19561001;19561031;   1;   2;    79.7;   -999;      2;   25.5;eor
  1022;19561101;19561130;   1;   2;   111.6;   -999;     11;   31.6;eor
  1022;19561201;19561231;   1;   2;    80.0;   -999;     84;   22.6;eor
  1022;19570101;19570131;   1;   2;    48.6;   -999;    141;    9.1;eor
  1022;19570201;19570228;   1;   2;    75.9;   -999;     65;    9.8;eor
  1022;19570301;19570331;   1;   2;   112.0;   -999;     33;   26.6;eor
  1022;19570401;19570430;   1;   2;    42.8;   -999;     18;    8.8;eor
  1022;19570501;19570531;   1;   2;    47.8;   -999;      7;   12.4;eor
  1022;19570601;19570630;   1;   2;    47.2;   -999;      0;   10.4;eor
  1022;19570701;19570731;   1;   2;   241.8;   -999;      0;   66.9;eor
  1022;19570801;19570831;   1;   2;    80.1;   -999;      0;   22.2;eor
  1022;19570901;19570930;   1;   2;   104.2;   -999;      0;   13.5;eor
  1022;19571001;19571031;   1;   2;    17.1;   -999;      0;    5.6;eor
  1022;19571101;19571130;   1;   2;    34.0;   -999;      0;   10.5;eor
  1022;19571201;19571231;   1;   2;    64.4;   -999;     95;    9.8;eor
  1022;19580101;19580131;   1;   2;    69.3;   -999;    389;   18.5;eor
  1022;19580201;19580228;   1;   2;   108.7;   -999;    313;   15.9;eor
  1022;19580301;19580331;   1;   2;    78.5;   -999;    804;   21.6;eor
  1022;19580401;19580430;   1;   2;    63.1;   -999;     33;   11.5;eor
  1022;19580501;19580531;   1;   2;    91.0;   -999;      0;   24.9;eor
  1022;19580601;19580630;   1;   2;   124.0;   -999;      0;   38.7;eor
  1022;19580701;19580731;   1;   2;   233.1;   -999;      0;   72.6;eor
  1022;19580801;19580831;   1;   2;    67.7;   -999;      0;   19.0;eor
  1022;19580901;19580930;   1;   2;    68.2;   -999;      0;   16.4;eor
  1022;19581001;19581031;   1;   2;   151.2;   -999;      0;   26.8;eor
  1022;19581101;19581130;   1;   2;    23.2;   -999;      0;    6.3;eor
  1022;19581201;19581231;   1;   2;    78.0;   -999;    131;   14.2;eor
  1022;19590101;19590131;   1;   2;    66.9;   -999;    204;   23.7;eor
  1022;19590201;19590228;   1;   2;    28.0;   -999;    531;   11.7;eor
  1022;19590301;19590331;   1;   2;    26.6;   -999;      0;   10.1;eor
  1022;19590401;19590430;   1;   2;   125.7;   -999;      0;   38.9;eor
  1022;19590501;19590531;   1;   2;    72.2;   -999;      0;   28.2;eor
  1022;19590601;19590630;   1;   2;    35.4;   -999;      0;    8.2;eor
  1022;19590701;19590731;   1;   2;   115.1;   -999;      0;   25.3;eor
  1022;19590801;19590831;   1;   2;    82.7;   -999;      0;   24.2;eor
  1022;19590901;19590930;   1;   2;     0.0;   -999;      0;    0.0;eor
  1022;19591001;19591031;   1;   2;    53.2;   -999;      0;   20.9;eor
  1022;19591101;19591130;   1;   2;    28.1;   -999;      0;    7.2;eor
  1022;19591201;19591231;   1;   2;    45.9;   -999;     79;    8.9;eor
  1022;19600101;19600131;   1;   2;   107.4;   -999;    420;   17.8;eor
  1022;19600201;19600229;   1;   2;    14.6;   -999;    272;    4.9;eor
  1022;19600301;19600331;   1;   2;    73.6;   -999;    118;   18.2;eor
  1022;19600401;19600430;   1;   2;    51.2;   -999;     12;   12.1;eor
  1022;19600501;19600531;   1;   2;    62.6;   -999;      0;   14.4;eor
  1022;19600601;19600630;   1;   2;    53.4;   -999;      0;   10.5;eor
  1022;19600701;19600731;   1;   2;    54.3;   -999;      0;   17.4;eor
  1022;19600801;19600831;   1;   2;    80.4;   -999;      0;   29.4;eor
  1022;19600901;19600930;   1;   2;    31.1;   -999;      0;   14.0;eor
  1022;19601001;19601031;   1;   2;   197.5;   -999;      0;   38.5;eor
  1022;19601101;19601130;   1;   2;    65.1;   -999;      0;   12.5;eor
  1022;19601201;19601231;   1;   2;    55.7;   -999;     78;   11.1;eor
  1022;19610101;19610131;   1;   2;    38.2;   -999;    260;    9.4;eor
  1022;19610201;19610228;   1;   2;    90.2;   -999;     47;   21.5;eor
  1022;19610301;19610331;   1;   2;    95.6;   -999;     58;   13.5;eor
  1022;19610401;19610430;   1;   2;    82.6;   -999;      0;   15.9;eor
  1022;19610501;19610531;   1;   2;   133.6;   -999;      0;   27.6;eor
  1022;19610601;19610630;   1;   2;   130.9;   -999;      0;   30.4;eor
  1022;19610701;19610731;   1;   2;    -999;   -999;      0;   24.4;eor
  1022;19610801;19610831;   1;   2;    69.9;   -999;      0;   10.6;eor
  1022;19610901;19610930;   1;   2;    34.9;   -999;      0;   14.2;eor
  1022;19611001;19611031;   1;   2;    34.5;   -999;      0;   14.3;eor
  1022;19611101;19611130;   1;   2;    54.0;   -999;      0;   15.2;eor
  1022;19611201;19611231;   1;   2;    62.6;   -999;     92;   19.4;eor
  1022;19620101;19620131;   1;   2;    58.5;   -999;     75;   12.2;eor
  1022;19620201;19620228;   1;   2;    91.5;   -999;    464;   15.2;eor
  1022;19620301;19620331;   1;   2;    54.1;   -999;    278;   10.2;eor
  1022;19620401;19620430;   1;   2;    73.8;   -999;     15;   11.9;eor
  1022;19620501;19620531;   1;   2;    58.4;   -999;      0;    8.5;eor
  1022;19620601;19620630;   1;   2;   106.4;   -999;      0;   53.8;eor
  1022;19620701;19620731;   1;   2;    89.9;   -999;      0;   14.4;eor
  1022;19620801;19620831;   1;   2;    48.0;   -999;      0;   17.1;eor
  1022;19620901;19620930;   1;   2;    65.8;   -999;      0;   22.1;eor
  1022;19621001;19621031;   1;   2;    16.4;   -999;      0;    6.2;eor
  1022;19621101;19621130;   1;   2;    27.9;   -999;     21;    8.8;eor
  1022;19621201;19621231;   1;   2;    48.2;   -999;    271;   12.4;eor
  1022;19630101;19630131;   1;   2;    48.8;   -999;    779;   13.2;eor
  1022;19630201;19630228;   1;   2;    22.5;   -999;   1115;    4.8;eor
  1022;19630301;19630331;   1;   2;    36.4;   -999;    230;   12.2;eor
  1022;19630401;19630430;   1;   2;    44.4;   -999;      0;    8.4;eor
  1022;19630501;19630531;   1;   2;    68.2;   -999;      0;   10.8;eor
  1022;19630601;19630630;   1;   2;    80.3;   -999;      0;   10.8;eor
  1022;19630701;19630731;   1;   2;    91.1;   -999;      0;   45.2;eor
  1022;19630801;19630831;   1;   2;    77.0;   -999;      0;   19.3;eor
  1022;19630901;19630930;   1;   2;    97.2;   -999;      0;   26.9;eor
  1022;19631001;19631031;   1;   2;    29.8;   -999;      0;    9.5;eor
  1022;19631101;19631130;   1;   2;    69.5;   -999;      0;   14.2;eor
  1022;19631201;19631231;   1;   2;    21.8;   -999;    152;    6.8;eor
  1022;19640101;19640131;   1;   2;    33.4;   -999;    151;    7.3;eor
  1022;19640201;19640229;   1;   2;    61.4;   -999;    314;    9.5;eor
  1022;19640301;19640331;   1;   2;    22.2;   -999;     69;    5.6;eor
  1022;19640401;19640430;   1;   2;    66.1;   -999;      5;   22.3;eor
  1022;19640501;19640531;   1;   2;    45.6;   -999;      0;   12.5;eor
  1022;19640601;19640630;   1;   2;    52.0;   -999;      0;   14.1;eor
  1022;19640701;19640731;   1;   2;    31.3;   -999;      0;   12.1;eor
  1022;19640801;19640831;   1;   2;   115.1;   -999;      0;   32.6;eor
  1022;19640901;19640930;   1;   2;    32.0;   -999;      0;    6.3;eor
  1022;19641001;19641031;   1;   2;    90.1;   -999;      0;   19.1;eor
  1022;19641101;19641130;   1;   2;    84.1;   -999;     15;   16.1;eor
  1022;19641201;19641231;   1;   2;    43.4;   -999;    154;    9.2;eor
  1022;19650101;19650131;   1;   2;    80.6;   -999;    170;   15.4;eor
  1022;19650201;19650228;   1;   2;   105.9;   -999;   1143;   16.8;eor
  1022;19650301;19650331;   1;   2;    79.4;   -999;   1094;   26.9;eor
  1022;19650401;19650430;   1;   2;   127.8;   -999;      6;   16.1;eor
  1022;19650501;19650531;   1;   2;   185.3;   -999;      0;   58.6;eor
  1022;19650601;19650630;   1;   2;    94.2;   -999;      0;   20.2;eor
  1022;19650701;19650731;   1;   2;   113.0;   -999;      0;   21.7;eor
  1022;19650801;19650831;   1;   2;    18.0;   -999;      0;    5.9;eor
  1022;19650901;19650930;   1;   2;    94.7;   -999;      0;   28.1;eor
  1022;19651001;19651031;   1;   2;    14.8;   -999;      0;    7.0;eor
  1022;19651101;19651130;   1;   2;    -999;   -999;    129;    7.0;eor
  1022;19651201;19651231;   5;   2;   100.0;   -999;   -999;   -999;eor
  1022;19660101;19660131;   5;   2;    40.0;   -999;   -999;   -999;eor
  1022;19660201;19660228;   5;   2;    75.0;   -999;   -999;   -999;eor
  1022;19660210;19660228;-999;-999;    -999;   -999;   -999;    4.4;eor
  1022;19660301;19660331;   1;   2;    96.7;   -999;     88;   11.8;eor
  1022;19660401;19660430;   1;   2;    69.3;   -999;      0;   20.3;eor
  1022;19660501;19660531;   1;   2;    62.1;   -999;      0;   20.1;eor
  1022;19660601;19660630;   1;   2;   161.0;   -999;      0;   35.4;eor
  1022;19660701;19660731;   1;   2;   114.1;   -999;      0;   44.9;eor
  1022;19660801;19660831;   1;   2;   101.3;   -999;      0;   22.3;eor
  1022;19660901;19660930;   1;   2;    51.8;   -999;      0;   12.4;eor
  1022;19661001;19661031;   1;   2;    89.2;   -999;      0;   17.6;eor
  1022;19661101;19661130;   1;   2;    33.2;   -999;     42;   10.7;eor
  1022;19661201;19661231;   1;   2;   145.7;   -999;    162;   18.8;eor
  1022;19670101;19670131;   1;   2;    91.3;   -999;    454;   12.7;eor
  1022;19670201;19670228;   1;   2;    60.4;   -999;     44;    9.2;eor
  1022;19670301;19670331;   1;   2;    90.6;   -999;     57;   16.7;eor
  1022;19670401;19670430;   1;   2;    41.5;   -999;      7;   10.9;eor
  1022;19670501;19670531;   1;   2;    91.6;   -999;      0;   23.2;eor
  1022;19670601;19670630;   1;   2;   134.3;   -999;      0;   18.9;eor
  1022;19670701;19670731;   1;   2;    69.1;   -999;      0;   14.6;eor
  1022;19670801;19670831;   1;   2;    97.9;   -999;      0;   41.6;eor
  1022;19670901;19670930;   1;   2;   142.7;   -999;      0;   41.6;eor
  1022;19671001;19671031;   1;   2;    34.2;   -999;      0;   11.5;eor
  1022;19671101;19671130;   1;   2;    28.0;   -999;      6;    7.2;eor
  1022;19671201;19671231;   1;   2;   145.2;   -999;    506;   23.9;eor
  1022;19680101;19680131;   1;   2;   117.9;   -999;    470;   28.0;eor
  1022;19680201;19680229;   1;   2;    36.9;   -999;    102;    9.1;eor
  1022;19680301;19680331;   1;   2;    62.5;   -999;    209;   17.6;eor
  1022;19680401;19680430;   1;   2;    46.0;   -999;      2;   15.9;eor
  1022;19680501;19680531;   1;   2;    55.1;   -999;      0;   12.4;eor
  1022;19680601;19680630;   1;   2;    94.5;   -999;      0;   25.6;eor
  1022;19680701;19680731;   1;   2;    76.1;   -999;      0;   21.7;eor
  1022;19680801;19680831;   1;   2;   103.1;   -999;      0;   21.0;eor
  1022;19680901;19680930;   1;   2;   107.1;   -999;      0;   25.6;eor
  1022;19681001;19681031;   1;   2;    72.3;   -999;      0;   20.1;eor
  1022;19681101;19681130;   1;   2;    56.0;   -999;     13;   13.5;eor
  1022;19681201;19681231;   1;   2;    -999;   -999;    167;   10.4;eor
  1022;19690101;19690131;   5;   2;    61.6;   -999;    590;   14.0;eor
  1022;19690201;19690228;   5;   2;    34.5;   -999;    280;   17.4;eor
  1022;19690301;19690331;   5;   2;    68.9;   -999;     58;   14.3;eor
  1022;19690401;19690430;   5;   2;   140.6;   -999;     33;   34.2;eor
  1022;19690501;19690531;   5;   2;    77.9;   -999;      0;   28.7;eor
  1022;19690601;19690630;   5;   2;   126.2;   -999;      0;   29.5;eor
  1022;19690701;19690731;   5;   2;    35.8;   -999;      0;   11.9;eor
  1022;19690801;19690831;   5;   2;    44.5;   -999;      0;    7.6;eor
  1022;19690901;19690930;   5;   2;    22.5;   -999;      0;    4.9;eor
  1022;19691001;19691031;   5;   2;    44.6;   -999;      0;   11.4;eor
  1022;19691101;19691130;   5;   2;    52.4;   -999;    105;   15.9;eor
  1022;19691201;19691231;   5;   2;    27.6;   -999;    589;    5.6;eor
  1022;19700101;19700131;   5;   2;    34.3;   -999;    734;    9.7;eor
  1022;19700201;19700228;   5;   2;   123.3;   -999;    773;   26.1;eor
  1022;19700301;19700331;   5;   2;   107.1;   -999;   1680;   19.5;eor
  1022;19700401;19700430;   5;   2;   101.3;   -999;     70;   18.3;eor
  1022;19700501;19700531;   5;   2;   105.8;   -999;      7;   14.9;eor
  1022;19700601;19700630;   5;   2;    65.5;   -999;      0;   26.1;eor
  1022;19700701;19700731;   5;   2;    61.0;   -999;      0;   12.6;eor
  1022;19700801;19700831;   5;   2;   182.7;   -999;      0;   38.4;eor
  1022;19700901;19700930;   5;   2;    35.7;   -999;      0;   11.3;eor
  1022;19701001;19701031;   5;   2;   113.0;   -999;      5;   15.6;eor
  1022;19701101;19701130;   5;   2;    87.1;   -999;      0;   15.2;eor
  1022;19701201;19701231;   5;   2;    89.3;   -999;    183;   18.1;eor
  1022;19710101;19710131;   5;   2;    19.2;   -999;    449;    7.0;eor
  1022;19710201;19710228;   5;   2;    86.9;   -999;    129;   11.4;eor
  1022;19710301;19710331;   5;   2;    42.2;   -999;    598;    8.1;eor
  1022;19710401;19710430;   5;   2;    41.1;   -999;      3;   12.6;eor
  1022;19710501;19710531;   5;   2;    89.5;   -999;      0;   20.1;eor
  1022;19710601;19710630;   5;   2;   141.2;   -999;      0;   26.5;eor
  1022;19710701;19710731;   5;   2;    17.5;   -999;      0;   11.9;eor
  1022;19710801;19710831;   5;   2;    44.1;   -999;      0;    9.0;eor
  1022;19710901;19710930;   5;   2;    77.4;   -999;      0;   19.8;eor
  1022;19711001;19711031;   5;   2;    41.2;   -999;      3;   20.5;eor
  1022;19711101;19711130;   5;   2;    84.8;   -999;    114;   31.8;eor
  1022;19711201;19711231;   5;   2;    92.5;   -999;     18;   13.2;eor
  1022;19720101;19720131;   5;   2;    22.0;   -999;    196;    5.4;eor
  1022;19720201;19720229;   5;   2;     9.8;   -999;    123;    4.1;eor
  1022;19720301;19720331;   5;   2;    31.4;   -999;      4;   12.2;eor
  1022;19720401;19720430;   5;   2;    51.2;   -999;      6;    6.6;eor
  1022;19720501;19720531;   5;   2;   124.3;   -999;      0;   31.4;eor
  1022;19720601;19720630;   5;   2;    74.4;   -999;      0;   23.5;eor
  1022;19720701;19720731;   5;   2;   107.9;   -999;      0;   51.1;eor
  1022;19720801;19720831;   5;   2;    77.8;   -999;      0;   27.9;eor
  1022;19720901;19720930;   5;   2;    91.7;   -999;      0;   22.4;eor
  1022;19721001;19721031;   5;   2;    53.4;   -999;      8;   15.4;eor
  1022;19721101;19721130;   5;   2;    46.0;   -999;     34;   12.5;eor
  1022;19721201;19721231;   5;   2;     6.0;   -999;      1;    3.3;eor
  1022;19730101;19730131;   5;   2;    40.9;   -999;     61;   11.7;eor
  1022;19730201;19730228;   5;   2;    80.3;   -999;    200;   16.8;eor
  1022;19730301;19730331;   5;   2;    55.1;   -999;    221;   20.8;eor
  1022;19730401;19730430;   5;   2;   120.6;   -999;    140;   32.1;eor
  1022;19730501;19730531;   5;   2;    70.6;   -999;      0;   22.1;eor
  1022;19730601;19730630;   5;   2;   108.3;   -999;      0;   53.5;eor
  1022;19730701;19730731;   5;   2;   136.2;   -999;      0;   44.3;eor
  1022;19730801;19730831;   5;   2;    51.0;   -999;      0;   15.1;eor
  1022;19730901;19730930;   5;   2;    31.8;   -999;      0;   14.9;eor
  1022;19731001;19731031;   5;   2;    98.3;   -999;      5;   20.7;eor
  1022;19731101;19731130;   5;   2;    67.0;   -999;     97;    7.2;eor
  1022;19731201;19731231;   5;   2;    89.2;   -999;    547;   14.3;eor
  1022;19740101;19740131;   5;   2;    69.5;   -999;    121;   19.3;eor
  1022;19740201;19740228;   5;   2;    73.3;   -999;     90;   12.9;eor
  1022;19740301;19740331;   5;   2;    35.0;   -999;      3;   11.7;eor
  1022;19740401;19740430;   5;   2;    21.9;   -999;     11;   11.6;eor
  1022;19740501;19740531;   5;   2;   115.8;   -999;      0;   22.7;eor
  1022;19740601;19740630;   5;   2;   121.4;   -999;      0;   23.2;eor
  1022;19740701;19740731;   5;   2;   110.6;   -999;      0;   19.1;eor
  1022;19740801;19740831;   5;   2;    67.9;   -999;      0;   14.0;eor
  1022;19740901;19740930;   5;   2;    87.4;   -999;      0;   23.5;eor
  1022;19741001;19741031;   5;   2;   161.7;   -999;      7;   39.5;eor
  1022;19741101;19741130;   5;   2;    87.0;   -999;     11;   16.4;eor
  1022;19741201;19741231;   5;   2;   217.3;   -999;    106;   36.5;eor
  1022;19750101;19750131;   5;   2;    50.3;   -999;     17;   10.1;eor
  1022;19750201;19750228;   5;   2;    29.6;   -999;     21;    7.8;eor
  1022;19750301;19750331;   5;   2;    75.3;   -999;     63;   16.1;eor
  1022;19750401;19750430;   5;   2;    65.7;   -999;      8;   15.1;eor
  1022;19750501;19750531;   5;   2;   107.5;   -999;      0;   36.6;eor
  1022;19750601;19750630;   5;   2;    70.5;   -999;      0;   19.0;eor
  1022;19750701;19750731;   5;   2;    79.7;   -999;      0;   21.5;eor
  1022;19750801;19750831;   5;   2;    81.2;   -999;      0;   22.3;eor
  1022;19750901;19750930;   5;   2;    51.9;   -999;      0;   25.1;eor
  1022;19751001;19751031;   5;   2;    55.6;   -999;      0;    6.6;eor
  1022;19751101;19751130;   5;   2;    65.2;   -999;    151;   16.3;eor
  1022;19751201;19751231;   5;   2;    47.1;   -999;     29;   10.1;eor
  1022;19760101;19760131;   5;   2;   190.9;   -999;    138;   19.5;eor
  1022;19760201;19760229;   5;   2;    12.3;   -999;     80;    3.9;eor
  1022;19760301;19760331;   5;   2;    39.0;   -999;     68;    9.6;eor
  1022;19760401;19760430;   5;   2;    33.8;   -999;      7;    6.7;eor
  1022;19760501;19760531;   5;   2;    54.1;   -999;      0;   10.8;eor
  1022;19760601;19760630;   5;   2;    33.0;   -999;      0;   19.3;eor
  1022;19760701;19760731;   5;   2;    39.9;   -999;      0;    9.1;eor
  1022;19760801;19760831;   5;   2;    38.9;   -999;      0;    7.8;eor
  1022;19760901;19760930;   5;   2;    44.2;   -999;      0;   11.1;eor
  1022;19761001;19761031;   5;   2;    28.7;   -999;      0;    9.9;eor
  1022;19761101;19761130;   5;   2;   105.5;   -999;    166;   20.9;eor
  1022;19761201;19761231;   5;   2;    65.3;   -999;    553;   22.4;eor
  1022;19770101;19770131;   5;   2;    32.8;   -999;    535;   10.8;eor
  1022;19770201;19770228;   5;   2;    42.8;   -999;     47;    8.1;eor
  1022;19770301;19770331;   5;   2;    57.7;   -999;     28;   12.7;eor
  1022;19770401;19770430;   5;   2;    96.9;   -999;     51;   13.4;eor
  1022;19770501;19770531;   5;   2;    47.7;   -999;      0;   18.9;eor
  1022;19770601;19770630;   5;   2;   128.9;   -999;      0;   51.1;eor
  1022;19770701;19770731;   5;   2;   161.0;   -999;      0;   58.4;eor
  1022;19770801;19770831;   5;   2;   155.7;   -999;      0;   64.4;eor
  1022;19770901;19770930;   5;   2;    55.1;   -999;      0;    9.1;eor
  1022;19771001;19771031;   5;   2;    34.9;   -999;      0;   12.6;eor
  1022;19771101;19771130;   5;   2;   123.6;   -999;     54;   34.8;eor
  1022;19771201;19771231;   5;   2;    53.6;   -999;    157;    6.7;eor
  1022;19780101;19780131;   5;   2;    42.8;   -999;    372;   10.1;eor
  1022;19780201;19780228;   5;   2;    19.2;   -999;    449;    5.4;eor
  1022;19780301;19780331;   5;   2;    65.7;   -999;     49;   14.4;eor
  1022;19780401;19780430;   5;   2;    26.1;   -999;      0;    6.4;eor
  1022;19780501;19780531;   5;   2;   177.0;   -999;      0;   69.4;eor
  1022;19780601;19780630;   5;   2;    70.8;   -999;      0;   26.7;eor
  1022;19780701;19780731;   5;   2;    54.3;   -999;      0;   18.1;eor
  1022;19780801;19780831;   5;   2;   201.2;   -999;      0;   74.4;eor
  1022;19780901;19780930;   5;   2;   120.3;   -999;      0;   21.1;eor
  1022;19781001;19781031;   5;   2;    67.7;   -999;      0;   13.6;eor
  1022;19781101;19781130;   5;   2;    57.8;   -999;     38;   25.7;eor
  1022;19781201;19781231;   5;   2;    92.7;   -999;    325;   24.9;eor
  1022;19790101;19790131;   5;   2;    70.6;   -999;    792;   11.7;eor
  1022;19790201;19790228;   5;   2;    36.3;   -999;    589;    7.2;eor
  1022;19790301;19790331;   5;   2;    92.3;   -999;     76;   21.3;eor
  1022;19790401;19790430;   5;   2;    76.2;   -999;     75;   17.5;eor
  1022;19790501;19790531;   5;   2;    19.9;   -999;      0;    4.4;eor
  1022;19790601;19790630;   5;   2;   102.9;   -999;      0;   24.3;eor
  1022;19790701;19790731;   5;   2;   126.3;   -999;      0;   28.9;eor
  1022;19790801;19790831;   5;   2;    46.3;   -999;      0;   12.5;eor
  1022;19790901;19790930;   5;   2;   105.6;   -999;      0;   24.2;eor
  1022;19791001;19791031;   5;   2;    17.4;   -999;      0;    6.4;eor
  1022;19791101;19791130;   5;   2;    84.2;   -999;     40;   14.3;eor
  1022;19791201;19791231;   5;   2;    96.7;   -999;     71;   17.2;eor
  1022;19800101;19800131;   5;   2;    63.5;   -999;    725;    8.1;eor
  1022;19800201;19800229;   5;   2;    82.9;   -999;     59;   26.5;eor
  1022;19800301;19800331;   5;   2;    62.0;   -999;     93;   17.7;eor
  1022;19800401;19800430;   5;   2;   174.5;   -999;    193;   60.4;eor
  1022;19800501;19800531;   5;   2;    16.5;   -999;      0;    8.3;eor
  1022;19800601;19800630;   5;   2;    92.2;   -999;      0;   15.5;eor
  1022;19800701;19800731;   5;   2;   215.3;   -999;      0;   66.1;eor
  1022;19800801;19800831;   5;   2;    95.6;   -999;      0;   30.3;eor
  1022;19800901;19800930;   5;   2;    64.7;   -999;      0;   15.5;eor
  1022;19801001;19801031;   5;   2;    88.0;   -999;      0;   31.1;eor
  1022;19801101;19801130;   5;   2;    48.8;   -999;     58;    6.4;eor
  1022;19801201;19801231;   5;   2;    54.6;   -999;    206;    7.8;eor
  1022;19810101;19810131;  10;   2;   121.2;   -999;    738;   18.3;eor
  1022;19810201;19810228;  10;   2;    42.3;   -999;    269;    7.2;eor
  1022;19810301;19810331;  10;   2;   116.4;   -999;      6;   20.1;eor
  1022;19810401;19810430;  10;   2;    71.1;   -999;     16;   24.7;eor
  1022;19810501;19810531;  10;   2;    89.2;   -999;      0;   24.7;eor
  1022;19810601;19810630;  10;   2;    53.3;   -999;      0;   22.5;eor
  1022;19810701;19810731;  10;   2;   229.5;   -999;      0;   75.0;eor
  1022;19810801;19810831;  10;   2;    87.3;   -999;      0;   36.3;eor
  1022;19810901;19810930;  10;   2;    55.6;   -999;      0;   19.7;eor
  1022;19811001;19811031;  10;   2;   144.0;   -999;      0;   20.2;eor
  1022;19811101;19811130;  10;   2;   152.7;   -999;    154;   22.6;eor
  1022;19811201;19811231;  10;   2;    94.2;   -999;    756;   16.1;eor
  1022;19820101;19820131;  10;   2;    90.4;   -999;    162;   39.8;eor
  1022;19820201;19820228;  10;   2;    13.4;   -999;      9;   10.8;eor
  1022;19820301;19820331;  10;   2;    45.9;   -999;     22;   13.1;eor
  1022;19820401;19820430;  10;   2;    59.1;   -999;     19;   12.2;eor
  1022;19820501;19820531;  10;   2;    68.4;   -999;      1;   20.2;eor
  1022;19820601;19820630;  10;   2;    84.9;   -999;      0;   15.3;eor
  1022;19820701;19820731;  10;   2;    77.1;   -999;      0;   18.5;eor
  1022;19820801;19820831;  10;   2;    51.7;   -999;      0;   20.3;eor
  1022;19820901;19820930;  10;   2;    11.5;   -999;      0;    2.7;eor
  1022;19821001;19821031;  10;   2;    30.0;   -999;      0;   14.1;eor
  1022;19821101;19821130;  10;   2;    34.2;   -999;      3;    9.0;eor
  1022;19821201;19821231;  10;   2;    60.2;   -999;     47;    7.8;eor
  1022;19830101;19830131;  10;   2;   126.5;   -999;     62;   23.8;eor
  1022;19830401;19830430;  10;   2;    92.7;   -999;      1;   15.4;eor
  1022;19830501;19830531;  10;   2;    59.1;   -999;      0;   13.8;eor
  1022;19830601;19830630;  10;   2;    88.4;   -999;      0;   24.7;eor
  1022;19830701;19830731;  10;   2;    44.4;   -999;      0;   17.8;eor
  1022;19830801;19830831;  10;   2;   274.8;   -999;      0;   88.6;eor
  1022;19830901;19830930;  10;   2;    41.9;   -999;      0;   21.1;eor
  1022;19831001;19831031;  10;   2;    16.5;   -999;      0;    4.5;eor
  1022;19831101;19831130;  10;   2;    57.7;   -999;     57;   11.1;eor
  1022;19831201;19831231;  10;   2;    51.3;   -999;    213;   15.8;eor
  1022;19840101;19840131;  10;   2;    60.9;   -999;    186;   11.6;eor
  1022;19840201;19840229;  10;   2;    80.6;   -999;    397;   15.9;eor
  1022;19840301;19840331;  10;   2;    20.2;   -999;     51;    8.5;eor
  1022;19840401;19840430;  10;   2;    77.3;   -999;     27;   13.1;eor
  1022;19840501;19840531;  10;   2;    63.7;   -999;      0;   16.7;eor
  1022;19840601;19840630;  10;   2;    58.6;   -999;      0;   11.9;eor
  1022;19840701;19840731;  10;   2;   103.9;   -999;      0;   18.6;eor
  1022;19840801;19840831;  10;   2;    84.0;   -999;      0;   27.8;eor
  1022;19840901;19840930;  10;   2;   101.3;   -999;      0;   23.8;eor
  1022;19841001;19841031;  10;   2;    48.4;   -999;      0;   14.7;eor
  1022;19841101;19841130;  10;   2;    36.1;   -999;      0;   20.1;eor
  1022;19841201;19841231;  10;   2;    37.5;   -999;     29;    6.0;eor
  1022;19850101;19850131;  10;   2;    55.1;   -999;    483;    9.0;eor
  1022;19850201;19850228;  10;   2;    70.2;   -999;    203;   16.8;eor
  1022;19850301;19850331;  10;   2;    63.8;   -999;    169;   24.2;eor
  1022;19850401;19850430;  10;   2;    94.4;   -999;     51;   31.9;eor
  1022;19850501;19850531;  10;   2;    63.0;   -999;     27;   19.4;eor
  1022;19850601;19850630;  10;   2;    96.3;   -999;      0;   15.6;eor
  1022;19850701;19850731;  10;   2;    74.8;   -999;      0;    9.6;eor
  1022;19850801;19850831;  10;   2;    74.3;   -999;      0;   11.6;eor
  1022;19850901;19850930;  10;   2;    35.2;   -999;      0;    6.5;eor
  1022;19851001;19851031;  10;   2;    21.2;   -999;      0;    7.7;eor
  1022;19851101;19851130;  10;   2;    56.1;   -999;    173;    8.3;eor
  1022;19851201;19851231;  10;   2;    91.4;   -999;     65;   18.2;eor
  1022;19860101;19860131;  10;   2;   105.7;   -999;    428;   23.7;eor
  1022;19860201;19860228;  10;   2;    23.8;   -999;    251;    9.3;eor
  1022;19860301;19860331;  10;   2;    47.1;   -999;     46;   11.7;eor
  1022;19860401;19860430;  10;   2;    49.2;   -999;     24;   13.4;eor
  1022;19860501;19860531;  10;   2;   174.2;   -999;      0;   41.4;eor
  1022;19860601;19860630;  10;   2;    46.9;   -999;      0;    9.5;eor
  1022;19860701;19860731;  10;   2;    90.2;   -999;      0;   19.4;eor
  1022;19860801;19860831;  10;   2;   143.3;   -999;      0;   43.1;eor
  1022;19860901;19860930;  10;   2;    52.5;   -999;      0;   13.6;eor
  1022;19861201;19861231;  10;   2;   170.8;   -999;    339;   24.8;eor
  1022;19870101;19870131;  10;   2;   117.1;   -999;   1176;   13.4;eor
  1022;19870201;19870228;  10;   2;    62.6;   -999;    789;   11.7;eor
  1022;19870301;19870331;  10;   2;    52.1;   -999;    279;    8.1;eor
  1022;19870401;19870430;  10;   2;    70.6;   -999;      0;   31.2;eor
  1022;19870501;19870531;  10;   2;   110.8;   -999;      0;   24.3;eor
  1022;19870601;19870630;  10;   2;   121.0;   -999;      0;   17.8;eor
  1022;19870701;19870731;  10;   2;   128.6;   -999;      0;   23.7;eor
  1022;19870801;19870831;  10;   2;   104.8;   -999;      0;   20.8;eor
  1022;19870901;19870930;  10;   2;    60.0;   -999;      0;   15.2;eor
  1022;19871001;19871031;  10;   2;    35.5;   -999;      0;   24.7;eor
  1022;19871101;19871130;  10;   2;    90.5;   -999;      0;   18.4;eor
  1022;19871201;19871231;  10;   2;    73.2;   -999;     30;   18.2;eor
  1022;19880101;19880131;  10;   2;    49.3;   -999;     43;    7.5;eor
  1022;19880201;19880229;  10;   2;   107.4;   -999;    273;   22.3;eor
  1022;19880301;19880331;  10;   2;   140.4;   -999;    936;   14.9;eor
  1022;19880401;19880430;  10;   2;    24.8;   -999;      1;    5.2;eor
  1022;19880501;19880531;  10;   2;    36.8;   -999;      0;    7.1;eor
  1022;19880601;19880630;  10;   2;    95.8;   -999;      0;   31.3;eor
  1022;19880701;19880731;  10;   2;    86.1;   -999;      0;   17.5;eor
  1022;19880801;19880831;  10;   2;    48.7;   -999;      0;   14.2;eor
  1022;19880901;19880930;  10;   2;    96.6;   -999;      0;   36.1;eor
  1022;19881001;19881031;  10;   2;    29.6;   -999;      0;    7.7;eor
  1022;19881101;19881130;  10;   2;   122.1;   -999;     53;   20.8;eor
  1022;19881201;19881231;  10;   2;   168.5;   -999;    113;   26.2;eor
  1022;19890101;19890131;  10;   2;    37.4;   -999;      8;   11.8;eor
  1022;19890201;19890228;  10;   2;    57.3;   -999;     34;   13.1;eor
  1022;19890301;19890331;  10;   2;    44.5;   -999;      0;    7.8;eor
  1022;19890401;19890430;  10;   2;    70.5;   -999;      6;   15.1;eor
  1022;19890501;19890531;  10;   2;    30.3;   -999;      0;   11.3;eor
  1022;19890601;19890630;  10;   2;    57.2;   -999;      0;   13.0;eor
  1022;19890701;19890731;  10;   2;   135.7;   -999;      0;   38.1;eor
  1022;19890801;19890831;  10;   2;    90.8;   -999;      0;   22.4;eor
  1022;19890901;19890930;  10;   2;    57.3;   -999;      0;   23.8;eor
  1022;19891001;19891031;  10;   2;    61.0;   -999;      0;   19.7;eor
  1022;19891101;19891130;  10;   2;    93.0;   -999;    168;   18.2;eor
  1022;19891201;19891231;  10;   2;    48.6;   -999;    246;    9.5;eor
  1022;19900101;19900131;  10;   2;    14.0;   -999;      6;    2.9;eor
  1022;19900201;19900228;  10;   2;    49.8;   -999;     68;   13.0;eor
  1022;19900301;19900331;  10;   2;    43.1;   -999;     24;    8.2;eor
  1022;19900401;19900430;  10;   2;    96.9;   -999;      0;   26.9;eor
  1022;19900501;19900531;  10;   2;    26.5;   -999;      0;    9.3;eor
  1022;19900601;19900630;  10;   2;   101.3;   -999;      0;   26.6;eor
