STATIONS_ID; MESS_DATUM_BEGINN; MESS_DATUM_ENDE; QUALITAETS_NIVEAU; ART; NIEDERSCHLAGSHOEHE;NEUSCHNEEHOEHE;SCHNEEHOEHE; max(NIEDERSCHLAGSHOEHE);eor
  5082;19550101;19550131;   5;   2;    46.0;   -999;   -999;-999;eor
  5082;19550201;19550228;   5;   2;    31.0;   -999;   -999;-999;eor
  5082;19550301;19550331;   5;   2;    19.0;   -999;   -999;-999;eor
  5082;19550401;19550430;   5;   2;    57.0;   -999;   -999;-999;eor
  5082;19550501;19550531;   5;   2;    41.0;   -999;   -999;-999;eor
  5082;19550601;19550630;   5;   2;    43.0;   -999;   -999;-999;eor
  5082;19550701;19550731;   5;   2;   163.0;   -999;   -999;-999;eor
  5082;19550801;19550831;   5;   2;    40.0;   -999;   -999;-999;eor
  5082;19550901;19550930;   5;   2;    39.0;   -999;   -999;-999;eor
  5082;19551001;19551031;   5;   2;    35.0;   -999;   -999;-999;eor
  5082;19551101;19551130;   5;   2;    38.0;   -999;   -999;-999;eor
  5082;19551201;19551231;   5;   2;    69.0;   -999;   -999;-999;eor
  5082;19560101;19560131;   5;   2;    35.0;   -999;   -999;-999;eor
  5082;19560201;19560229;   5;   2;    43.0;   -999;   -999;-999;eor
  5082;19560301;19560331;   5;   2;    54.0;   -999;   -999;-999;eor
  5082;19560401;19560430;   5;   2;    77.0;   -999;   -999;-999;eor
  5082;19560501;19560531;   5;   2;    21.0;   -999;   -999;-999;eor
  5082;19560601;19560630;   5;   2;   108.0;   -999;   -999;-999;eor
  5082;19560701;19560731;   5;   2;   112.0;   -999;   -999;-999;eor
  5082;19560801;19560831;   5;   2;    70.0;   -999;   -999;-999;eor
  5082;19560901;19560930;   5;   2;    28.0;   -999;   -999;-999;eor
  5082;19561001;19561031;   5;   2;    56.0;   -999;   -999;-999;eor
  5082;19561101;19561130;   5;   2;    84.0;   -999;   -999;-999;eor
  5082;19561201;19561231;   5;   2;    60.0;   -999;   -999;-999;eor
  5082;19570101;19570131;   5;   2;    31.0;   -999;   -999;-999;eor
  5082;19570201;19570228;   5;   2;    40.0;   -999;   -999;-999;eor
  5082;19570301;19570331;   5;   2;    68.0;   -999;   -999;-999;eor
  5082;19570401;19570430;   5;   2;    17.0;   -999;   -999;-999;eor
  5082;19570501;19570531;   5;   2;    22.0;   -999;   -999;-999;eor
  5082;19570601;19570630;   5;   2;    49.0;   -999;   -999;-999;eor
  5082;19570701;19570731;   5;   2;   175.0;   -999;   -999;-999;eor
  5082;19570801;19570831;   5;   2;    69.0;   -999;   -999;-999;eor
  5082;19570901;19570930;   5;   2;   101.0;   -999;   -999;-999;eor
  5082;19571001;19571031;   5;   2;    11.0;   -999;   -999;-999;eor
  5082;19571101;19571130;   5;   2;    34.0;   -999;   -999;-999;eor
  5082;19571201;19571231;   5;   2;    61.0;   -999;   -999;-999;eor
  5082;19580101;19580131;   5;   2;    50.0;   -999;   -999;-999;eor
  5082;19580201;19580228;   5;   2;    58.0;   -999;   -999;-999;eor
  5082;19580301;19580331;   5;   2;    33.0;   -999;   -999;-999;eor
  5082;19580401;19580430;   5;   2;    49.0;   -999;   -999;-999;eor
  5082;19580501;19580531;   5;   2;    96.0;   -999;   -999;-999;eor
  5082;19580601;19580630;   5;   2;   139.0;   -999;   -999;-999;eor
  5082;19580701;19580731;   5;   2;   114.0;   -999;   -999;-999;eor
  5082;19580801;19580831;   5;   2;    66.0;   -999;   -999;-999;eor
  5082;19580901;19580930;   5;   2;    70.0;   -999;   -999;-999;eor
  5082;19581001;19581031;   5;   2;   104.0;   -999;   -999;-999;eor
  5082;19581101;19581130;   5;   2;    14.0;   -999;   -999;-999;eor
  5082;19581201;19581231;   5;   2;    58.0;   -999;   -999;-999;eor
  5082;19590101;19590131;   5;   2;    25.0;   -999;   -999;-999;eor
  5082;19590201;19590228;   5;   2;    25.0;   -999;   -999;-999;eor
  5082;19590301;19590331;   5;   2;    19.0;   -999;   -999;-999;eor
  5082;19590401;19590430;   5;   2;    56.0;   -999;   -999;-999;eor
  5082;19590501;19590531;   5;   2;    42.0;   -999;   -999;-999;eor
  5082;19590601;19590630;   5;   2;    22.0;   -999;   -999;-999;eor
  5082;19590701;19590731;   5;   2;   188.0;   -999;   -999;-999;eor
  5082;19590801;19590831;   5;   2;    78.0;   -999;   -999;-999;eor
  5082;19590901;19590930;   5;   2;     8.0;   -999;   -999;-999;eor
  5082;19591001;19591031;   5;   2;    25.0;   -999;   -999;-999;eor
  5082;19591101;19591130;   5;   2;    22.0;   -999;   -999;-999;eor
  5082;19591201;19591231;   5;   2;    43.0;   -999;   -999;-999;eor
  5082;19600101;19600131;   5;   2;    56.0;   -999;   -999;-999;eor
  5082;19600201;19600229;   5;   2;     9.0;   -999;   -999;-999;eor
  5082;19600301;19600331;   5;   2;    33.0;   -999;   -999;-999;eor
  5082;19600401;19600430;   5;   2;    38.0;   -999;   -999;-999;eor
  5082;19600501;19600531;   5;   2;    32.0;   -999;   -999;-999;eor
  5082;19600601;19600630;   5;   2;    53.0;   -999;   -999;-999;eor
  5082;19600701;19600731;   5;   2;    53.0;   -999;   -999;-999;eor
  5082;19600801;19600831;   5;   2;    63.0;   -999;   -999;-999;eor
  5082;19600901;19600930;   5;   2;    28.0;   -999;   -999;-999;eor
  5082;19601001;19601031;   5;   2;    98.0;   -999;   -999;-999;eor
  5082;19601101;19601130;   5;   2;    48.0;   -999;   -999;-999;eor
  5082;19601201;19601231;   5;   2;    60.0;   -999;   -999;-999;eor
  5082;19610101;19610131;   5;   2;    38.0;   -999;   -999;-999;eor
  5082;19610201;19610228;   5;   2;    42.0;   -999;   -999;-999;eor
  5082;19610301;19610331;   5;   2;    43.0;   -999;   -999;-999;eor
  5082;19610401;19610430;   5;   2;    34.0;   -999;   -999;-999;eor
  5082;19610501;19610531;   5;   2;   101.0;   -999;   -999;-999;eor
  5082;19610601;19610630;   5;   2;    68.0;   -999;   -999;-999;eor
  5082;19610701;19610731;   5;   2;    62.0;   -999;   -999;-999;eor
  5082;19610801;19610831;   5;   2;    37.0;   -999;   -999;-999;eor
  5082;19610901;19610930;   5;   2;    20.0;   -999;   -999;-999;eor
  5082;19611001;19611031;   5;   2;    40.0;   -999;   -999;-999;eor
  5082;19611101;19611130;   5;   2;    38.0;   -999;   -999;-999;eor
  5082;19611201;19611231;   5;   2;    47.0;   -999;   -999;-999;eor
  5082;19620101;19620131;   5;   2;    45.0;   -999;   -999;-999;eor
  5082;19620201;19620228;   5;   2;    42.0;   -999;   -999;-999;eor
  5082;19620301;19620331;   5;   2;    36.0;   -999;   -999;-999;eor
  5082;19620401;19620430;   5;   2;    32.0;   -999;   -999;-999;eor
  5082;19620501;19620531;   5;   2;    83.0;   -999;   -999;-999;eor
  5082;19620601;19620630;   5;   2;    26.0;   -999;   -999;-999;eor
  5082;19620701;19620731;   5;   2;    72.0;   -999;   -999;-999;eor
  5082;19620801;19620831;   5;   2;    97.0;   -999;   -999;-999;eor
  5082;19620901;19620930;   5;   2;    58.0;   -999;   -999;-999;eor
  5082;19621001;19621031;   5;   2;     4.0;   -999;   -999;-999;eor
  5082;19621101;19621130;   5;   2;    22.0;   -999;   -999;-999;eor
  5082;19621201;19621231;   5;   2;    55.0;   -999;   -999;-999;eor
  5082;19630101;19630131;   5;   2;    27.0;   -999;   -999;-999;eor
  5082;19630201;19630228;   5;   2;    22.0;   -999;   -999;-999;eor
  5082;19630301;19630331;   5;   2;    27.0;   -999;   -999;-999;eor
  5082;19630401;19630430;   5;   2;    29.0;   -999;   -999;-999;eor
  5082;19630501;19630531;   5;   2;    35.0;   -999;   -999;-999;eor
  5082;19630601;19630630;   5;   2;    57.0;   -999;   -999;-999;eor
  5082;19630701;19630731;   5;   2;    28.0;   -999;   -999;-999;eor
  5082;19630801;19630831;   5;   2;    85.0;   -999;   -999;-999;eor
  5082;19630901;19630930;   5;   2;    95.0;   -999;   -999;-999;eor
  5082;19631001;19631031;   5;   2;    33.0;   -999;   -999;-999;eor
  5082;19631101;19631130;   5;   2;    56.0;   -999;   -999;-999;eor
  5082;19631201;19631231;   5;   2;    18.0;   -999;   -999;-999;eor
  5082;19640101;19640131;   5;   2;    14.0;   -999;   -999;-999;eor
  5082;19640201;19640229;   5;   2;    38.0;   -999;   -999;-999;eor
  5082;19640301;19640331;   5;   2;    18.0;   -999;   -999;-999;eor
  5082;19640401;19640430;   5;   2;    45.0;   -999;   -999;-999;eor
  5082;19640501;19640531;   5;   2;    50.0;   -999;   -999;-999;eor
  5082;19640601;19640630;   5;   2;    36.0;   -999;   -999;-999;eor
  5082;19640701;19640731;   5;   2;    22.0;   -999;   -999;-999;eor
  5082;19640801;19640831;   5;   2;   196.0;   -999;   -999;-999;eor
  5082;19640901;19640930;   5;   2;    17.0;   -999;   -999;-999;eor
  5082;19641001;19641031;   5;   2;   102.0;   -999;   -999;-999;eor
  5082;19641101;19641130;   5;   2;    56.0;   -999;   -999;-999;eor
  5082;19641201;19641231;   5;   2;    31.0;   -999;   -999;-999;eor
  5082;19650101;19650131;   5;   2;    63.0;   -999;   -999;-999;eor
  5082;19650201;19650228;   5;   2;    56.0;   -999;   -999;-999;eor
  5082;19650301;19650331;   5;   2;    64.0;   -999;   -999;-999;eor
  5082;19650401;19650430;   5;   2;    84.0;   -999;   -999;-999;eor
  5082;19650501;19650531;   5;   2;   103.0;   -999;   -999;-999;eor
  5082;19650601;19650630;   5;   2;    96.0;   -999;   -999;-999;eor
  5082;19650701;19650731;   5;   2;    90.0;   -999;   -999;-999;eor
  5082;19650801;19650831;   5;   2;    28.0;   -999;   -999;-999;eor
  5082;19650901;19650930;   5;   2;    73.0;   -999;   -999;-999;eor
  5082;19651001;19651031;   5;   2;     9.0;   -999;   -999;-999;eor
  5082;19651101;19651130;   5;   2;    40.0;   -999;   -999;-999;eor
  5082;19651201;19651231;   5;   2;    75.0;   -999;   -999;-999;eor
  5082;19660101;19660131;   5;   2;    46.0;   -999;   -999;-999;eor
  5082;19660201;19660228;   5;   2;    56.0;   -999;   -999;-999;eor
  5082;19660301;19660331;   5;   2;    73.0;   -999;   -999;-999;eor
  5082;19660401;19660430;   5;   2;    65.0;   -999;   -999;-999;eor
  5082;19660501;19660531;   5;   2;    37.0;   -999;   -999;-999;eor
  5082;19660601;19660630;   5;   2;   115.0;   -999;   -999;-999;eor
  5082;19660701;19660731;   5;   2;    84.0;   -999;   -999;-999;eor
  5082;19660801;19660831;   5;   2;    76.0;   -999;   -999;-999;eor
  5082;19660901;19660930;   5;   2;    35.0;   -999;   -999;-999;eor
  5082;19661001;19661031;   5;   2;    89.0;   -999;   -999;-999;eor
  5082;19661101;19661130;   5;   2;    27.0;   -999;   -999;-999;eor
  5082;19661201;19661231;   5;   2;   102.0;   -999;   -999;-999;eor
  5082;19670101;19670131;   5;   2;    49.0;   -999;   -999;-999;eor
  5082;19670201;19670228;   5;   2;    66.0;   -999;   -999;-999;eor
  5082;19670301;19670331;   5;   2;    52.0;   -999;   -999;-999;eor
  5082;19670401;19670430;   5;   2;    31.0;   -999;   -999;-999;eor
  5082;19670501;19670531;   5;   2;    87.0;   -999;   -999;-999;eor
  5082;19670601;19670630;   5;   2;    96.0;   -999;   -999;-999;eor
  5082;19670701;19670731;   5;   2;    52.0;   -999;   -999;-999;eor
  5082;19670801;19670831;   5;   2;    84.0;   -999;   -999;-999;eor
  5082;19670901;19670930;   5;   2;   132.0;   -999;   -999;-999;eor
  5082;19671001;19671031;   5;   2;    58.0;   -999;   -999;-999;eor
  5082;19671101;19671130;   5;   2;    31.0;   -999;   -999;-999;eor
  5082;19671201;19671231;   5;   2;    81.0;   -999;   -999;-999;eor
  5082;19680101;19680131;   5;   2;    74.0;   -999;   -999;-999;eor
  5082;19680201;19680229;   5;   2;    34.0;   -999;   -999;-999;eor
  5082;19680301;19680331;   5;   2;    38.0;   -999;   -999;-999;eor
  5082;19680401;19680430;   5;   2;    41.0;   -999;   -999;-999;eor
  5082;19680501;19680531;   5;   2;    42.0;   -999;   -999;-999;eor
  5082;19680601;19680630;   5;   2;    73.0;   -999;   -999;-999;eor
  5082;19680701;19680731;   5;   2;    49.0;   -999;   -999;-999;eor
  5082;19680801;19680831;   5;   2;   100.0;   -999;   -999;-999;eor
  5082;19680901;19680930;   5;   2;    49.0;   -999;   -999;-999;eor
  5082;19681001;19681031;   5;   2;    38.0;   -999;   -999;-999;eor
  5082;19681101;19681130;   5;   2;    85.0;   -999;   -999;-999;eor
  5082;19681201;19681231;   5;   2;    36.0;   -999;   -999;-999;eor
  5082;19690101;19690131;   5;   2;    43.7;   -999;    130;   10.7;eor
  5082;19690201;19690228;   5;   2;    44.7;   -999;    218;   30.0;eor
  5082;19690301;19690331;   5;   2;    43.9;   -999;     49;    8.5;eor
  5082;19690401;19690430;   5;   2;    83.9;   -999;      3;   19.5;eor
  5082;19690501;19690531;   5;   2;    62.1;   -999;      0;   15.5;eor
  5082;19690601;19690630;   5;   2;   114.6;   -999;      0;   23.5;eor
  5082;19690701;19690731;   5;   2;    21.1;   -999;      0;    7.0;eor
  5082;19690801;19690831;   5;   2;    96.3;   -999;      0;   33.2;eor
  5082;19690901;19690930;   5;   2;     7.5;   -999;      0;    2.2;eor
  5082;19691001;19691031;   5;   2;    36.6;   -999;      0;   11.2;eor
  5082;19691101;19691130;   5;   2;    43.6;   -999;     40;   13.0;eor
  5082;19691201;19691231;   5;   2;    13.0;   -999;    154;    2.8;eor
  5082;19700101;19700131;   5;   2;    36.8;   -999;    499;   10.1;eor
  5082;19700201;19700228;   5;   2;    82.9;   -999;    288;   19.0;eor
  5082;19700301;19700331;   5;   2;    58.8;   -999;    709;   15.0;eor
  5082;19700401;19700430;   5;   2;    63.1;   -999;      4;   20.3;eor
  5082;19700501;19700531;   5;   2;    54.7;   -999;      0;    9.8;eor
  5082;19700601;19700630;   5;   2;    79.1;   -999;      0;   39.8;eor
  5082;19700701;19700731;   5;   2;    29.0;   -999;      0;    6.0;eor
  5082;19700801;19700831;   5;   2;    54.2;   -999;      0;   31.5;eor
  5082;19700901;19700930;   5;   2;    28.1;   -999;      0;    6.5;eor
  5082;19701001;19701031;   5;   2;    72.1;   -999;      0;   11.0;eor
  5082;19701101;19701130;   5;   2;    68.3;   -999;      7;   19.5;eor
  5082;19701201;19701231;   5;   2;    56.3;   -999;     68;   12.6;eor
  5082;19710101;19710131;   5;   2;    18.5;   -999;    292;    3.9;eor
  5082;19710201;19710228;   5;   2;    44.3;   -999;     17;    6.1;eor
  5082;19710301;19710331;   5;   2;    23.6;   -999;    132;    4.5;eor
  5082;19710401;19710430;   5;   2;    50.9;   -999;      0;   12.6;eor
  5082;19710501;19710531;   5;   2;    47.2;   -999;      0;    9.8;eor
  5082;19710601;19710630;   5;   2;   125.1;   -999;      0;   30.0;eor
  5082;19710701;19710731;   5;   2;    11.1;   -999;      0;    6.9;eor
  5082;19710801;19710831;   5;   2;    67.7;   -999;      0;   26.7;eor
  5082;19710901;19710930;   5;   2;    53.9;   -999;      0;   13.0;eor
  5082;19711001;19711031;   5;   2;    31.6;   -999;      0;   20.3;eor
  5082;19711101;19711130;   5;   2;    49.9;   -999;     43;   14.8;eor
  5082;19711201;19711231;   5;   2;    82.1;   -999;      8;   18.2;eor
  5082;19720101;19720131;   5;   2;    32.6;   -999;    216;   13.5;eor
  5082;19720201;19720229;   5;   2;     4.0;   -999;    123;    3.0;eor
  5082;19720301;19720331;   5;   2;    59.0;   -999;      1;   13.4;eor
  5082;19720401;19720430;   5;   2;    27.6;   -999;      1;    3.9;eor
  5082;19720501;19720531;   5;   2;   125.3;   -999;      0;   49.0;eor
  5082;19720601;19720630;   5;   2;    58.6;   -999;      0;   24.0;eor
  5082;19720701;19720731;   5;   2;    31.4;   -999;      0;   13.5;eor
  5082;19720801;19720831;   5;   2;    57.1;   -999;      0;   13.5;eor
  5082;19720901;19720930;   5;   2;    45.1;   -999;      0;    9.5;eor
  5082;19721001;19721031;   5;   2;    23.4;   -999;      0;    7.8;eor
  5082;19721101;19721130;   5;   2;    40.9;   -999;     14;   10.2;eor
  5082;19721201;19721231;   5;   2;     4.5;   -999;      1;    3.0;eor
  5082;19730101;19730131;   5;   2;    20.4;   -999;      7;    7.3;eor
  5082;19730201;19730228;   5;   2;    40.9;   -999;     19;    8.0;eor
  5082;19730301;19730331;   5;   2;    21.9;   -999;      0;    5.0;eor
  5082;19730401;19730430;   5;   2;    88.5;   -999;     19;   31.8;eor
  5082;19730501;19730531;   5;   2;    60.5;   -999;      0;   12.8;eor
  5082;19730601;19730630;   5;   2;    44.2;   -999;      0;   15.6;eor
  5082;19730701;19730731;   5;   2;    87.0;   -999;      0;   26.5;eor
  5082;19730801;19730831;   5;   2;    28.7;   -999;      0;    8.4;eor
  5082;19730901;19730930;   5;   2;    24.0;   -999;      0;    8.7;eor
  5082;19731001;19731031;   5;   2;    53.6;   -999;      0;   14.0;eor
  5082;19731101;19731130;   5;   2;    36.9;   -999;     40;    6.5;eor
  5082;19731201;19731231;   5;   2;    44.9;   -999;    121;    9.4;eor
  5082;19740101;19740131;   5;   2;    29.2;   -999;      4;    6.6;eor
  5082;19740201;19740228;   5;   2;    40.6;   -999;     10;   13.7;eor
  5082;19740301;19740331;   5;   2;    15.1;   -999;      0;    6.5;eor
  5082;19740401;19740430;   5;   2;    12.2;   -999;      0;    4.1;eor
  5082;19740501;19740531;   5;   2;   108.5;   -999;      0;   24.5;eor
  5082;19740601;19740630;   5;   2;    93.2;   -999;      0;   16.0;eor
  5082;19740701;19740731;   5;   2;    65.1;   -999;      0;   15.7;eor
  5082;19740801;19740831;   5;   2;    72.8;   -999;      0;   14.8;eor
  5082;19740901;19740930;   5;   2;    56.6;   -999;      0;   20.3;eor
  5082;19741001;19741031;   5;   2;   162.5;   -999;      0;   37.3;eor
  5082;19741101;19741130;   5;   2;    57.8;   -999;      0;   17.3;eor
  5082;19741201;19741231;   5;   2;   173.4;   -999;     19;   27.5;eor
  5082;19750101;19750131;   5;   2;    45.3;   -999;      0;    8.1;eor
  5082;19750201;19750228;   5;   2;    15.1;   -999;      3;    7.9;eor
  5082;19750301;19750331;   5;   2;    17.2;   -999;      2;    4.3;eor
  5082;19750401;19750430;   5;   2;    44.8;   -999;      0;   17.4;eor
  5082;19750501;19750531;   5;   2;    53.8;   -999;      0;   26.8;eor
  5082;19750601;19750630;   5;   2;    61.7;   -999;      0;   11.0;eor
  5082;19750701;19750731;   5;   2;    38.8;   -999;      0;   14.0;eor
  5082;19750801;19750831;   5;   2;    50.5;   -999;      0;   32.8;eor
  5082;19750901;19750930;   5;   2;    13.9;   -999;      0;    3.2;eor
  5082;19751001;19751031;   5;   2;    45.1;   -999;      0;   12.8;eor
  5082;19751101;19751130;   5;   2;    43.2;   -999;     38;    9.5;eor
  5082;19751201;19751231;   5;   2;    37.3;   -999;      1;   13.5;eor
  5082;19760101;19760131;   5;   2;   121.9;   -999;     47;   16.7;eor
  5082;19760201;19760229;   5;   2;    13.2;   -999;     56;    4.3;eor
  5082;19760301;19760331;   5;   2;    17.4;   -999;      9;    4.2;eor
  5082;19760401;19760430;   5;   2;    18.0;   -999;      1;    4.0;eor
  5082;19760501;19760531;   5;   2;    30.8;   -999;      0;    6.9;eor
  5082;19760601;19760630;   5;   2;    32.9;   -999;      0;   16.0;eor
  5082;19760701;19760731;   5;   2;    13.2;   -999;      0;    6.9;eor
  5082;19760801;19760831;   5;   2;    30.7;   -999;      0;    8.3;eor
  5082;19760901;19760930;   5;   2;    39.5;   -999;      0;    8.1;eor
  5082;19761001;19761031;   5;   2;    25.7;   -999;      0;    7.0;eor
  5082;19761101;19761130;   5;   2;    48.6;   -999;      1;   10.0;eor
  5082;19761201;19761231;   5;   2;    33.3;   -999;    102;    5.1;eor
  5082;19770101;19770131;   5;   2;    23.6;   -999;    117;    5.7;eor
  5082;19770201;19770228;   5;   2;    34.8;   -999;     18;    6.7;eor
  5082;19770301;19770331;   5;   2;    31.8;   -999;      2;    7.6;eor
  5082;19770401;19770430;   5;   2;    70.4;   -999;     14;    8.9;eor
  5082;19770501;19770531;   5;   2;    54.2;   -999;      0;   21.5;eor
  5082;19770601;19770630;   5;   2;   112.6;   -999;      0;   33.2;eor
  5082;19770701;19770731;   5;   2;    74.5;   -999;      0;   19.6;eor
  5082;19770801;19770831;   5;   2;   104.2;   -999;      0;   27.5;eor
  5082;19770901;19770930;   5;   2;    76.5;   -999;      0;   42.5;eor
  5082;19771001;19771031;   5;   2;    16.6;   -999;      0;    3.9;eor
  5082;19771101;19771130;   5;   2;    73.7;   -999;      6;   14.6;eor
  5082;19771201;19771231;   5;   2;    38.1;   -999;      9;    6.5;eor
  5082;19780101;19780131;   5;   2;    34.2;   -999;     18;   13.5;eor
  5082;19780201;19780228;   5;   2;    13.4;   -999;     86;    2.8;eor
  5082;19780301;19780331;   5;   2;    51.3;   -999;     10;    8.0;eor
  5082;19780401;19780430;   5;   2;    18.8;   -999;      0;    9.5;eor
  5082;19780501;19780531;   5;   2;   101.0;   -999;      0;   23.8;eor
  5082;19780601;19780630;   5;   2;    35.9;   -999;      0;   14.5;eor
  5082;19780701;19780731;   5;   2;    35.2;   -999;      0;    8.5;eor
  5082;19780801;19780831;   5;   2;   218.1;   -999;      0;  143.0;eor
  5082;19780901;19780930;   5;   2;    98.3;   -999;      0;   21.1;eor
  5082;19781001;19781031;   5;   2;    52.9;   -999;      0;    9.4;eor
  5082;19781101;19781130;   5;   2;    33.0;   -999;      0;   14.0;eor
  5082;19781201;19781231;   5;   2;    86.6;   -999;     32;   12.5;eor
  5082;19790101;19790131;   5;   2;    53.4;   -999;    735;    7.2;eor
  5082;19790201;19790228;   5;   2;    29.1;   -999;    544;    7.8;eor
  5082;19790301;19790331;   5;   2;    67.5;   -999;     25;    8.7;eor
  5082;19790401;19790430;   5;   2;    48.8;   -999;      0;   10.2;eor
  5082;19790501;19790531;   5;   2;    26.9;   -999;      0;    7.5;eor
  5082;19790601;19790630;   5;   2;    59.8;   -999;      0;   16.7;eor
  5082;19790701;19790731;   5;   2;    66.0;   -999;      0;   24.5;eor
  5082;19790801;19790831;   5;   2;    44.9;   -999;      0;   17.5;eor
  5082;19790901;19790930;   5;   2;    94.4;   -999;      0;   27.0;eor
  5082;19791001;19791031;   5;   2;    15.3;   -999;      0;   13.1;eor
  5082;19791101;19791130;   5;   2;    92.8;   -999;      3;   15.0;eor
  5082;19791201;19791231;   5;   2;    85.6;   -999;     33;   12.0;eor
  5082;19800101;19800131;   5;   2;    39.9;   -999;    368;    8.0;eor
  5082;19800201;19800229;   5;   2;    59.1;   -999;     30;   13.5;eor
  5082;19800301;19800331;   5;   2;    33.8;   -999;     18;    6.4;eor
  5082;19800401;19800430;   5;   2;    83.4;   -999;      0;   19.5;eor
  5082;19800501;19800531;   5;   2;    18.8;   -999;      0;   12.1;eor
  5082;19800601;19800630;   5;   2;   110.9;   -999;      0;   30.8;eor
  5082;19800701;19800731;   5;   2;   111.7;   -999;      0;   21.5;eor
  5082;19800801;19800831;   5;   2;    50.2;   -999;      0;   10.0;eor
  5082;19800901;19800930;   5;   2;    61.2;   -999;      0;   20.9;eor
  5082;19801001;19801031;   5;   2;    73.6;   -999;      0;   23.0;eor
  5082;19801101;19801130;   5;   2;    47.4;   -999;     34;   10.0;eor
  5082;19801201;19801231;   5;   2;    57.3;   -999;     94;    7.5;eor
  5082;19810101;19810131;  10;   2;    68.6;   -999;    321;   10.8;eor
  5082;19810201;19810228;  10;   2;    29.9;   -999;     53;    5.3;eor
  5082;19810301;19810331;  10;   2;    90.0;   -999;      4;   24.5;eor
  5082;19810401;19810430;  10;   2;    48.0;   -999;      1;   18.5;eor
  5082;19810501;19810531;  10;   2;    62.3;   -999;      0;   31.0;eor
  5082;19810601;19810630;  10;   2;    61.3;   -999;      0;   18.5;eor
  5082;19810701;19810731;  10;   2;   204.2;   -999;      0;   38.5;eor
  5082;19810801;19810831;  10;   2;    55.7;   -999;      0;   13.0;eor
  5082;19810901;19810930;  10;   2;    44.1;   -999;      0;   12.2;eor
  5082;19811001;19811031;  10;   2;    91.7;   -999;      0;   15.5;eor
  5082;19811101;19811130;  10;   2;    87.6;   -999;      8;   10.5;eor
  5082;19811201;19811231;  10;   2;    91.5;   -999;    432;   16.8;eor
  5082;19820101;19820131;  10;   2;    68.5;   -999;     38;   27.0;eor
  5082;19820201;19820228;  10;   2;    11.7;   -999;      0;    5.6;eor
  5082;19820301;19820331;  10;   2;    41.4;   -999;      0;   11.3;eor
  5082;19820401;19820430;  10;   2;    35.2;   -999;      0;    9.6;eor
  5082;19820501;19820531;  10;   2;    53.3;   -999;      0;   10.5;eor
  5082;19820601;19820630;  10;   2;    70.8;   -999;      0;   11.3;eor
  5082;19820701;19820731;  10;   2;    27.8;   -999;      0;   17.8;eor
  5082;19820801;19820831;  10;   2;    10.9;   -999;      0;    2.9;eor
  5082;19820901;19820930;  10;   2;    20.4;   -999;      0;    9.4;eor
  5082;19821001;19821031;  10;   2;    47.8;   -999;      0;   10.0;eor
  5082;19821101;19821130;  10;   2;    30.7;   -999;      0;    5.6;eor
  5082;19821201;19821231;  10;   2;    33.5;   -999;      0;    5.7;eor
  5082;19830101;19830131;  10;   2;    98.6;   -999;      5;   14.5;eor
  5082;19830201;19830228;  10;   2;    42.0;   -999;    219;   11.0;eor
  5082;19830301;19830331;  10;   2;    35.1;   -999;      0;    6.0;eor
  5082;19830401;19830430;  10;   2;    67.4;   -999;      0;   19.2;eor
  5082;19830501;19830531;  10;   2;    85.4;   -999;      0;   29.7;eor
  5082;19830601;19830630;  10;   2;    36.8;   -999;      0;   24.5;eor
  5082;19830701;19830731;  10;   2;    55.8;   -999;      0;   33.5;eor
  5082;19830801;19830831;  10;   2;   140.8;   -999;      0;   45.5;eor
  5082;19830901;19830930;  10;   2;    33.7;   -999;      0;   13.2;eor
  5082;19831001;19831031;  10;   2;    20.7;   -999;      0;    5.7;eor
  5082;19831101;19831130;  10;   2;    41.1;   -999;      5;   12.0;eor
  5082;19831201;19831231;  10;   2;    39.7;   -999;     61;    9.0;eor
  5082;19840101;19840131;  10;   2;    62.1;   -999;     43;   10.5;eor
  5082;19840201;19840229;  10;   2;    40.4;   -999;     12;   11.5;eor
  5082;19840301;19840331;  10;   2;    14.7;   -999;      1;    8.0;eor
  5082;19840401;19840430;  10;   2;    53.2;   -999;      1;   11.0;eor
  5082;19840501;19840531;  10;   2;    50.0;   -999;      0;   12.8;eor
  5082;19840601;19840630;  10;   2;    76.8;   -999;      0;   16.8;eor
  5082;19840701;19840731;  10;   2;    44.8;   -999;      0;   12.0;eor
  5082;19840801;19840831;  10;   2;    76.6;   -999;      0;   25.5;eor
  5082;19840901;19840930;  10;   2;    73.4;   -999;      0;   17.6;eor
  5082;19841001;19841031;  10;   2;    27.0;   -999;      0;    5.8;eor
  5082;19841101;19841130;  10;   2;    38.7;   -999;     13;   18.5;eor
  5082;19841201;19841231;  10;   2;    28.6;   -999;     11;    8.0;eor
  5082;19850101;19850131;  10;   2;    42.5;   -999;    371;    5.2;eor
  5082;19850201;19850228;  10;   2;    43.9;   -999;    104;   11.5;eor
  5082;19850301;19850331;  10;   2;    54.7;   -999;     26;   17.5;eor
  5082;19850401;19850430;  10;   2;    68.2;   -999;      2;   17.3;eor
  5082;19850501;19850531;  10;   2;    31.6;   -999;      0;   10.3;eor
  5082;19850601;19850630;  10;   2;   100.8;   -999;      0;   18.5;eor
  5082;19850701;19850731;  10;   2;    32.6;   -999;      0;    5.2;eor
  5082;19850801;19850831;  10;   2;    85.2;   -999;      0;   17.2;eor
  5082;19850901;19850930;  10;   2;    42.0;   -999;      0;   19.2;eor
  5082;19851001;19851031;  10;   2;    16.1;   -999;      0;    8.5;eor
  5082;19851101;19851130;  10;   2;    59.3;   -999;    103;   12.0;eor
  5082;19851201;19851231;  10;   2;    68.0;   -999;     36;    7.8;eor
  5082;19860101;19860131;  10;   2;    76.9;   -999;     67;   12.8;eor
  5082;19860201;19860228;  10;   2;    38.9;   -999;    304;   18.0;eor
  5082;19860301;19860331;  10;   2;    35.4;   -999;     81;    9.5;eor
  5082;19860401;19860430;  10;   2;    63.2;   -999;     25;   23.0;eor
  5082;19860501;19860531;  10;   2;    94.1;   -999;      0;   22.0;eor
  5082;19860601;19860630;  10;   2;    42.7;   -999;      0;   14.0;eor
  5082;19860701;19860731;  10;   2;    46.0;   -999;      0;   11.3;eor
  5082;19860801;19860831;  10;   2;    91.3;   -999;      0;   21.5;eor
  5082;19860901;19860930;  10;   2;    43.1;   -999;      0;   10.6;eor
  5082;19861001;19861031;  10;   2;    58.8;   -999;      0;   24.0;eor
  5082;19861101;19861130;  10;   2;    18.9;   -999;      0;    6.8;eor
  5082;19861201;19861231;  10;   2;   148.5;   -999;    132;   25.5;eor
  5082;19870101;19870131;  10;   2;    80.3;   -999;    493;   13.5;eor
  5082;19870201;19870228;  10;   2;    47.1;   -999;    166;    8.4;eor
  5082;19870301;19870331;  10;   2;    28.0;   -999;     14;    7.0;eor
  5082;19870401;19870430;  10;   2;    65.2;   -999;      0;   21.8;eor
  5082;19870501;19870531;  10;   2;    72.8;   -999;      0;   16.5;eor
  5082;19870601;19870630;  10;   2;    79.7;   -999;      0;   12.8;eor
  5082;19870701;19870731;  10;   2;    97.2;   -999;      0;   40.0;eor
  5082;19870801;19870831;  10;   2;   141.1;   -999;      0;   24.0;eor
  5082;19870901;19870930;  10;   2;    40.9;   -999;      0;    8.2;eor
  5082;19871001;19871031;  10;   2;    23.8;   -999;      0;   19.5;eor
  5082;19871101;19871130;  10;   2;    69.0;   -999;      0;   33.1;eor
  5082;19871201;19871231;  10;   2;    56.2;   -999;      6;   15.2;eor
  5082;19880101;19880131;  10;   2;    51.2;   -999;     17;    9.5;eor
  5082;19880201;19880229;  10;   2;    92.7;   -999;     39;   11.5;eor
  5082;19880301;19880331;  10;   2;    95.8;   -999;     61;    9.0;eor
  5082;19880401;19880430;  10;   2;     2.4;   -999;      0;    1.0;eor
  5082;19880501;19880531;  10;   2;    44.0;   -999;      0;   12.5;eor
  5082;19880601;19880630;  10;   2;    93.3;   -999;      0;   14.0;eor
  5082;19880701;19880731;  10;   2;    68.8;   -999;      0;   11.5;eor
  5082;19880801;19880831;  10;   2;    28.2;   -999;      0;    7.5;eor
  5082;19880901;19880930;  10;   2;    51.9;   -999;      0;   19.5;eor
  5082;19881001;19881031;  10;   2;    10.2;   -999;      0;    2.4;eor
  5082;19881101;19881130;  10;   2;    51.1;   -999;      7;    9.8;eor
  5082;19881201;19881231;  10;   2;    97.7;   -999;     28;   15.4;eor
  5082;19890101;19890131;  10;   2;    22.6;   -999;      0;    4.8;eor
  5082;19890201;19890228;  10;   2;    47.0;   -999;      0;    9.7;eor
  5082;19890301;19890331;  10;   2;    32.1;   -999;      0;    7.3;eor
  5082;19890401;19890430;  10;   2;    66.6;   -999;      0;   18.0;eor
  5082;19890501;19890531;  10;   2;    15.7;   -999;      0;    5.1;eor
  5082;19890601;19890630;  10;   2;    43.1;   -999;      0;   17.0;eor
  5082;19890701;19890731;  10;   2;    33.8;   -999;      0;    7.5;eor
  5082;19890801;19890831;  10;   2;    65.4;   -999;      0;   23.0;eor
  5082;19890901;19890930;  10;   2;    38.3;   -999;      0;   12.3;eor
  5082;19891001;19891031;  10;   2;    38.6;   -999;      0;   15.0;eor
  5082;19891101;19891130;  10;   2;    90.3;   -999;     66;   26.5;eor
  5082;19891201;19891231;  10;   2;    49.6;   -999;     10;   16.0;eor
  5082;19900101;19900131;  10;   2;    23.0;   -999;      1;    5.8;eor
  5082;19900201;19900228;  10;   2;    45.2;   -999;      3;   15.0;eor
  5082;19900301;19900331;  10;   2;    28.4;   -999;      1;    8.5;eor
  5082;19900401;19900430;  10;   2;    41.1;   -999;      0;   11.0;eor
  5082;19900501;19900531;  10;   2;    47.5;   -999;      0;   21.2;eor
  5082;19900601;19900630;  10;   2;    61.4;   -999;      0;   16.5;eor
  5082;19900701;19900731;  10;   2;    30.5;   -999;      0;    9.5;eor
  5082;19900801;19900831;  10;   2;    56.9;   -999;      0;    8.5;eor
  5082;19900901;19900930;  10;   2;    40.6;   -999;      0;    5.1;eor
  5082;19901001;19901031;  10;   2;    37.4;   -999;      0;   12.5;eor
  5082;19901101;19901130;  10;   2;    73.5;   -999;      0;   21.0;eor
  5082;19901201;19901231;  10;   2;    47.2;   -999;     65;    9.2;eor
  5082;19910101;19910131;  10;   2;    26.9;   -999;   -999;    4.5;eor
  5082;19910201;19910228;  10;   2;    25.5;   -999;   -999;    7.5;eor
  5082;19910301;19910331;  10;   2;    18.7;   -999;   -999;   13.7;eor
  5082;19910401;19910430;  10;   2;    45.4;   -999;   -999;    8.9;eor
  5082;19910501;19910531;  10;   2;    79.4;   -999;   -999;   18.5;eor
  5082;19910601;19910630;  10;   2;    66.7;   -999;   -999;   29.5;eor
  5082;19910701;19910731;  10;   2;    18.0;   -999;   -999;   10.3;eor
  5082;19910801;19910831;  10;   2;    29.5;   -999;   -999;   10.0;eor
  5082;19910901;19910930;  10;   2;    20.2;   -999;   -999;    4.5;eor
  5082;19911001;19911031;  10;   2;    17.7;   -999;   -999;    7.4;eor
  5082;19911101;19911130;  10;   2;    51.3;   -999;   -999;   15.0;eor
  5082;19911201;19911231;  10;   2;    65.5;   -999;   -999;   17.8;eor
  5082;19920101;19920131;  10;   2;    65.9;   -999;   -999;   14.6;eor
  5082;19920201;19920229;  10;   2;    38.3;   -999;   -999;    5.5;eor
  5082;19920301;19920331;  10;   2;   112.6;   -999;   -999;   24.9;eor
  5082;19920401;19920430;  10;   2;    32.2;   -999;   -999;   19.6;eor
  5082;19920501;19920531;  10;   2;    22.3;   -999;   -999;    9.0;eor
  5082;19920601;19920630;  10;   2;    29.3;   -999;   -999;   10.0;eor
  5082;19920701;19920731;  10;   2;    44.1;   -999;   -999;    9.0;eor
  5082;19920801;19920831;  10;   2;    38.5;   -999;   -999;   12.5;eor
  5082;19920901;19920930;  10;   2;    28.3;   -999;   -999;    6.5;eor
  5082;19921001;19921031;  10;   2;    50.0;   -999;   -999;   10.8;eor
  5082;19921101;19921130;  10;   2;    41.6;   -999;   -999;    6.0;eor
  5082;19921201;19921231;  10;   2;    38.0;   -999;   -999;   11.8;eor
  5082;19930101;19930131;  10;   2;    59.6;   -999;   -999;    9.1;eor
  5082;19930201;19930228;  10;   2;    49.2;   -999;   -999;    8.9;eor
  5082;19930301;19930331;  10;   2;    22.7;   -999;   -999;    4.5;eor
  5082;19930401;19930430;  10;   2;    22.3;   -999;   -999;    8.1;eor
  5082;19930501;19930531;  10;   2;    95.4;   -999;   -999;   24.2;eor
  5082;19930601;19930630;  10;   2;   105.2;   -999;   -999;   39.2;eor
  5082;19930701;19930731;  10;   2;   149.7;   -999;   -999;   36.0;eor
  5082;19930801;19930831;  10;   2;    65.4;   -999;   -999;   14.0;eor
  5082;19930901;19930930;  10;   2;    58.4;   -999;   -999;   15.0;eor
  5082;19931001;19931031;  10;   2;    43.8;   -999;   -999;   14.0;eor
  5082;19931101;19931130;  10;   2;    47.6;   -999;   -999;   13.9;eor
  5082;19931201;19931231;  10;   2;   113.3;   -999;   -999;   14.5;eor
  5082;19940101;19940131;  10;   2;    61.7;   -999;   -999;   10.0;eor
  5082;19940201;19940228;  10;   2;    25.8;   -999;   -999;    6.8;eor
  5082;19940301;19940331;  10;   2;   116.3;   -999;   -999;   19.0;eor
  5082;19940401;19940430;  10;   2;    76.3;   -999;   -999;   39.0;eor
  5082;19940501;19940531;  10;   2;    68.2;   -999;   -999;   21.3;eor
  5082;19940601;19940630;  10;   2;    42.3;   -999;   -999;   12.5;eor
  5082;19940701;19940731;  10;   2;    45.6;   -999;   -999;   14.5;eor
  5082;19940801;19940831;  10;   2;   136.9;   -999;   -999;   40.0;eor
  5082;19940901;19940930;  10;   2;    74.6;   -999;   -999;   18.4;eor
  5082;19941001;19941031;  10;   2;    33.9;   -999;   -999;   15.2;eor
  5082;19941101;19941130;  10;   2;    46.1;   -999;   -999;   15.1;eor
  5082;19941201;19941231;  10;   2;    50.4;   -999;   -999;    8.5;eor
  5082;19950101;19950131;  10;   2;    75.4;   -999;   -999;   22.8;eor
  5082;19950201;19950228;  10;   2;    73.8;   -999;   -999;   13.5;eor
  5082;19950301;19950331;  10;   2;    42.3;   -999;   -999;    6.3;eor
  5082;19950401;19950430;  10;   2;    40.5;   -999;   -999;    9.5;eor
  5082;19950501;19950531;  10;   2;   103.0;   -999;   -999;   51.5;eor
  5082;19950601;19950630;  10;   2;   141.4;   -999;   -999;   24.5;eor
  5082;19950701;19950731;  10;   2;    63.3;   -999;   -999;   22.0;eor
  5082;19950801;19950831;  10;   2;   122.5;   -999;   -999;   49.8;eor
  5082;19950901;19950930;  10;   2;    77.9;   -999;   -999;   13.5;eor
  5082;19951001;19951031;  10;   2;    15.7;   -999;   -999;    6.2;eor
  5082;19951101;19951130;  10;   2;    59.2;   -999;   -999;   11.9;eor
  5082;19951201;19951231;  10;   2;    36.5;   -999;   -999;   10.3;eor
  5082;19960101;19960131;  10;   2;     3.9;   -999;   -999;    1.2;eor
  5082;19960201;19960229;  10;   2;    44.6;   -999;   -999;    9.8;eor
  5082;19960301;19960331;  10;   2;    27.8;   -999;   -999;    6.7;eor
  5082;19960401;19960430;  10;   2;    27.1;   -999;   -999;    8.0;eor
  5082;19960501;19960531;  10;   2;   124.0;   -999;   -999;   39.8;eor
  5082;19960601;19960630;  10;   2;    48.6;   -999;   -999;   12.7;eor
  5082;19960701;19960731;  10;   2;   153.0;   -999;   -999;   64.2;eor
  5082;19960801;19960831;  10;   2;    66.3;   -999;   -999;   25.8;eor
  5082;19960901;19960930;  10;   2;    46.1;   -999;   -999;   10.0;eor
  5082;19961001;19961031;  10;   2;    44.9;   -999;   -999;    9.7;eor
  5082;19961101;19961130;  10;   2;    43.7;   -999;   -999;    6.7;eor
  5082;19961201;19961231;  10;   2;    21.4;   -999;   -999;    5.9;eor
  5082;19970101;19970131;  10;   2;    15.2;   -999;   -999;    3.5;eor
  5082;19970201;19970228;  10;   2;    47.8;   -999;   -999;    9.3;eor
  5082;19970301;19970331;  10;   2;    40.0;   -999;   -999;    9.6;eor
  5082;19970401;19970430;  10;   2;    59.2;   -999;   -999;   12.5;eor
  5082;19970501;19970531;  10;   2;    74.7;   -999;   -999;   16.7;eor
  5082;19970601;19970630;  10;   2;    77.5;   -999;   -999;   24.5;eor
  5082;19970701;19970731;  10;   2;   151.7;   -999;   -999;   39.8;eor
  5082;19970801;19970831;  10;   2;    78.7;   -999;   -999;   52.7;eor
  5082;19970901;19970930;  10;   2;    27.3;   -999;   -999;   15.0;eor
  5082;19971001;19971031;  10;   2;    60.3;   -999;   -999;   15.0;eor
  5082;19971101;19971130;  10;   2;    20.6;   -999;   -999;    9.7;eor
  5082;19971201;19971231;  10;   2;    63.3;   -999;   -999;   10.9;eor
  5082;19980101;19980131;  10;   2;    60.6;   -999;   -999;   11.5;eor
  5082;19980201;19980228;  10;   2;    19.8;   -999;   -999;    3.4;eor
  5082;19980301;19980331;  10;   2;    72.1;   -999;   -999;   14.5;eor
  5082;19980401;19980430;  10;   2;    65.6;   -999;   -999;   14.7;eor
  5082;19980501;19980531;  10;   2;    45.8;   -999;   -999;   29.8;eor
  5082;19980601;19980630;  10;   2;    93.5;   -999;   -999;   13.3;eor
  5082;19980701;19980731;  10;   2;    84.3;   -999;   -999;   24.5;eor
  5082;19980801;19980831;  10;   2;   155.3;   -999;   -999;   65.2;eor
  5082;19980901;19980930;  10;   2;    93.9;   -999;   -999;   23.0;eor
  5082;19981001;19981031;  10;   2;    87.4;   -999;   -999;   12.8;eor
  5082;19981101;19981130;  10;   2;    51.9;   -999;   -999;   19.8;eor
  5082;19981201;19981231;  10;   2;    47.8;   -999;   -999;    7.5;eor
  5082;19990101;19990131;  10;   2;    44.0;   -999;   -999;    7.2;eor
  5082;19990201;19990228;  10;   2;    77.0;   -999;   -999;   10.4;eor
  5082;19990301;19990331;  10;   2;    42.9;   -999;   -999;    9.4;eor
  5082;19990401;19990430;  10;   2;    52.3;   -999;   -999;   13.0;eor
  5082;19990501;19990531;  10;   2;    48.9;   -999;   -999;   16.5;eor
  5082;19990601;19990630;  10;   2;    84.5;   -999;   -999;   39.6;eor
  5082;19990701;19990731;  10;   2;    42.4;   -999;   -999;   10.8;eor
  5082;19990801;19990831;  10;   2;    26.3;   -999;   -999;    6.3;eor
  5082;19990901;19990930;  10;   2;    23.0;   -999;   -999;    4.9;eor
  5082;19991001;19991031;  10;   2;    24.9;   -999;   -999;    4.7;eor
  5082;19991101;19991130;  10;   2;    36.3;   -999;   -999;   11.8;eor
  5082;19991201;19991231;  10;   2;    44.9;   -999;   -999;    7.5;eor
  5082;20000101;20000131;  10;   2;    59.7;   -999;   -999;   12.1;eor
  5082;20000201;20000229;  10;   2;    60.5;   -999;   -999;    6.4;eor
  5082;20000301;20000331;  10;   2;   108.2;   -999;   -999;   20.3;eor
  5082;20000401;20000430;  10;   2;    34.9;   -999;   -999;   17.0;eor
  5082;20000501;20000531;  10;   2;    24.4;   -999;   -999;    6.4;eor
  5082;20000601;20000630;  10;   2;    35.2;   -999;   -999;   19.1;eor
  5082;20000701;20000731;  10;   2;    82.7;   -999;   -999;   17.4;eor
  5082;20000801;20000831;  10;   2;    88.9;   -999;   -999;   45.4;eor
  5082;20000901;20000930;  10;   2;    66.6;   -999;   -999;   14.2;eor
  5082;20001001;20001031;  10;   2;    21.7;   -999;   -999;    7.5;eor
  5082;20001101;20001130;  10;   2;    35.1;   -999;   -999;    6.3;eor
  5082;20001201;20001231;  10;   2;    31.8;   -999;   -999;    5.4;eor
  5082;20010101;20010131;  10;   2;    32.7;   -999;   -999;   10.6;eor
  5082;20010201;20010228;  10;   2;    41.1;   -999;   -999;    8.5;eor
  5082;20010301;20010331;  10;   2;    97.9;   -999;   -999;   15.6;eor
  5082;20010401;20010430;  10;   2;    44.8;   -999;   -999;    5.0;eor
  5082;20010501;20010531;  10;   2;    37.4;   -999;   -999;   15.7;eor
  5082;20010601;20010630;  10;   2;    55.6;   -999;   -999;   17.5;eor
  5082;20010701;20010731;  10;   2;    82.5;   -999;   -999;   21.4;eor
  5082;20010801;20010831;  10;   2;    46.9;   -999;   -999;   17.5;eor
  5082;20010901;20010930;  10;   2;   125.9;   -999;   -999;   25.5;eor
  5082;20011001;20011031;  10;   2;    27.7;   -999;   -999;    4.5;eor
  5082;20011101;20011130;  10;   2;    53.6;   -999;   -999;   10.5;eor
  5082;20011201;20011231;  10;   2;    80.2;   -999;   -999;   12.4;eor
  5082;20020101;20020131;  10;   2;    37.0;   -999;   -999;    6.4;eor
  5082;20020201;20020228;  10;   2;    80.2;   -999;   -999;   11.0;eor
  5082;20020301;20020331;  10;   2;    37.8;   -999;   -999;   12.0;eor
  5082;20020401;20020430;  10;   2;    77.3;   -999;   -999;   38.0;eor
  5082;20020501;20020531;  10;   2;    62.8;   -999;   -999;   19.0;eor
  5082;20020601;20020630;  10;   2;    41.7;   -999;   -999;   12.0;eor
  5082;20020701;20020731;  10;   2;    80.6;   -999;   -999;   27.0;eor
  5082;20020801;20020831;  10;   2;   139.5;   -999;   -999;   39.0;eor
  5082;20020901;20020930;  10;   2;    52.3;   -999;   -999;    9.3;eor
  5082;20021001;20021031;  10;   2;    70.8;   -999;   -999;    8.9;eor
  5082;20021101;20021130;  10;   2;    96.9;   -999;   -999;   15.7;eor
  5082;20021201;20021231;  10;   2;    42.0;   -999;   -999;   18.0;eor
  5082;20030101;20030131;  10;   2;    51.1;     12;     57;    9.4;eor
  5082;20030201;20030228;  10;   2;     8.9;      9;    114;    5.3;eor
  5082;20030301;20030331;  10;   2;    33.2;      1;      1;    8.7;eor
  5082;20030401;20030430;  10;   2;    17.1;      1;      1;    3.0;eor
  5082;20030501;20030531;  10;   2;    22.4;      0;      0;    7.4;eor
  5082;20030601;20030630;  10;   2;    36.7;      0;      0;   15.2;eor
  5082;20030701;20030731;  10;   2;    74.6;      0;      0;   20.2;eor
  5082;20030801;20030831;  10;   2;     8.3;      0;      0;    3.0;eor
  5082;20030901;20030930;  10;   2;    47.0;      0;      0;   22.3;eor
  5082;20031001;20031031;  10;   2;    31.0;      0;      0;    6.3;eor
  5082;20031101;20031130;  10;   2;    24.3;      0;      0;    5.7;eor
  5082;20031201;20031231;  10;   2;    32.3;      1;      1;   10.5;eor
  5082;20040101;20040131;  10;   2;    65.7;     31;    129;   11.0;eor
  5082;20040201;20040229;  10;   2;    41.9;     14;     30;    8.4;eor
  5082;20040301;20040331;  10;   2;    33.2;     10;     14;    8.5;eor
  5082;20040401;20040430;  10;   2;    16.5;      0;      0;    3.7;eor
  5082;20040501;20040531;  10;   2;    54.9;      0;      0;    8.0;eor
  5082;20040601;20040630;  10;   2;    81.6;      0;      0;   15.5;eor
  5082;20040701;20040731;  10;   2;    75.2;      0;      0;   15.0;eor
  5082;20040801;20040831;  10;   2;    47.7;      0;      0;   15.0;eor
  5082;20040901;20040930;  10;   2;    42.3;      0;      0;    9.7;eor
  5082;20041001;20041031;  10;   2;    50.9;      0;      0;   12.0;eor
  5082;20041101;20041130;  10;   2;    97.4;     14;     34;   30.4;eor
  5082;20041201;20041231;  10;   2;    43.5;      8;     14;   15.0;eor
  5082;20050101;20050131;  10;   2;    58.3;     24;     77;    8.5;eor
  5082;20050201;20050228;  10;   2;    55.6;     33;    150;   14.0;eor
  5082;20050301;20050331;  10;   2;    21.4;     14;    209;    6.3;eor
  5082;20050401;20050430;  10;   2;    19.6;      0;      0;    8.0;eor
  5082;20050501;20050531;  10;   2;    83.6;      0;      0;   23.7;eor
  5082;20050601;20050630;  10;   2;    49.4;      0;      0;   18.0;eor
  5082;20050701;20050731;  10;   2;   130.9;      0;      0;   25.0;eor
  5082;20050801;20050831;  10;   2;    67.4;      0;      0;   14.0;eor
  5082;20050901;20050930;  10;   2;    59.5;      0;      0;   13.0;eor
  5082;20051001;20051031;  10;   2;    15.1;      0;      0;    5.4;eor
  5082;20051101;20051130;  10;   2;    33.7;      6;     18;    5.7;eor
  5082;20051201;20051231;  10;   2;    85.1;     35;     76;   14.6;eor
  5082;20060101;20060131;  10;   2;    27.8;     15;    236;    9.0;eor
  5082;20060201;20060228;  10;   2;    42.3;     22;    154;    7.7;eor
  5082;20060301;20060331;  10;   2;    78.5;     50;    286;   17.0;eor
  5082;20060401;20060430;  10;   2;    47.4;      0;      0;   12.7;eor
  5082;20060501;20060531;  10;   2;    44.0;      0;      0;    7.7;eor
  5082;20060601;20060630;  10;   2;    33.1;      0;      0;   12.7;eor
  5082;20060701;20060731;  10;   2;    26.2;      0;      0;   20.0;eor
  5082;20060801;20060831;  10;   2;    89.6;      0;      0;   13.6;eor
  5082;20060901;20060930;  10;   2;     5.5;      0;      0;    2.0;eor
  5082;20061001;20061031;  10;   2;    51.6;      0;      0;   13.7;eor
  5082;20061101;20061130;  10;   2;    45.8;      1;      1;   17.5;eor
  5082;20061201;20061231;  10;   2;    37.7;      2;      2;    8.4;eor
