STATIONS_ID; MESS_DATUM_BEGINN; MESS_DATUM_ENDE; QUALITAETS_NIVEAU; ART; NIEDERSCHLAGSHOEHE;NEUSCHNEEHOEHE;SCHNEEHOEHE; max(NIEDERSCHLAGSHOEHE);eor
  5081;19480201;19480229;   1;   2;    62.9;   -999;   -999;   15.5;eor
  5081;19480301;19480331;   1;   2;    26.3;   -999;   -999;    8.5;eor
  5081;19480401;19480430;   1;   2;    14.5;   -999;   -999;    4.1;eor
  5081;19480501;19480531;   1;   2;    87.9;   -999;   -999;   41.0;eor
  5081;19480601;19480630;   1;   2;    64.9;   -999;   -999;   19.5;eor
  5081;19480701;19480731;   1;   2;    59.9;   -999;   -999;   14.8;eor
  5081;19480801;19480831;   1;   2;   124.2;   -999;   -999;   30.4;eor
  5081;19480901;19480930;   1;   2;    13.6;   -999;   -999;    6.7;eor
  5081;19481001;19481031;   1;   2;    27.2;   -999;   -999;    7.8;eor
  5081;19481101;19481130;   1;   2;    20.3;   -999;   -999;    3.9;eor
  5081;19481201;19481231;   1;   2;    11.2;   -999;   -999;    6.5;eor
  5081;19490101;19490131;   1;   2;    40.2;   -999;   -999;    9.8;eor
  5081;19490201;19490228;   1;   2;    28.0;   -999;   -999;    6.2;eor
  5081;19490301;19490331;   1;   2;    37.8;   -999;   -999;   10.8;eor
  5081;19490401;19490430;   1;   2;    50.6;   -999;   -999;   15.1;eor
  5081;19490501;19490531;   1;   2;   112.8;   -999;   -999;   18.9;eor
  5081;19490601;19490630;   1;   2;   106.5;   -999;   -999;   44.2;eor
  5081;19490701;19490731;   1;   2;    11.8;   -999;   -999;    6.8;eor
  5081;19490801;19490831;   1;   2;    54.0;   -999;   -999;   13.6;eor
  5081;19490901;19490930;   1;   2;    26.5;   -999;   -999;   13.0;eor
  5081;19491001;19491031;   1;   2;    18.1;   -999;   -999;   11.5;eor
  5081;19491101;19491130;   1;   2;    36.6;   -999;   -999;    7.5;eor
  5081;19491201;19491231;   1;   2;    41.7;   -999;   -999;    7.9;eor
  5081;19500101;19500131;   1;   2;    65.5;   -999;   -999;   15.5;eor
  5081;19500201;19500228;   1;   2;    63.7;   -999;   -999;   23.0;eor
  5081;19500301;19500331;   1;   2;    14.1;   -999;   -999;    4.2;eor
  5081;19500401;19500430;   1;   2;    64.8;   -999;   -999;   20.1;eor
  5081;19500501;19500531;   1;   2;   115.7;   -999;   -999;   22.1;eor
  5081;19500601;19500630;   1;   2;    60.1;   -999;   -999;   14.6;eor
  5081;19500701;19500731;   1;   2;    65.5;   -999;   -999;   22.1;eor
  5081;19500801;19500831;   1;   2;    37.3;   -999;   -999;   11.2;eor
  5081;19500901;19500930;   1;   2;    41.7;   -999;   -999;   14.1;eor
  5081;19501001;19501031;   1;   2;    41.2;   -999;   -999;    8.7;eor
  5081;19501101;19501130;   1;   2;    61.1;   -999;   -999;   10.0;eor
  5081;19501201;19501231;   1;   2;    47.1;   -999;   -999;   12.4;eor
  5081;19510101;19510131;   1;   2;    33.2;   -999;   -999;    9.1;eor
  5081;19510201;19510228;   1;   2;    18.5;   -999;   -999;    6.5;eor
  5081;19510301;19510331;   1;   2;    26.3;   -999;   -999;    9.2;eor
  5081;19510401;19510430;   1;   2;    16.3;   -999;   -999;    6.1;eor
  5081;19510501;19510531;   1;   2;    44.9;   -999;   -999;   12.2;eor
  5081;19510601;19510630;   1;   2;    63.9;   -999;   -999;   14.8;eor
  5081;19510701;19510731;   1;   2;   134.4;   -999;   -999;   69.5;eor
  5081;19510801;19510831;   1;   2;    55.3;   -999;   -999;   29.5;eor
  5081;19510901;19510930;   1;   2;    19.0;   -999;   -999;    5.2;eor
  5081;19511001;19511031;   1;   2;     8.4;   -999;   -999;    2.7;eor
  5081;19511101;19511130;   1;   2;    65.2;   -999;   -999;   18.0;eor
  5081;19511201;19511231;   1;   2;    29.9;   -999;   -999;    6.0;eor
  5081;19520101;19520131;   1;   2;    26.0;   -999;   -999;    8.5;eor
  5081;19520201;19520229;   1;   2;    21.8;   -999;   -999;    5.6;eor
  5081;19520301;19520331;   1;   2;    78.3;   -999;   -999;   16.5;eor
  5081;19520401;19520430;   1;   2;    25.4;   -999;   -999;   11.6;eor
  5081;19520501;19520531;   1;   2;    44.3;   -999;   -999;   10.2;eor
  5081;19520601;19520630;   1;   2;    40.0;   -999;   -999;   13.1;eor
  5081;19520701;19520731;   1;   2;    22.7;   -999;   -999;   10.1;eor
  5081;19520801;19520831;   1;   2;    50.5;   -999;   -999;   28.0;eor
  5081;19520901;19520930;   1;   2;   152.0;   -999;   -999;   73.3;eor
  5081;19521001;19521031;   1;   2;    64.1;   -999;   -999;   14.5;eor
  5081;19521101;19521130;   1;   2;    63.0;   -999;   -999;    8.6;eor
  5081;19521201;19521231;   1;   2;    16.6;   -999;   -999;    6.8;eor
  5081;19530101;19530131;   1;   2;    78.0;   -999;   -999;   14.2;eor
  5081;19530201;19530228;   1;   2;    43.5;   -999;   -999;   16.3;eor
  5081;19530301;19530331;   1;   2;    16.4;   -999;   -999;    9.7;eor
  5081;19530401;19530430;   1;   2;    23.4;   -999;   -999;    7.2;eor
  5081;19530501;19530531;   1;   2;    81.0;   -999;   -999;   17.0;eor
  5081;19530601;19530630;   1;   2;   112.6;   -999;   -999;   37.0;eor
  5081;19530701;19530731;   1;   2;    93.7;   -999;   -999;   18.0;eor
  5081;19530801;19530830;-999;-999;    -999;   -999;   -999;   14.6;eor
  5081;19530801;19530831;   5;   2;    38.0;   -999;   -999;   -999;eor
  5081;19530901;19530930;   5;   2;    22.0;   -999;   -999;   -999;eor
  5081;19531001;19531031;   5;   2;    19.0;   -999;   -999;   -999;eor
  5081;19531101;19531130;   5;   2;     9.0;   -999;   -999;   -999;eor
  5081;19531201;19531231;   5;   2;    20.0;   -999;   -999;   -999;eor
  5081;19540101;19540131;   5;   2;    35.0;   -999;   -999;   -999;eor
  5081;19540201;19540228;   5;   2;    16.0;   -999;   -999;   -999;eor
  5081;19540228;19540228;-999;-999;    -999;   -999;   -999;    0.0;eor
  5081;19540301;19540331;   1;   2;    13.1;   -999;   -999;    4.8;eor
  5081;19540401;19540430;   1;   2;    64.1;   -999;   -999;    9.9;eor
  5081;19540501;19540531;   1;   2;    46.7;   -999;   -999;   16.5;eor
  5081;19540601;19540630;   1;   2;    53.3;   -999;   -999;   15.9;eor
  5081;19540701;19540731;   1;   2;   254.4;   -999;   -999;   55.1;eor
  5081;19540801;19540831;   1;   2;   121.5;   -999;   -999;   37.8;eor
  5081;19540901;19540930;   1;   2;    40.0;   -999;   -999;   10.3;eor
  5081;19541001;19541031;   1;   2;    47.0;   -999;   -999;   13.8;eor
  5081;19541101;19541130;   1;   2;    21.7;   -999;   -999;    4.7;eor
  5081;19541201;19541231;   1;   2;    40.4;   -999;   -999;    5.9;eor
  5081;19550101;19550131;   1;   2;    32.0;   -999;   -999;   14.6;eor
  5081;19550201;19550228;   1;   2;    25.8;   -999;   -999;    7.3;eor
  5081;19550301;19550331;   1;   2;    11.6;   -999;   -999;    2.2;eor
  5081;19550401;19550430;   1;   2;    48.8;   -999;   -999;    7.8;eor
  5081;19550501;19550531;   1;   2;    45.8;   -999;   -999;   11.5;eor
  5081;19550601;19550630;   1;   2;    78.7;   -999;   -999;   12.8;eor
  5081;19550701;19550731;   1;   2;    95.2;   -999;   -999;   18.2;eor
  5081;19550801;19550831;   1;   2;    55.8;   -999;   -999;   13.5;eor
  5081;19550901;19550930;   1;   2;    35.4;   -999;   -999;    8.0;eor
  5081;19551001;19551031;   1;   2;    52.1;   -999;   -999;   20.1;eor
  5081;19551101;19551130;   1;   2;    13.6;   -999;   -999;    3.7;eor
  5081;19551201;19551231;   1;   2;    58.7;   -999;   -999;   11.0;eor
  5081;19560101;19560131;   1;   2;    23.8;   -999;   -999;    7.5;eor
  5081;19560201;19560229;   1;   2;    30.4;   -999;   -999;    6.2;eor
  5081;19560301;19560331;   1;   2;    29.7;   -999;   -999;   11.4;eor
  5081;19560401;19560430;   1;   2;    85.2;   -999;   -999;   18.0;eor
  5081;19560501;19560531;   1;   2;    35.9;   -999;   -999;    9.6;eor
  5081;19560601;19560630;   1;   2;   158.9;   -999;   -999;   35.0;eor
  5081;19560701;19560731;   1;   2;   166.5;   -999;   -999;   53.5;eor
  5081;19560801;19560831;   1;   2;    53.2;   -999;   -999;   12.0;eor
  5081;19560901;19560930;   1;   2;    20.9;   -999;   -999;    8.2;eor
  5081;19561001;19561031;   1;   2;    48.1;   -999;   -999;   13.3;eor
  5081;19561101;19561130;   1;   2;    33.7;   -999;   -999;    8.4;eor
  5081;19561201;19561231;   1;   2;    41.0;   -999;   -999;    8.1;eor
  5081;19570101;19570131;   1;   2;    34.5;   -999;   -999;    5.1;eor
  5081;19570201;19570228;   1;   2;    39.5;   -999;   -999;    7.6;eor
  5081;19570301;19570331;   1;   2;    64.4;   -999;   -999;   14.3;eor
  5081;19570401;19570430;   1;   2;    23.6;   -999;   -999;    7.4;eor
  5081;19570501;19570531;   1;   2;    37.6;   -999;   -999;   16.5;eor
  5081;19570601;19570630;   1;   2;    69.6;   -999;   -999;   16.7;eor
  5081;19570701;19570731;   1;   2;    77.3;   -999;   -999;   18.4;eor
  5081;19570801;19570831;   1;   2;    68.4;   -999;   -999;   20.7;eor
  5081;19570901;19570930;   1;   2;    69.0;   -999;   -999;    9.8;eor
  5081;19571001;19571031;   1;   2;    18.3;   -999;   -999;    9.0;eor
  5081;19571101;19571130;   1;   2;    25.8;   -999;   -999;   14.9;eor
  5081;19571201;19571231;   1;   2;    37.6;   -999;   -999;    7.2;eor
  5081;19580101;19580131;   1;   2;    33.4;   -999;   -999;   11.6;eor
  5081;19580201;19580228;   1;   2;    41.2;   -999;   -999;    9.7;eor
  5081;19580301;19580331;   1;   2;    27.6;   -999;   -999;    6.5;eor
  5081;19580401;19580430;   1;   2;    21.6;   -999;   -999;    4.8;eor
  5081;19580501;19580531;   1;   2;   132.0;   -999;   -999;   39.6;eor
  5081;19580601;19580630;   1;   2;    99.2;   -999;   -999;   41.0;eor
  5081;19580701;19580731;   1;   2;    83.4;   -999;   -999;   20.4;eor
  5081;19580801;19580831;   1;   2;    80.2;   -999;   -999;   19.8;eor
  5081;19580901;19580930;   1;   2;    30.0;   -999;   -999;    7.4;eor
  5081;19581001;19581031;   1;   2;    66.5;   -999;   -999;   15.6;eor
  5081;19581101;19581130;   1;   2;    17.3;   -999;   -999;    4.2;eor
  5081;19581201;19581231;   1;   2;    40.0;   -999;   -999;    9.5;eor
  5081;19590101;19590131;   1;   2;    24.6;   -999;   -999;   10.2;eor
  5081;19590201;19590228;   1;   2;     5.8;   -999;   -999;    3.6;eor
  5081;19590301;19590331;   1;   2;    15.3;   -999;   -999;    5.8;eor
  5081;19590401;19590430;   1;   2;    76.6;   -999;   -999;   19.5;eor
  5081;19590501;19590531;   1;   2;    75.6;   -999;   -999;   33.5;eor
  5081;19590601;19590630;   1;   2;    27.3;   -999;   -999;    8.7;eor
  5081;19590701;19590731;   1;   2;    43.2;   -999;   -999;   20.5;eor
  5081;19590801;19590831;   1;   2;    91.2;   -999;   -999;   31.1;eor
  5081;19590901;19590930;   1;   2;     0.0;   -999;   -999;    0.0;eor
  5081;19591001;19591031;   1;   2;    56.4;   -999;   -999;   35.7;eor
  5081;19591101;19591130;   1;   2;    33.8;   -999;   -999;   16.2;eor
  5081;19591201;19591231;   1;   2;    19.3;   -999;   -999;    4.4;eor
  5081;19600101;19600131;   1;   2;    71.5;   -999;   -999;   14.2;eor
  5081;19600201;19600229;   1;   2;    15.2;   -999;   -999;    6.5;eor
  5081;19600301;19600331;   1;   2;    51.5;   -999;   -999;   12.3;eor
  5081;19600401;19600430;   1;   2;    29.1;   -999;   -999;    5.1;eor
  5081;19600501;19600531;   1;   2;    57.7;   -999;   -999;   12.7;eor
  5081;19600601;19600630;   1;   2;    31.9;   -999;   -999;    8.2;eor
  5081;19600701;19600731;   1;   2;    43.2;   -999;   -999;    9.3;eor
  5081;19600801;19600831;   1;   2;   106.0;   -999;   -999;   20.8;eor
  5081;19600901;19600930;   1;   2;    23.3;   -999;   -999;    6.2;eor
  5081;19601001;19601031;   1;   2;   166.0;   -999;   -999;   36.7;eor
  5081;19601101;19601130;   1;   2;    43.4;   -999;   -999;    8.3;eor
  5081;19601201;19601231;   1;   2;    46.7;   -999;   -999;    8.9;eor
  5081;19610101;19610131;   1;   2;    30.8;   -999;   -999;    8.6;eor
  5081;19610201;19610228;   1;   2;    49.6;   -999;   -999;    7.7;eor
  5081;19610301;19610331;   1;   2;    59.0;   -999;   -999;   18.0;eor
  5081;19610401;19610430;   1;   2;    63.7;   -999;   -999;   20.0;eor
  5081;19610501;19610531;   1;   2;   135.3;   -999;   -999;   31.7;eor
  5081;19610601;19610630;   1;   2;   120.1;   -999;   -999;   63.3;eor
  5081;19610701;19610731;   1;   2;    45.4;   -999;   -999;   11.6;eor
  5081;19610801;19610831;   1;   2;    24.1;   -999;   -999;    5.6;eor
  5081;19610901;19610930;   1;   2;    15.6;   -999;   -999;    5.5;eor
  5081;19611001;19611031;   1;   2;    23.2;   -999;   -999;   12.8;eor
  5081;19611101;19611130;   1;   2;    28.2;   -999;   -999;   11.4;eor
  5081;19611201;19611231;   1;   2;    45.3;   -999;   -999;   13.1;eor
  5081;19620101;19620131;   1;   2;    16.3;   -999;   -999;    6.7;eor
  5081;19620201;19620228;   1;   2;    30.8;   -999;   -999;   11.2;eor
  5081;19620301;19620331;   1;   2;    23.9;   -999;   -999;    5.7;eor
  5081;19620401;19620430;   1;   2;    23.0;   -999;   -999;    6.2;eor
  5081;19620501;19620531;   1;   2;    63.7;   -999;   -999;   14.1;eor
  5081;19620601;19620630;   1;   2;    30.5;   -999;   -999;    7.2;eor
  5081;19620701;19620731;   1;   2;    95.4;   -999;   -999;   22.5;eor
  5081;19620801;19620831;   1;   2;    35.9;   -999;   -999;    9.5;eor
  5081;19620901;19620930;   1;   2;    38.9;   -999;   -999;    7.6;eor
  5081;19621001;19621031;   1;   2;     5.3;   -999;   -999;    1.4;eor
  5081;19621101;19621130;   1;   2;    14.8;   -999;   -999;    4.2;eor
  5081;19621201;19621231;   1;   2;    20.2;   -999;   -999;    5.3;eor
  5081;19630101;19630131;   1;   2;    14.0;   -999;   -999;    1.8;eor
  5081;19630201;19630228;   1;   2;    11.3;   -999;   -999;    3.3;eor
  5081;19630301;19630331;   1;   2;    22.0;   -999;   -999;    4.6;eor
  5081;19630401;19630430;   1;   2;    75.3;   -999;   -999;   17.7;eor
  5081;19630501;19630531;   1;   2;    23.9;   -999;   -999;    8.2;eor
  5081;19630601;19630630;   1;   2;    62.2;   -999;   -999;   19.7;eor
  5081;19630701;19630731;   1;   2;    78.1;   -999;   -999;   29.5;eor
  5081;19630801;19630831;   1;   2;    59.3;   -999;   -999;   13.2;eor
  5081;19630901;19630930;   1;   2;    42.4;   -999;   -999;    8.0;eor
  5081;19631001;19631031;   1;   2;    12.8;   -999;   -999;    3.6;eor
  5081;19631101;19631130;   1;   2;    22.7;   -999;   -999;    3.5;eor
  5081;19631201;19631231;   1;   2;     9.0;   -999;   -999;    4.2;eor
  5081;19640101;19640131;   1;   2;    24.6;   -999;   -999;    8.0;eor
  5081;19640201;19640229;   1;   2;    19.1;   -999;   -999;    6.4;eor
  5081;19640301;19640331;   1;   2;    31.5;   -999;   -999;   11.5;eor
  5081;19640401;19640430;   1;   2;    52.4;   -999;   -999;   25.5;eor
  5081;19640501;19640531;   1;   2;    40.9;   -999;   -999;   12.5;eor
  5081;19640601;19640630;   1;   2;    37.5;   -999;   -999;   10.6;eor
  5081;19640701;19640731;   1;   2;    32.1;   -999;   -999;    9.2;eor
  5081;19640801;19640831;   1;   2;    72.2;   -999;   -999;   31.5;eor
  5081;19640901;19640930;   1;   2;    23.4;   -999;   -999;    5.8;eor
  5081;19641001;19641031;   1;   2;    37.1;   -999;   -999;   12.8;eor
  5081;19641101;19641130;   1;   2;    26.0;   -999;   -999;    5.8;eor
  5081;19641201;19641231;   1;   2;    22.9;   -999;   -999;    5.9;eor
  5081;19650101;19650131;   1;   2;    58.2;   -999;   -999;    8.1;eor
  5081;19650201;19650228;   1;   2;    42.1;   -999;   -999;    6.0;eor
  5081;19650301;19650331;   1;   2;    45.3;   -999;   -999;   15.1;eor
  5081;19650401;19650430;   1;   2;    90.1;   -999;   -999;   25.2;eor
  5081;19650501;19650531;   1;   2;    72.9;   -999;   -999;   13.8;eor
  5081;19650601;19650630;   1;   2;    62.7;   -999;   -999;   15.8;eor
  5081;19650701;19650731;   1;   2;    67.4;   -999;   -999;   20.8;eor
  5081;19650801;19650831;   1;   2;    22.4;   -999;   -999;    6.5;eor
  5081;19650901;19650930;   1;   2;    72.6;   -999;   -999;   31.4;eor
  5081;19651001;19651031;   1;   2;    13.9;   -999;   -999;    5.7;eor
  5081;19651101;19651130;   1;   2;    40.2;   -999;   -999;   10.3;eor
  5081;19651201;19651231;   1;   2;    77.1;   -999;   -999;   19.1;eor
  5081;19660101;19660131;   1;   2;    23.4;   -999;   -999;    3.9;eor
  5081;19660201;19660228;   1;   2;    50.0;   -999;   -999;    8.2;eor
  5081;19660301;19660331;   1;   2;    21.7;   -999;   -999;    3.6;eor
  5081;19660401;19660430;   1;   2;    43.2;   -999;   -999;    7.2;eor
  5081;19660501;19660531;   1;   2;    46.5;   -999;   -999;   10.3;eor
  5081;19660601;19660630;   1;   2;    86.2;   -999;   -999;   31.3;eor
  5081;19660701;19660731;   1;   2;    69.4;   -999;   -999;   11.5;eor
  5081;19660801;19660831;   1;   2;    78.3;   -999;   -999;   26.0;eor
  5081;19660901;19660930;   1;   2;    34.0;   -999;   -999;    8.4;eor
  5081;19661001;19661031;   1;   2;    82.1;   -999;   -999;   16.8;eor
  5081;19661101;19661130;   1;   2;    18.1;   -999;   -999;    5.7;eor
  5081;19661201;19661231;   1;   2;    63.2;   -999;   -999;    8.5;eor
  5081;19670101;19670131;   1;   2;    30.0;   -999;   -999;    9.0;eor
  5081;19670201;19670228;   1;   2;    34.9;   -999;   -999;    8.0;eor
  5081;19670301;19670331;   1;   2;    27.1;   -999;   -999;    7.2;eor
  5081;19670401;19670430;   1;   2;    13.9;   -999;   -999;    3.8;eor
  5081;19670501;19670531;   1;   2;    59.0;   -999;   -999;   20.9;eor
  5081;19670601;19670630;   1;   2;   129.9;   -999;   -999;   22.2;eor
  5081;19670701;19670731;   1;   2;    41.3;   -999;   -999;   14.9;eor
  5081;19670801;19670831;   1;   2;    40.9;   -999;   -999;   10.9;eor
  5081;19670901;19670930;   1;   2;    81.5;   -999;   -999;   18.2;eor
  5081;19671001;19671031;   1;   2;    31.6;   -999;   -999;    8.7;eor
  5081;19671101;19671130;   1;   2;     9.9;   -999;   -999;    4.5;eor
  5081;19671201;19671231;   1;   2;    48.2;   -999;   -999;    7.6;eor
  5081;19680101;19680131;   1;   2;    57.6;   -999;   -999;   14.8;eor
  5081;19680201;19680229;   1;   2;    48.3;   -999;   -999;   12.3;eor
  5081;19680301;19680331;   1;   2;    30.9;   -999;   -999;    7.4;eor
  5081;19680401;19680430;   1;   2;    51.2;   -999;   -999;   18.3;eor
  5081;19680501;19680531;   1;   2;    52.1;   -999;   -999;   14.6;eor
  5081;19680601;19680630;   1;   2;    47.0;   -999;   -999;   10.6;eor
  5081;19680701;19680731;   1;   2;    59.2;   -999;   -999;   13.8;eor
  5081;19680801;19680831;   1;   2;   100.9;   -999;   -999;   23.0;eor
  5081;19680901;19680930;   1;   2;    71.8;   -999;   -999;   16.0;eor
  5081;19681001;19681031;   1;   2;    31.9;   -999;   -999;   11.4;eor
  5081;19681101;19681130;   1;   2;    43.7;   -999;   -999;   16.5;eor
  5081;19681201;19681230;-999;-999;    -999;   -999;   -999;    7.8;eor
  5081;19681201;19681231;   5;   2;    26.0;   -999;   -999;   -999;eor
  5081;19690101;19690131;   5;   2;    51.8;   -999;     21;   13.5;eor
  5081;19690201;19690228;   5;   2;    37.9;   -999;    214;   22.4;eor
  5081;19690301;19690331;   5;   2;    29.5;   -999;     52;    5.7;eor
  5081;19690401;19690430;   5;   2;    52.9;   -999;      2;    8.8;eor
  5081;19690501;19690531;   5;   2;    60.7;   -999;      0;   23.2;eor
  5081;19690601;19690630;   5;   2;    72.8;   -999;      0;   18.4;eor
  5081;19690701;19690731;   5;   2;    20.0;   -999;      0;    7.2;eor
  5081;19690801;19690831;   5;   2;    68.5;   -999;      0;   13.5;eor
  5081;19690901;19690930;   5;   2;    19.7;   -999;      0;    7.1;eor
  5081;19691001;19691031;   5;   2;    16.8;   -999;      0;    7.0;eor
  5081;19691101;19691130;   5;   2;    23.0;   -999;     15;    5.7;eor
  5081;19691201;19691231;   5;   2;    32.8;   -999;    272;    8.4;eor
  5081;19700101;19700131;   5;   2;    28.7;   -999;    567;    7.7;eor
  5081;19700201;19700228;   5;   2;    65.3;   -999;     64;   17.9;eor
  5081;19700301;19700331;   5;   2;    42.2;   -999;    264;   13.5;eor
  5081;19700401;19700430;   5;   2;    46.4;   -999;      2;   10.2;eor
  5081;19700501;19700531;   5;   2;    88.8;   -999;      0;   16.3;eor
  5081;19700601;19700630;   5;   2;    49.3;   -999;      0;   14.5;eor
  5081;19700701;19700731;   5;   2;    70.5;   -999;      0;   27.1;eor
  5081;19700801;19700831;   5;   2;   163.5;   -999;      0;   72.5;eor
  5081;19700901;19700930;   5;   2;    18.4;   -999;      0;    6.5;eor
  5081;19701001;19701031;   5;   2;    60.7;   -999;      0;    9.1;eor
  5081;19701101;19701130;   5;   2;    54.7;   -999;      0;   12.0;eor
  5081;19701201;19701231;   5;   2;    36.1;   -999;     40;    8.5;eor
  5081;19710101;19710131;   5;   2;     4.8;   -999;    178;    2.9;eor
  5081;19710201;19710228;   5;   2;    32.9;   -999;      6;    8.3;eor
  5081;19710301;19710331;   5;   2;    13.7;   -999;     50;    4.2;eor
  5081;19710401;19710430;   5;   2;    41.7;   -999;      0;   11.7;eor
  5081;19710501;19710531;   5;   2;    43.3;   -999;      0;   14.0;eor
  5081;19710601;19710630;   5;   2;    76.8;   -999;      0;   11.5;eor
  5081;19710701;19710731;   5;   2;     7.0;   -999;      0;    4.7;eor
  5081;19710801;19710831;   5;   2;    71.9;   -999;      0;   21.4;eor
  5081;19710901;19710930;   5;   2;    46.3;   -999;      0;   10.7;eor
  5081;19711001;19711031;   5;   2;    28.6;   -999;      0;   12.5;eor
  5081;19711101;19711130;   5;   2;    47.5;   -999;     25;   23.7;eor
  5081;19711201;19711231;   5;   2;    37.0;   -999;      6;    7.3;eor
  5081;19720101;19720131;   5;   2;     9.9;   -999;     54;    2.8;eor
  5081;19720201;19720229;   5;   2;     3.9;   -999;      9;    3.1;eor
  5081;19720301;19720331;   5;   2;    31.9;   -999;      0;   11.2;eor
  5081;19720401;19720430;   5;   2;    45.6;   -999;      0;    7.1;eor
  5081;19720501;19720531;   5;   2;    83.7;   -999;      0;   17.2;eor
  5081;19720601;19720630;   5;   2;    52.3;   -999;      0;   15.6;eor
  5081;19720701;19720731;   5;   2;    53.3;   -999;      0;   22.0;eor
  5081;19720801;19720831;   5;   2;    70.8;   -999;      0;   43.1;eor
  5081;19720901;19720930;   5;   2;    36.5;   -999;      0;    9.7;eor
  5081;19721001;19721031;   5;   2;    35.9;   -999;      0;   14.8;eor
  5081;19721101;19721130;   5;   2;    32.7;   -999;      7;   11.8;eor
  5081;19721201;19721231;   5;   2;     2.7;   -999;      0;    1.8;eor
  5081;19730101;19730131;   5;   2;    23.5;   -999;     10;    6.6;eor
  5081;19730201;19730228;   5;   2;    36.4;   -999;     31;    5.9;eor
  5081;19730301;19730331;   5;   2;    20.2;   -999;      0;    7.4;eor
  5081;19730401;19730430;   5;   2;    52.3;   -999;      5;   20.1;eor
  5081;19730501;19730531;   5;   2;    67.3;   -999;      0;   16.6;eor
  5081;19730601;19730630;   5;   2;    65.5;   -999;      0;   30.3;eor
  5081;19730701;19730731;   5;   2;    78.9;   -999;      0;   16.4;eor
  5081;19730801;19730831;   5;   2;    37.6;   -999;      0;   13.3;eor
  5081;19730901;19730930;   5;   2;    51.2;   -999;      0;   17.7;eor
  5081;19731001;19731031;   5;   2;    57.0;   -999;      0;   13.2;eor
  5081;19731101;19731130;   5;   2;    27.1;   -999;     27;    9.6;eor
  5081;19731201;19731231;   5;   2;    28.5;   -999;     66;    7.0;eor
  5081;19740101;19740131;   5;   2;    28.4;   -999;      1;    7.5;eor
  5081;19740201;19740228;   5;   2;    43.4;   -999;      4;   11.2;eor
  5081;19740301;19740331;   5;   2;    12.9;   -999;      0;    5.0;eor
  5081;19740401;19740430;   5;   2;    19.4;   -999;      0;    9.8;eor
  5081;19740501;19740531;   5;   2;    78.7;   -999;      0;   17.5;eor
  5081;19740601;19740630;   5;   2;   106.2;   -999;      0;   25.5;eor
  5081;19740701;19740731;   5;   2;    66.7;   -999;      0;    9.6;eor
  5081;19740801;19740831;   5;   2;    50.6;   -999;      0;   15.3;eor
  5081;19740901;19740930;   5;   2;    46.8;   -999;      0;   27.8;eor
  5081;19741001;19741031;   5;   2;   117.3;   -999;      0;   36.0;eor
  5081;19741101;19741130;   5;   2;    49.2;   -999;      0;   19.6;eor
  5081;19741201;19741231;   5;   2;    82.8;   -999;     11;   13.5;eor
  5081;19750101;19750131;   5;   2;    25.2;   -999;      0;    4.6;eor
  5081;19750201;19750228;   5;   2;    18.3;   -999;      0;    6.8;eor
  5081;19750301;19750331;   5;   2;    34.5;   -999;      8;    6.8;eor
  5081;19750401;19750430;   5;   2;    56.3;   -999;      3;   14.4;eor
  5081;19750501;19750531;   5;   2;    38.3;   -999;      0;   13.5;eor
  5081;19750601;19750630;   5;   2;   108.6;   -999;      0;   28.4;eor
  5081;19750701;19750731;   5;   2;    29.3;   -999;      0;    8.8;eor
  5081;19750801;19750831;   5;   2;    98.4;   -999;      0;   76.5;eor
  5081;19750901;19750930;   5;   2;    26.9;   -999;      0;   12.5;eor
  5081;19751001;19751031;   5;   2;    32.0;   -999;      0;    4.6;eor
  5081;19751101;19751130;   5;   2;    30.1;   -999;      0;   14.8;eor
  5081;19751201;19751231;   5;   2;    16.2;   -999;      9;    4.4;eor
  5081;19760101;19760131;   5;   2;    89.2;   -999;     34;   18.0;eor
  5081;19760201;19760229;   5;   2;     8.8;   -999;     31;    3.7;eor
  5081;19760301;19760331;   5;   2;    24.9;   -999;     13;    7.3;eor
  5081;19760401;19760430;   5;   2;    17.6;   -999;      0;    4.3;eor
  5081;19760501;19760531;   5;   2;    40.6;   -999;      0;   13.4;eor
  5081;19760601;19760630;   5;   2;    29.0;   -999;      0;   18.0;eor
  5081;19760701;19760731;   5;   2;    47.6;   -999;      0;   20.7;eor
  5081;19760801;19760831;   5;   2;    43.7;   -999;      0;   20.1;eor
  5081;19761001;19761031;   5;   2;    25.7;   -999;      0;    8.0;eor
  5081;19761101;19761130;   5;   2;    42.5;   -999;      0;   14.2;eor
  5081;19761201;19761231;   5;   2;    15.5;   -999;     70;    4.3;eor
  5081;19770101;19770131;   5;   2;    25.2;   -999;     61;    5.1;eor
  5081;19770201;19770228;   5;   2;    21.6;   -999;     10;    9.3;eor
  5081;19770301;19770331;   5;   2;    57.4;   -999;      2;   25.2;eor
  5081;19770401;19770430;   5;   2;    48.4;   -999;      0;   14.0;eor
  5081;19770501;19770531;   5;   2;    22.8;   -999;      0;    5.5;eor
  5081;19770601;19770630;   5;   2;    80.3;   -999;      0;   41.0;eor
  5081;19770701;19770731;   5;   2;    46.2;   -999;      0;   20.3;eor
  5081;19770801;19770831;   5;   2;    92.5;   -999;      0;   19.3;eor
  5081;19770901;19770930;   5;   2;    42.4;   -999;      0;    8.8;eor
  5081;19771001;19771031;   5;   2;    51.2;   -999;      0;   15.5;eor
  5081;19771101;19771130;   5;   2;    73.9;   -999;      4;   26.3;eor
  5081;19771201;19771231;   5;   2;    22.6;   -999;      2;    6.5;eor
  5081;19780101;19780131;   5;   2;     8.8;   -999;      6;    1.9;eor
  5081;19780201;19780228;   5;   2;    14.2;   -999;     53;    3.2;eor
  5081;19780301;19780331;   5;   2;    31.2;   -999;      2;    8.9;eor
  5081;19780401;19780430;   5;   2;    21.8;   -999;      0;   13.2;eor
  5081;19780501;19780531;   5;   2;    74.4;   -999;      0;   15.3;eor
  5081;19780601;19780630;   5;   2;    70.1;   -999;      0;   30.8;eor
  5081;19780701;19780731;   5;   2;    34.7;   -999;      0;   11.8;eor
  5081;19780801;19780831;   5;   2;   179.5;   -999;      0;   92.7;eor
  5081;19780901;19780930;   5;   2;    86.7;   -999;      0;   18.1;eor
  5081;19781001;19781031;   5;   2;    60.4;   -999;      0;   20.6;eor
  5081;19781101;19781130;   5;   2;    16.8;   -999;      4;   10.5;eor
  5081;19781201;19781231;   5;   2;    61.7;   -999;     28;   23.1;eor
  5081;19790101;19790131;   5;   2;    37.4;   -999;    557;   12.1;eor
  5081;19790201;19790228;   5;   2;    23.3;   -999;    169;    5.8;eor
  5081;19790301;19790331;   5;   2;    81.6;   -999;      6;   16.2;eor
  5081;19790401;19790430;   5;   2;    28.0;   -999;      0;   12.1;eor
  5081;19790501;19790531;   5;   2;    34.9;   -999;      0;   10.5;eor
  5081;19790601;19790630;   5;   2;    59.7;   -999;      0;   16.5;eor
  5081;19790701;19790731;   5;   2;    73.6;   -999;      0;   18.0;eor
  5081;19790801;19790831;   5;   2;    34.6;   -999;      0;   15.0;eor
  5081;19790901;19790930;   5;   2;    67.1;   -999;      0;   19.2;eor
  5081;19791001;19791031;   5;   2;    10.6;   -999;      0;    6.5;eor
  5081;19791101;19791130;   5;   2;    62.7;   -999;      0;   20.5;eor
  5081;19791201;19791231;   5;   2;    42.4;   -999;     14;    8.5;eor
  5081;19800101;19800131;   5;   2;    23.0;   -999;     81;    3.6;eor
  5081;19800201;19800229;   5;   2;    21.0;   -999;      8;    5.0;eor
  5081;19800301;19800331;   5;   2;    22.7;   -999;     26;    7.9;eor
  5081;19800401;19800430;   5;   2;   106.1;   -999;      2;   27.8;eor
  5081;19800501;19800531;   5;   2;    50.4;   -999;      0;   28.7;eor
  5081;19800601;19800630;   5;   2;    74.8;   -999;      0;   19.9;eor
  5081;19800701;19800731;   5;   2;   113.6;   -999;      0;   32.0;eor
  5081;19800801;19800831;   5;   2;    44.7;   -999;      0;   12.5;eor
  5081;19800901;19800930;   5;   2;    58.0;   -999;      0;   17.1;eor
  5081;19801001;19801031;   5;   2;    69.3;   -999;      0;   32.2;eor
  5081;19801101;19801130;   5;   2;    42.7;   -999;     28;   16.5;eor
  5081;19801201;19801231;   5;   2;    36.3;   -999;     68;    5.2;eor
  5081;19810101;19810131;  10;   2;    36.0;   -999;    186;   10.5;eor
  5081;19810901;19810930;  10;   2;    67.8;   -999;      0;   20.4;eor
  5081;19811001;19811031;  10;   2;    71.1;   -999;      0;   22.6;eor
  5081;19811101;19811130;  10;   2;    67.3;   -999;      1;   13.5;eor
  5081;19811201;19811231;  10;   2;    84.0;   -999;    353;   12.3;eor
  5081;19820101;19820131;  10;   2;    28.1;   -999;     33;    7.8;eor
  5081;19820201;19820228;  10;   2;     9.8;   -999;      1;    4.9;eor
  5081;19820301;19820331;  10;   2;    12.9;   -999;      0;    2.3;eor
  5081;19820401;19820430;  10;   2;    29.6;   -999;      0;    8.9;eor
  5081;19820501;19820531;  10;   2;    73.4;   -999;      0;   21.4;eor
  5081;19820601;19820630;  10;   2;    40.4;   -999;      0;   14.3;eor
  5081;19820701;19820731;  10;   2;    45.6;   -999;      0;   12.9;eor
  5081;19820801;19820831;  10;   2;    13.0;   -999;      0;    3.9;eor
  5081;19820901;19820930;  10;   2;    11.8;   -999;      0;    4.2;eor
  5081;19821001;19821031;  10;   2;    35.0;   -999;      0;    9.3;eor
  5081;19821101;19821130;  10;   2;    11.1;   -999;      0;    2.3;eor
  5081;19821201;19821231;  10;   2;    33.2;   -999;      1;    8.1;eor
  5081;19830101;19830131;  10;   2;    47.2;   -999;      1;    8.3;eor
  5081;19830201;19830228;  10;   2;    37.1;   -999;    206;    6.7;eor
  5081;19830301;19830331;  10;   2;    35.0;   -999;      0;    9.5;eor
  5081;19830401;19830430;  10;   2;   111.1;   -999;      0;   22.3;eor
  5081;19830501;19830531;  10;   2;    47.3;   -999;      0;   13.5;eor
  5081;19830601;19830630;  10;   2;    28.6;   -999;      0;    6.3;eor
  5081;19830701;19830731;  10;   2;    22.0;   -999;      0;    6.9;eor
  5081;19830801;19830831;  10;   2;   119.5;   -999;      0;   51.5;eor
  5081;19830901;19830930;  10;   2;    30.3;   -999;      0;    5.8;eor
  5081;19831001;19831031;  10;   2;    11.6;   -999;      0;    5.0;eor
  5081;19831101;19831130;  10;   2;    28.5;   -999;      8;    7.5;eor
  5081;19831201;19831231;  10;   2;    29.8;   -999;     30;    6.3;eor
  5081;19840101;19840131;  10;   2;    44.1;   -999;     62;    8.4;eor
  5081;19840201;19840229;  10;   2;    44.2;   -999;     17;   13.0;eor
  5081;19840301;19840331;  10;   2;    11.8;   -999;      5;    3.4;eor
  5081;19840401;19840430;  10;   2;    54.6;   -999;     10;   20.3;eor
  5081;19840501;19840531;  10;   2;    42.0;   -999;      0;    5.9;eor
  5081;19840601;19840630;  10;   2;    61.8;   -999;      0;   15.4;eor
  5081;19840701;19840731;  10;   2;    79.1;   -999;      0;   16.1;eor
  5081;19840801;19840831;  10;   2;   131.9;   -999;      0;   35.0;eor
  5081;19840901;19840930;  10;   2;    76.8;   -999;      0;   16.7;eor
  5081;19841001;19841031;  10;   2;    31.3;   -999;      0;    7.6;eor
  5081;19841101;19841130;  10;   2;    33.9;   -999;      0;   22.8;eor
  5081;19841201;19841231;  10;   2;    23.8;   -999;     11;    4.2;eor
  5081;19850101;19850131;  10;   2;    48.4;   -999;    477;    7.9;eor
  5081;19850201;19850228;  10;   2;    24.4;   -999;     96;    6.4;eor
  5081;19850301;19850331;  10;   2;    35.2;   -999;     42;   16.2;eor
  5081;19850401;19850430;  10;   2;    40.4;   -999;      3;    5.9;eor
  5081;19850501;19850531;  10;   2;    35.1;   -999;      0;   13.0;eor
  5081;19850601;19850630;  10;   2;    58.8;   -999;      0;   11.8;eor
  5081;19850701;19850731;  10;   2;    46.4;   -999;      0;    7.7;eor
  5081;19850801;19850831;  10;   2;    64.1;   -999;      0;   25.8;eor
  5081;19850901;19850930;  10;   2;    26.0;   -999;      0;    8.0;eor
  5081;19851001;19851031;  10;   2;    10.1;   -999;      0;    3.9;eor
  5081;19851101;19851130;  10;   2;    43.9;   -999;     87;    8.4;eor
  5081;19851201;19851231;  10;   2;    62.7;   -999;     31;   15.3;eor
  5081;19860101;19860131;  10;   2;    55.8;   -999;    129;    9.8;eor
  5081;19860201;19860228;  10;   2;    27.1;   -999;    257;    9.8;eor
  5081;19860301;19860331;  10;   2;    67.5;   -999;     58;   14.9;eor
  5081;19860401;19860430;  10;   2;    46.8;   -999;     15;    8.7;eor
  5081;19860501;19860531;  10;   2;    90.4;   -999;      0;   24.0;eor
  5081;19860601;19860630;  10;   2;    44.8;   -999;      0;   10.0;eor
  5081;19860701;19860731;  10;   2;    54.2;   -999;      0;   14.9;eor
  5081;19860801;19860831;  10;   2;    63.1;   -999;      0;   18.0;eor
  5081;19860901;19860930;  10;   2;    51.6;   -999;      0;   13.4;eor
  5081;19861001;19861031;  10;   2;    54.5;   -999;      0;   28.7;eor
  5081;19861101;19861130;  10;   2;    13.2;   -999;      0;    6.9;eor
  5081;19861201;19861231;  10;   2;    71.1;   -999;     46;   15.0;eor
  5081;19870101;19870131;  10;   2;    85.7;   -999;    381;   14.6;eor
  5081;19870201;19870228;  10;   2;    65.5;   -999;    158;   12.7;eor
  5081;19870301;19870331;  10;   2;    32.3;   -999;    103;    9.0;eor
  5081;19870401;19870430;  10;   2;    36.6;   -999;      0;   16.4;eor
  5081;19870501;19870531;  10;   2;    82.8;   -999;      0;   27.1;eor
  5081;19870601;19870630;  10;   2;    79.9;   -999;      0;   11.4;eor
  5081;19870701;19870731;  10;   2;    72.6;   -999;      0;   15.0;eor
  5081;19870801;19870831;  10;   2;   108.7;   -999;      0;   42.9;eor
  5081;19870901;19870930;  10;   2;    61.7;   -999;      0;   16.3;eor
  5081;19871001;19871031;  10;   2;    13.0;   -999;      0;    4.0;eor
  5081;19871101;19871130;  10;   2;    41.9;   -999;      0;   16.6;eor
  5081;19871201;19871231;  10;   2;    53.7;   -999;      3;   14.6;eor
  5081;19880101;19880131;  10;   2;    25.9;   -999;      1;    5.3;eor
  5081;19880201;19880229;  10;   2;    68.7;   -999;     57;   15.7;eor
  5081;19880301;19880331;  10;   2;    59.1;   -999;     62;    5.8;eor
  5081;19880401;19880430;  10;   2;    15.9;   -999;      0;    4.2;eor
  5081;19880501;19880531;  10;   2;    31.0;   -999;      0;   14.3;eor
  5081;19880601;19880630;  10;   2;    57.8;   -999;      0;   18.2;eor
  5081;19880701;19880731;  10;   2;    51.7;   -999;      0;    7.3;eor
  5081;19880801;19880831;  10;   2;    22.3;   -999;      0;    7.2;eor
  5081;19880901;19880930;  10;   2;    35.9;   -999;      0;   16.0;eor
  5081;19881001;19881031;  10;   2;    16.2;   -999;      0;    4.3;eor
  5081;19881101;19881130;  10;   2;    73.7;   -999;      4;   19.2;eor
  5081;19881201;19881231;  10;   2;    99.1;   -999;     11;   33.4;eor
  5081;19890101;19890131;  10;   2;    26.3;   -999;      0;    6.1;eor
  5081;19890201;19890228;  10;   2;    26.8;   -999;      0;    5.8;eor
  5081;19890301;19890331;  10;   2;    27.9;   -999;      0;    6.2;eor
  5081;19890401;19890430;  10;   2;    75.8;   -999;      0;   22.4;eor
  5081;19890501;19890531;  10;   2;    26.2;   -999;      0;    8.8;eor
  5081;19890601;19890630;  10;   2;    54.7;   -999;      0;   26.7;eor
  5081;19890701;19890731;  10;   2;    57.8;   -999;      0;   20.0;eor
  5081;19890801;19890831;  10;   2;    50.2;   -999;      0;   20.6;eor
  5081;19890901;19890930;  10;   2;    41.6;   -999;      0;   17.5;eor
  5081;19891001;19891031;  10;   2;    40.9;   -999;      0;   13.0;eor
  5081;19891101;19891130;  10;   2;    70.5;   -999;     15;   23.3;eor
  5081;19891201;19891231;  10;   2;    32.5;   -999;      1;    7.6;eor
  5081;19900101;19900131;  10;   2;     5.0;   -999;      7;    1.3;eor
  5081;19900201;19900228;  10;   2;    41.7;   -999;      1;   10.6;eor
  5081;19900301;19900331;  10;   2;    16.8;   -999;      0;    4.8;eor
  5081;19900401;19900430;  10;   2;    65.9;   -999;      0;   16.3;eor
  5081;19900501;19900531;  10;   2;     1.1;   -999;      0;    0.6;eor
  5081;19900601;19900630;  10;   2;   118.3;   -999;      0;   38.0;eor
  5081;19900701;19900731;  10;   2;    14.2;   -999;      0;    6.0;eor
  5081;19900801;19900831;  10;   2;    64.0;   -999;      0;   20.1;eor
  5081;19900901;19900930;  10;   2;    66.1;   -999;      0;   14.6;eor
  5081;19901001;19901031;  10;   2;    26.8;   -999;      0;    7.3;eor
  5081;19901101;19901130;  10;   2;    62.6;   -999;      0;   10.8;eor
  5081;19901201;19901231;  10;   2;    30.5;   -999;     26;    7.4;eor
  5081;19910101;19910131;  10;   2;    18.4;   -999;   -999;    3.6;eor
  5081;19910201;19910228;  10;   2;    21.0;   -999;   -999;    7.4;eor
  5081;19910301;19910331;  10;   2;    18.9;   -999;   -999;    9.0;eor
  5081;19910401;19910430;  10;   2;    46.3;   -999;   -999;   12.8;eor
  5081;19910501;19910531;  10;   2;    44.9;   -999;   -999;   14.2;eor
  5081;19910601;19910630;  10;   2;   116.8;   -999;   -999;   30.5;eor
  5081;19910701;19910731;  10;   2;    40.8;   -999;   -999;   17.2;eor
  5081;19910801;19910831;  10;   2;    35.4;   -999;   -999;   17.9;eor
  5081;19910901;19910930;  10;   2;    15.1;   -999;   -999;    7.7;eor
  5081;19911001;19911031;  10;   2;    16.0;   -999;   -999;    4.9;eor
  5081;19911101;19911130;  10;   2;    32.0;   -999;   -999;    4.5;eor
  5081;19911201;19911231;  10;   2;    59.2;   -999;   -999;   13.3;eor
  5081;19920101;19920131;  10;   2;    46.0;   -999;   -999;   12.1;eor
  5081;19920201;19920229;  10;   2;    41.7;   -999;   -999;   12.5;eor
  5081;19920301;19920331;  10;   2;    71.9;   -999;   -999;   18.5;eor
  5081;19920401;19920430;  10;   2;    24.0;   -999;   -999;    5.8;eor
  5081;19920501;19920531;  10;   2;    16.4;   -999;   -999;    9.1;eor
  5081;19920601;19920630;  10;   2;    74.0;   -999;   -999;   28.4;eor
  5081;19920701;19920731;  10;   2;    99.5;   -999;   -999;   31.6;eor
  5081;19920801;19920831;  10;   2;    40.2;   -999;   -999;   14.6;eor
  5081;19920901;19920930;  10;   2;    16.7;   -999;   -999;    3.5;eor
  5081;19921001;19921031;  10;   2;    41.9;   -999;   -999;    7.4;eor
  5081;19921101;19921130;  10;   2;    37.4;   -999;   -999;    5.9;eor
  5081;19921201;19921231;  10;   2;    33.0;   -999;   -999;   11.4;eor
  5081;19930101;19930131;  10;   2;    45.6;   -999;   -999;    8.7;eor
  5081;19930201;19930228;  10;   2;    27.4;   -999;   -999;    6.2;eor
  5081;19930301;19930331;  10;   2;    25.1;   -999;   -999;    4.4;eor
  5081;19930401;19930430;  10;   2;    19.3;   -999;   -999;    6.7;eor
  5081;19930501;19930531;  10;   2;    71.8;   -999;   -999;   33.8;eor
  5081;19930601;19930630;  10;   2;    57.5;   -999;   -999;    9.2;eor
  5081;19930701;19930731;  10;   2;   116.1;   -999;   -999;   45.4;eor
  5081;19930801;19930831;  10;   2;    66.3;   -999;   -999;   22.3;eor
  5081;19930901;19930930;  10;   2;    39.8;   -999;   -999;    7.4;eor
  5081;19931001;19931031;  10;   2;    30.1;   -999;   -999;    8.6;eor
  5081;19931101;19931130;  10;   2;    63.4;   -999;   -999;   16.2;eor
  5081;19931201;19931231;  10;   2;    85.4;   -999;   -999;   15.6;eor
