STATIONS_ID; MESS_DATUM_BEGINN; MESS_DATUM_ENDE; QUALITAETS_NIVEAU; ART; NIEDERSCHLAGSHOEHE;NEUSCHNEEHOEHE;SCHNEEHOEHE; max(NIEDERSCHLAGSHOEHE);eor
  4512;19470101;19470131;   1;   2;    34.9;   -999;   -999;   16.0;eor
  4512;19470201;19470228;   1;   2;     4.8;   -999;   -999;    4.0;eor
  4512;19470301;19470331;   1;   2;    53.1;   -999;   -999;    9.0;eor
  4512;19470401;19470430;   1;   2;    83.6;   -999;   -999;   11.5;eor
  4512;19470501;19470531;   1;   2;    57.0;   -999;   -999;   19.5;eor
  4512;19470601;19470630;   1;   2;    60.7;   -999;   -999;   20.0;eor
  4512;19470701;19470731;   1;   2;    63.7;   -999;   -999;   24.5;eor
  4512;19470801;19470831;   1;   2;    18.2;   -999;   -999;    9.5;eor
  4512;19470901;19470930;   1;   2;    42.6;   -999;   -999;   11.0;eor
  4512;19471001;19471031;   1;   2;     9.0;   -999;   -999;    6.5;eor
  4512;19471101;19471130;   1;   2;   137.0;   -999;   -999;   25.0;eor
  4512;19471201;19471231;   1;   2;   251.5;   -999;   -999;   47.0;eor
  4512;19480101;19480131;   1;   2;    96.5;   -999;   -999;   20.0;eor
  4512;19480201;19480229;   1;   2;    91.6;   -999;   -999;   14.5;eor
  4512;19480301;19480331;   1;   2;    32.1;   -999;   -999;   10.1;eor
  4512;19480401;19480430;   1;   2;    63.1;   -999;   -999;   14.5;eor
  4512;19480501;19480531;   1;   2;    85.0;   -999;   -999;   14.0;eor
  4512;19480601;19480630;   1;   2;    77.2;   -999;   -999;   25.0;eor
  4512;19480701;19480731;   1;   2;   116.7;   -999;   -999;   24.5;eor
  4512;19480801;19480831;   1;   2;   123.5;   -999;   -999;   18.5;eor
  4512;19480901;19480930;   1;   2;    26.4;   -999;   -999;    5.5;eor
  4512;19481001;19481031;   1;   2;    48.5;   -999;   -999;   18.0;eor
  4512;19481101;19481130;   1;   2;    29.5;   -999;   -999;   10.0;eor
  4512;19481201;19481231;   1;   2;    22.5;   -999;   -999;    6.0;eor
  4512;19490101;19490131;   1;   2;    63.7;   -999;   -999;   11.5;eor
  4512;19490201;19490228;   1;   2;    22.1;   -999;   -999;    9.5;eor
  4512;19490301;19490331;   1;   2;    51.5;   -999;   -999;   10.0;eor
  4512;19490401;19490430;   1;   2;    43.1;   -999;   -999;   14.5;eor
  4512;19490501;19490531;   1;   2;    85.5;   -999;   -999;   28.5;eor
  4512;19490601;19490630;   1;   2;    44.5;   -999;   -999;   16.5;eor
  4512;19490701;19490731;   1;   2;    31.0;   -999;   -999;   16.5;eor
  4512;19490801;19490831;   1;   2;    68.2;   -999;   -999;   15.5;eor
  4512;19490901;19490930;   1;   2;    64.0;   -999;   -999;   35.5;eor
  4512;19491001;19491031;   1;   2;    20.0;   -999;   -999;   10.5;eor
  4512;19491101;19491130;   1;   2;    52.3;   -999;   -999;    8.5;eor
  4512;19491201;19491231;   1;   2;    94.7;   -999;   -999;   15.0;eor
  4512;19500101;19500131;   1;   2;    64.8;   -999;   -999;   10.6;eor
  4512;19500201;19500228;   1;   2;   120.3;   -999;   -999;   25.0;eor
  4512;19500301;19500331;   1;   2;    18.0;   -999;   -999;    5.1;eor
  4512;19500401;19500430;   1;   2;    99.8;   -999;   -999;   33.8;eor
  4512;19500501;19500531;   1;   2;   106.2;   -999;   -999;   25.0;eor
  4512;19500601;19500630;   1;   2;    63.2;   -999;   -999;   11.2;eor
  4512;19500701;19500731;   1;   2;   188.0;   -999;   -999;   40.5;eor
  4512;19500801;19500831;   1;   2;    74.5;   -999;   -999;   14.0;eor
  4512;19500901;19500930;   1;   2;    77.1;   -999;   -999;   10.5;eor
  4512;19501001;19501031;   1;   2;    62.3;   -999;   -999;   10.1;eor
  4512;19501101;19501130;   1;   2;   137.9;   -999;   -999;   14.9;eor
  4512;19501201;19501231;   1;   2;    43.4;   -999;   -999;   13.0;eor
  4512;19510101;19510131;   1;   2;    59.1;   -999;   -999;   17.3;eor
  4512;19510201;19510228;   1;   2;    35.7;   -999;   -999;   11.2;eor
  4512;19510301;19510331;   1;   2;    64.6;   -999;   -999;   16.5;eor
  4512;19510401;19510430;   1;   2;    31.2;   -999;   -999;   12.3;eor
  4512;19510501;19510531;   1;   2;    63.3;   -999;   -999;   17.8;eor
  4512;19510601;19510630;   1;   2;   118.8;   -999;   -999;   22.2;eor
  4512;19510701;19510731;   1;   2;    63.5;   -999;   -999;   16.0;eor
  4512;19510801;19510831;   1;   2;    80.7;   -999;   -999;   24.1;eor
  4512;19510901;19510930;   1;   2;    61.1;   -999;   -999;   18.1;eor
  4512;19511001;19511031;   1;   2;    35.9;   -999;   -999;   20.5;eor
  4512;19511101;19511130;   1;   2;    88.6;   -999;   -999;   22.1;eor
  4512;19511201;19511231;   1;   2;    54.4;   -999;   -999;   10.3;eor
  4512;19520101;19520131;   1;   2;    81.0;   -999;   -999;   10.9;eor
  4512;19520201;19520229;   1;   2;    41.8;   -999;   -999;    7.2;eor
  4512;19520301;19520331;   1;   2;   122.2;   -999;   -999;   20.7;eor
  4512;19520401;19520430;   1;   2;    15.5;   -999;   -999;    3.7;eor
  4512;19520501;19520531;   1;   2;    67.0;   -999;   -999;   12.7;eor
  4512;19520601;19520630;   1;   2;    36.4;   -999;   -999;    8.1;eor
  4512;19520701;19520731;   1;   2;    22.3;   -999;   -999;    9.4;eor
  4512;19520801;19520831;   1;   2;   102.9;   -999;   -999;   24.5;eor
  4512;19520901;19520930;   1;   2;   156.1;   -999;   -999;   35.4;eor
  4512;19521001;19521031;   1;   2;    85.5;   -999;   -999;   15.1;eor
  4512;19521101;19521130;   1;   2;   140.6;   -999;   -999;   20.9;eor
  4512;19521201;19521231;   1;   2;    68.0;   -999;   -999;   16.2;eor
  4512;19530101;19530131;   1;   2;    60.2;   -999;   -999;    8.0;eor
  4512;19530201;19530228;   1;   2;    48.3;   -999;   -999;   12.1;eor
  4512;19530301;19530331;   1;   2;    12.8;   -999;   -999;    6.5;eor
  4512;19530401;19530430;   1;   2;    29.9;   -999;   -999;    5.8;eor
  4512;19530501;19530531;   1;   2;    80.0;   -999;   -999;   18.5;eor
  4512;19530601;19530630;   1;   2;   120.1;   -999;   -999;   35.3;eor
  4512;19530701;19530731;   1;   2;    77.8;   -999;   -999;   18.6;eor
  4512;19530801;19530831;   1;   2;    23.5;   -999;   -999;   11.0;eor
  4512;19530901;19530930;   1;   2;    46.7;   -999;   -999;   11.4;eor
  4512;19531001;19531031;   1;   2;    37.9;   -999;   -999;    9.6;eor
  4512;19531101;19531130;   1;   2;     5.5;   -999;   -999;    2.5;eor
  4512;19531201;19531231;   1;   2;    31.8;   -999;   -999;    7.2;eor
  4512;19540101;19540131;   1;   2;   107.4;   -999;   -999;   23.4;eor
  4512;19540201;19540228;   1;   2;    26.2;   -999;   -999;   11.6;eor
  4512;19540301;19540331;   1;   2;    28.2;   -999;   -999;   15.8;eor
  4512;19540401;19540430;   1;   2;    76.2;   -999;   -999;   12.2;eor
  4512;19540501;19540531;   1;   2;    77.0;   -999;   -999;   16.5;eor
  4512;19540601;19540630;   1;   2;    64.4;   -999;   -999;   26.8;eor
  4512;19540701;19540731;   1;   2;   147.4;   -999;   -999;   21.9;eor
  4512;19540801;19540831;   1;   2;   101.4;   -999;   -999;   18.2;eor
  4512;19540901;19540930;   1;   2;   135.4;   -999;   -999;   24.0;eor
  4512;19541001;19541031;   1;   2;    78.0;   -999;   -999;   23.2;eor
  4512;19541101;19541130;   1;   2;    28.6;   -999;   -999;    5.1;eor
  4512;19541201;19541231;   1;   2;    88.4;   -999;   -999;   16.6;eor
  4512;19550101;19550131;   1;   2;    61.5;   -999;   -999;   11.8;eor
  4512;19550201;19550228;   1;   2;    64.4;   -999;   -999;   13.3;eor
  4512;19550301;19550331;   1;   2;    29.3;   -999;   -999;    6.0;eor
  4512;19550401;19550430;   1;   2;    72.1;   -999;   -999;   14.3;eor
  4512;19550501;19550531;   1;   2;    76.4;   -999;   -999;   14.9;eor
  4512;19550601;19550630;   1;   2;    94.6;   -999;   -999;   18.1;eor
  4512;19550701;19550731;   1;   2;   133.2;   -999;   -999;   52.3;eor
  4512;19550801;19550831;   1;   2;    84.1;   -999;   -999;   53.9;eor
  4512;19550901;19550930;   1;   2;    77.5;   -999;   -999;   17.2;eor
  4512;19551001;19551031;   1;   2;    42.6;   -999;   -999;    9.4;eor
  4512;19551101;19551130;   1;   2;    35.1;   -999;   -999;   10.2;eor
  4512;19551201;19551231;   1;   2;   112.1;   -999;   -999;   40.8;eor
  4512;19560101;19560131;   1;   2;    46.9;   -999;   -999;   10.3;eor
  4512;19560201;19560229;   1;   2;    27.1;   -999;   -999;    5.0;eor
  4512;19560301;19560331;   1;   2;    39.7;   -999;   -999;   12.6;eor
  4512;19560401;19560430;   1;   2;    71.2;   -999;   -999;   12.1;eor
  4512;19560501;19560531;   1;   2;    34.8;   -999;   -999;    5.7;eor
  4512;19560601;19560630;   1;   2;   122.3;   -999;   -999;   19.3;eor
  4512;19560701;19560731;   1;   2;   214.7;   -999;   -999;   45.0;eor
  4512;19560801;19560831;   1;   2;   110.7;   -999;   -999;   16.2;eor
  4512;19560901;19560930;   1;   2;    46.5;   -999;   -999;   15.8;eor
  4512;19561001;19561031;   1;   2;    79.6;   -999;   -999;   15.1;eor
  4512;19561101;19561130;   1;   2;    57.8;   -999;   -999;   10.0;eor
  4512;19561201;19561231;   1;   2;    57.0;   -999;   -999;   18.6;eor
  4512;19570101;19570131;   1;   2;    77.3;   -999;   -999;   13.1;eor
  4512;19570201;19570228;   1;   2;    62.2;   -999;   -999;   15.1;eor
  4512;19570301;19570331;   1;   2;    80.2;   -999;   -999;   11.1;eor
  4512;19570401;19570430;   1;   2;    21.6;   -999;   -999;    8.3;eor
  4512;19570501;19570531;   1;   2;    71.8;   -999;   -999;   14.9;eor
  4512;19570601;19570630;   1;   2;    56.8;   -999;   -999;   11.8;eor
  4512;19570701;19570731;   1;   2;   116.5;   -999;   -999;   22.1;eor
  4512;19570801;19570831;   1;   2;    88.4;   -999;   -999;   12.2;eor
  4512;19570901;19570930;   1;   2;   146.4;   -999;   -999;   20.2;eor
  4512;19571001;19571031;   1;   2;    29.2;   -999;   -999;   14.2;eor
  4512;19571101;19571130;   1;   2;    28.7;   -999;   -999;   11.2;eor
  4512;19571201;19571231;   1;   2;    80.3;   -999;   -999;   28.5;eor
  4512;19580101;19580131;   1;   2;    37.3;   -999;   -999;    8.6;eor
  4512;19580201;19580228;   1;   2;    83.5;   -999;   -999;   12.1;eor
  4512;19580301;19580331;   1;   2;    43.7;   -999;   -999;    8.8;eor
  4512;19580401;19580430;   1;   2;    39.5;   -999;   -999;   13.7;eor
  4512;19580501;19580531;   1;   2;    95.3;   -999;   -999;   15.4;eor
  4512;19580601;19580630;   1;   2;   118.9;   -999;   -999;   34.7;eor
  4512;19580701;19580731;   1;   2;    64.8;   -999;   -999;   19.4;eor
  4512;19580801;19580831;   1;   2;   145.3;   -999;   -999;   35.9;eor
  4512;19580901;19580930;   1;   2;    73.8;   -999;   -999;   16.2;eor
  4512;19581001;19581031;   1;   2;    71.8;   -999;   -999;   19.5;eor
  4512;19581101;19581130;   1;   2;    23.4;   -999;   -999;    7.2;eor
  4512;19581201;19581231;   1;   2;    61.2;   -999;   -999;   12.1;eor
  4512;19590101;19590131;   1;   2;    48.0;   -999;   -999;    7.6;eor
  4512;19590201;19590228;   1;   2;     6.9;   -999;   -999;    5.2;eor
  4512;19590301;19590331;   1;   2;    21.1;   -999;   -999;    6.4;eor
  4512;19590401;19590430;   1;   2;    31.7;   -999;   -999;    7.4;eor
  4512;19590501;19590531;   1;   2;    36.7;   -999;   -999;    7.4;eor
  4512;19590601;19590630;   1;   2;    87.2;   -999;   -999;   26.7;eor
  4512;19590701;19590731;   1;   2;    38.8;   -999;   -999;   12.8;eor
  4512;19590801;19590831;   1;   2;    93.7;   -999;   -999;   30.5;eor
  4512;19590901;19590930;   1;   2;     3.6;   -999;   -999;    2.0;eor
  4512;19591001;19591031;   1;   2;    78.5;   -999;   -999;   29.0;eor
  4512;19591101;19591130;   1;   2;    42.7;   -999;   -999;   15.3;eor
  4512;19591201;19591231;   1;   2;    45.4;   -999;   -999;    9.1;eor
  4512;19600101;19600131;   1;   2;   100.9;   -999;   -999;   14.1;eor
  4512;19600201;19600229;   1;   2;    18.2;   -999;   -999;    6.1;eor
  4512;19600301;19600331;   1;   2;    16.1;   -999;   -999;    3.8;eor
  4512;19600401;19600430;   1;   2;    53.1;   -999;   -999;    8.5;eor
  4512;19600501;19600531;   1;   2;    68.1;   -999;   -999;   29.3;eor
  4512;19600601;19600630;   1;   2;    35.7;   -999;   -999;   12.2;eor
  4512;19600701;19600731;   1;   2;    86.4;   -999;   -999;   15.1;eor
  4512;19600801;19600831;   1;   2;   142.5;   -999;   -999;   34.4;eor
  4512;19600901;19600930;   1;   2;    64.5;   -999;   -999;   21.6;eor
  4512;19601001;19601031;   1;   2;   200.2;   -999;   -999;   43.1;eor
  4512;19601101;19601130;   1;   2;    71.9;   -999;   -999;   10.0;eor
  4512;19601201;19601231;   1;   2;    57.2;   -999;   -999;   10.1;eor
  4512;19610101;19610131;   1;   2;    47.7;   -999;   -999;    7.0;eor
  4512;19610201;19610228;   1;   2;    72.9;   -999;   -999;   18.5;eor
  4512;19610301;19610331;   1;   2;    42.6;   -999;   -999;   13.0;eor
  4512;19610401;19610430;   1;   2;    73.7;   -999;   -999;   15.9;eor
  4512;19610501;19610531;   1;   2;    90.0;   -999;   -999;   12.8;eor
  4512;19610601;19610630;   1;   2;   101.6;   -999;   -999;   27.3;eor
  4512;19610701;19610731;   1;   2;    92.3;   -999;   -999;   16.4;eor
  4512;19610801;19610831;   1;   2;   100.1;   -999;   -999;   17.2;eor
  4512;19610901;19610930;   1;   2;    53.1;   -999;   -999;   17.1;eor
  4512;19611001;19611031;   1;   2;    40.4;   -999;   -999;   10.6;eor
  4512;19611101;19611130;   1;   2;    41.9;   -999;   -999;    9.9;eor
  4512;19611201;19611231;   1;   2;    65.5;   -999;   -999;   19.2;eor
  4512;19620101;19620131;   1;   2;    60.8;   -999;   -999;   11.8;eor
  4512;19620201;19620228;   1;   2;    82.5;   -999;   -999;   17.5;eor
  4512;19620301;19620331;   1;   2;    56.9;   -999;   -999;   11.5;eor
  4512;19620401;19620430;   1;   2;    50.3;   -999;   -999;    8.4;eor
  4512;19620501;19620531;   1;   2;    62.0;   -999;   -999;   14.7;eor
  4512;19620601;19620630;   1;   2;    53.4;   -999;   -999;   38.1;eor
  4512;19620701;19620731;   1;   2;    96.0;   -999;   -999;   17.1;eor
  4512;19620801;19620831;   1;   2;    34.0;   -999;   -999;    6.1;eor
  4512;19620901;19620930;   1;   2;    31.1;   -999;   -999;    9.7;eor
  4512;19621001;19621031;   1;   2;     6.8;   -999;   -999;    3.5;eor
  4512;19621101;19621130;   1;   2;    19.4;   -999;   -999;    8.7;eor
  4512;19621201;19621231;   1;   2;    84.6;   -999;   -999;   17.0;eor
  4512;19630101;19630131;   1;   2;    36.3;   -999;   -999;    6.3;eor
  4512;19630201;19630228;   1;   2;    15.8;   -999;   -999;    5.4;eor
  4512;19630301;19630331;   1;   2;    53.2;   -999;   -999;    8.3;eor
  4512;19630401;19630430;   1;   2;    45.5;   -999;   -999;   13.5;eor
  4512;19630501;19630531;   1;   2;    54.5;   -999;   -999;   22.8;eor
  4512;19630601;19630630;   1;   2;   100.7;   -999;   -999;   15.5;eor
  4512;19630701;19630731;   1;   2;    45.6;   -999;   -999;   19.1;eor
  4512;19630801;19630831;   1;   2;   143.6;   -999;   -999;   30.5;eor
  4512;19630901;19630930;   1;   2;   101.4;   -999;   -999;   37.5;eor
  4512;19631001;19631031;   1;   2;    30.3;   -999;   -999;   10.0;eor
  4512;19631101;19631130;   1;   2;    78.1;   -999;   -999;   22.0;eor
  4512;19631201;19631231;   1;   2;    12.4;   -999;   -999;    8.2;eor
  4512;19640101;19640131;   1;   2;    41.9;   -999;   -999;   13.1;eor
  4512;19640201;19640229;   1;   2;    39.6;   -999;   -999;    5.3;eor
  4512;19640301;19640331;   1;   2;    21.1;   -999;   -999;    5.7;eor
  4512;19640401;19640430;   1;   2;    53.6;   -999;   -999;   14.1;eor
  4512;19640501;19640531;   1;   2;    97.2;   -999;   -999;   22.4;eor
  4512;19640601;19640629;-999;-999;    -999;   -999;   -999;    9.8;eor
  4512;19640601;19640630;   5;   2;    45.0;   -999;   -999;   -999;eor
  4512;19640701;19640731;   5;   2;    27.0;   -999;   -999;   -999;eor
  4512;19640801;19640831;   5;   2;    57.0;   -999;   -999;   -999;eor
  4512;19640830;19640831;-999;-999;    -999;   -999;   -999;    0.0;eor
  4512;19640901;19640930;   1;   2;    57.5;   -999;   -999;   17.1;eor
  4512;19641001;19641031;   1;   2;    58.7;   -999;   -999;   15.8;eor
  4512;19641101;19641130;   1;   2;    87.9;   -999;   -999;   17.5;eor
  4512;19641201;19641231;   1;   2;    58.4;   -999;   -999;   13.2;eor
  4512;19650101;19650131;   1;   2;   130.1;   -999;   -999;   16.3;eor
  4512;19650201;19650228;   1;   2;    78.4;   -999;   -999;   13.2;eor
  4512;19650301;19650331;   1;   2;    66.5;   -999;   -999;   18.0;eor
  4512;19650401;19650430;   1;   2;   114.0;   -999;   -999;   25.8;eor
  4512;19650501;19650531;   1;   2;    84.9;   -999;   -999;   20.7;eor
  4512;19650601;19650630;   1;   2;    80.5;   -999;   -999;   12.5;eor
  4512;19650701;19650731;   1;   2;   109.9;   -999;   -999;   24.4;eor
  4512;19650801;19650831;   1;   2;    48.9;   -999;   -999;   12.0;eor
  4512;19650901;19650930;   1;   2;    45.7;   -999;   -999;   11.1;eor
  4512;19651001;19651031;   1;   2;    23.1;   -999;   -999;    6.7;eor
  4512;19651101;19651130;   1;   2;   132.9;   -999;   -999;   28.8;eor
  4512;19651201;19651231;   1;   2;   145.4;   -999;   -999;   26.4;eor
  4512;19660101;19660131;   1;   2;    45.1;   -999;   -999;    6.8;eor
  4512;19660201;19660228;   1;   2;    63.7;   -999;   -999;    9.8;eor
  4512;19660301;19660331;   1;   2;    81.6;   -999;   -999;   19.5;eor
  4512;19660401;19660430;   1;   2;    89.5;   -999;   -999;   12.2;eor
  4512;19660501;19660531;   1;   2;    84.3;   -999;   -999;   15.4;eor
  4512;19660601;19660630;   1;   2;   296.0;   -999;   -999;   63.8;eor
  4512;19660701;19660731;   1;   2;    73.7;   -999;   -999;   15.4;eor
  4512;19660801;19660831;   1;   2;   106.5;   -999;   -999;   24.2;eor
  4512;19660901;19660930;   1;   2;    39.0;   -999;   -999;   23.4;eor
  4512;19661001;19661031;   1;   2;    72.3;   -999;   -999;   14.4;eor
  4512;19661101;19661130;   1;   2;    97.1;   -999;   -999;   19.8;eor
  4512;19661201;19661231;   1;   2;   166.2;   -999;   -999;   18.5;eor
  4512;19670101;19670131;   1;   2;    63.1;   -999;    219;    8.2;eor
  4512;19670201;19670228;   1;   2;    73.5;   -999;     70;   12.8;eor
  4512;19670301;19670331;   1;   2;    64.9;   -999;      1;   14.0;eor
  4512;19670401;19670430;   1;   2;    70.6;   -999;      4;   14.0;eor
  4512;19670501;19670531;   1;   2;    78.5;   -999;      0;   29.2;eor
  4512;19670601;19670630;   1;   2;    79.9;   -999;      0;   14.0;eor
  4512;19670701;19670731;   1;   2;    35.0;   -999;      0;    7.5;eor
  4512;19670801;19670831;   1;   2;    63.1;   -999;      0;   19.5;eor
  4512;19670901;19670930;   1;   2;    91.6;   -999;      0;   27.3;eor
  4512;19671001;19671031;   1;   2;    59.1;   -999;      0;   13.4;eor
  4512;19671101;19671130;   1;   2;    63.1;   -999;     30;   19.0;eor
  4512;19671201;19671231;   1;   2;   141.0;   -999;    302;   20.6;eor
  4512;19680101;19680131;   1;   2;   132.2;   -999;    876;   27.9;eor
  4512;19680201;19680229;   1;   2;    56.0;   -999;    410;   12.0;eor
  4512;19680301;19680331;   1;   2;    71.2;   -999;    136;   13.8;eor
  4512;19680401;19680430;   1;   2;    56.4;   -999;      0;   19.6;eor
  4512;19680501;19680531;   1;   2;    53.4;   -999;      0;   12.4;eor
  4512;19680601;19680630;   1;   2;    79.6;   -999;      0;   12.2;eor
  4512;19680701;19680731;   1;   2;    66.7;   -999;      0;   17.1;eor
  4512;19680801;19680831;   1;   2;   143.7;   -999;      0;   33.7;eor
  4512;19680901;19680930;   1;   2;   109.7;   -999;      0;   18.6;eor
  4512;19681001;19681031;   1;   2;    58.5;   -999;      0;   20.0;eor
  4512;19681101;19681130;   1;   2;    20.2;   -999;      9;    9.0;eor
  4512;19681201;19681231;   1;   2;    -999;   -999;    150;   12.9;eor
  4512;19690101;19690131;   5;   2;    53.4;   -999;    684;   14.0;eor
  4512;19690201;19690228;   5;   2;    49.0;   -999;    546;   11.4;eor
  4512;19690301;19690331;   5;   2;    42.2;   -999;    125;   15.8;eor
  4512;19690401;19690430;   5;   2;    88.5;   -999;      0;   29.8;eor
  4512;19690501;19690531;   5;   2;   108.6;   -999;      0;   21.3;eor
  4512;19690601;19690630;   5;   2;   115.8;   -999;      0;   29.0;eor
  4512;19690701;19690731;   5;   2;    36.9;   -999;      0;   13.6;eor
  4512;19690801;19690831;   5;   2;   156.6;   -999;      0;   23.0;eor
  4512;19690901;19690930;   5;   2;    26.5;   -999;      0;   13.0;eor
  4512;19691001;19691031;   5;   2;    34.7;   -999;      0;   10.0;eor
  4512;19691101;19691130;   5;   2;    48.8;   -999;     30;   13.0;eor
  4512;19691201;19691231;   5;   2;    38.0;   -999;    504;    9.0;eor
  4512;19700101;19700131;   5;   2;    35.9;   -999;    708;    7.3;eor
  4512;19700201;19700228;   5;   2;   116.9;   -999;    601;   13.0;eor
  4512;19700301;19700331;   5;   2;    79.8;   -999;    916;   12.0;eor
  4512;19700401;19700430;   5;   2;    53.3;   -999;      7;    7.0;eor
  4512;19700501;19700531;   5;   2;    71.4;   -999;      0;   14.0;eor
  4512;19700601;19700630;   5;   2;    43.2;   -999;      0;    8.0;eor
  4512;19700701;19700731;   5;   2;    68.4;   -999;      0;   10.0;eor
  4512;19700801;19700831;   5;   2;    83.0;   -999;      0;   18.5;eor
  4512;19700901;19700930;   5;   2;    43.2;   -999;      0;   15.7;eor
  4512;19701001;19701031;   5;   2;    97.1;   -999;      0;   12.0;eor
  4512;19701101;19701130;   5;   2;    71.7;   -999;      0;   12.0;eor
  4512;19701201;19701231;   5;   2;    60.7;   -999;     65;   16.0;eor
  4512;19710101;19710131;   5;   2;    20.2;   -999;    327;    5.2;eor
  4512;19710201;19710228;   5;   2;    45.7;   -999;     45;    5.6;eor
  4512;19710301;19710331;   5;   2;    30.3;   -999;    217;    6.4;eor
  4512;19710401;19710430;   5;   2;    41.3;   -999;      0;   18.0;eor
  4512;19710501;19710531;   5;   2;    42.7;   -999;      0;    8.0;eor
  4512;19710601;19710630;   5;   2;    98.7;   -999;      0;   12.0;eor
  4512;19710701;19710731;   5;   2;     0.8;   -999;      0;    0.6;eor
  4512;19710801;19710831;   5;   2;    35.7;   -999;      0;   12.6;eor
  4512;19710901;19710930;   5;   2;    35.2;   -999;      0;    6.5;eor
  4512;19711001;19711031;   5;   2;    15.2;   -999;      0;   13.6;eor
  4512;19711101;19711130;   5;   2;    53.5;   -999;     34;   32.0;eor
  4512;19711201;19711231;   5;   2;    19.6;   -999;     27;    6.1;eor
  4512;19720101;19720131;   5;   2;     5.1;   -999;     94;    1.8;eor
  4512;19720201;19720229;   5;   2;     4.0;   -999;     42;    2.8;eor
  4512;19720301;19720331;   5;   2;    25.3;   -999;      2;   13.0;eor
  4512;19720401;19720430;   5;   2;    49.3;   -999;      0;    8.2;eor
  4512;19720501;19720531;   5;   2;    88.6;   -999;      0;   11.3;eor
  4512;19720601;19720630;   5;   2;   103.7;   -999;      0;   26.4;eor
  4512;19720701;19720731;   5;   2;    91.7;   -999;      0;   23.2;eor
  4512;19720801;19720831;   5;   2;   113.9;   -999;      0;   30.8;eor
  4512;19720901;19720930;   5;   2;    60.8;   -999;      0;   12.3;eor
  4512;19721001;19721031;   5;   2;    43.7;   -999;      2;   12.6;eor
  4512;19721101;19721130;   5;   2;    58.0;   -999;     68;    9.2;eor
  4512;19721201;19721231;   5;   2;     8.9;   -999;      0;    6.2;eor
  4512;19730101;19730131;   5;   2;    44.6;   -999;     86;    9.4;eor
  4512;19730201;19730228;   5;   2;    91.8;   -999;    290;   11.3;eor
  4512;19730301;19730331;   5;   2;    19.3;   -999;    253;    6.3;eor
  4512;19730401;19730430;   5;   2;    85.4;   -999;     23;   12.1;eor
  4512;19730501;19730531;   5;   2;    44.7;   -999;      0;    8.5;eor
  4512;19730601;19730630;   5;   2;    45.5;   -999;      0;   12.6;eor
  4512;19730701;19730731;   5;   2;   121.7;   -999;      0;   22.0;eor
  4512;19730801;19730831;   5;   2;    29.3;   -999;      0;    9.0;eor
  4512;19730901;19730930;   5;   2;    39.4;   -999;      0;   10.0;eor
  4512;19731001;19731031;   5;   2;    70.1;   -999;      0;   15.0;eor
  4512;19731101;19731130;   5;   2;    75.1;   -999;     87;   17.5;eor
  4512;19731201;19731231;   5;   2;    77.0;   -999;    447;    8.3;eor
  4512;19740101;19740131;   5;   2;    42.3;   -999;     45;    9.5;eor
  4512;19740201;19740228;   5;   2;    37.6;   -999;     16;   10.0;eor
  4512;19740301;19740331;   5;   2;    24.8;   -999;      0;    6.2;eor
  4512;19740401;19740430;   5;   2;    20.8;   -999;      0;   10.0;eor
  4512;19740501;19740531;   5;   2;    78.4;   -999;      0;   25.2;eor
  4512;19740601;19740630;   5;   2;    66.2;   -999;      0;    8.1;eor
  4512;19740701;19740731;   5;   2;    80.3;   -999;      0;   10.7;eor
  4512;19740801;19740831;   5;   2;    66.8;   -999;      0;   16.5;eor
  4512;19740901;19740930;   5;   2;    29.5;   -999;      0;    7.6;eor
  4512;19741001;19741031;   5;   2;   124.9;   -999;      6;   16.9;eor
  4512;19741101;19741130;   5;   2;    51.8;   -999;      0;    8.3;eor
  4512;19741201;19741231;   5;   2;   130.9;   -999;    110;   28.4;eor
  4512;19750101;19750131;   5;   2;    26.0;   -999;      4;    6.3;eor
  4512;19750201;19750228;   5;   2;    20.4;   -999;     11;    6.2;eor
  4512;19750301;19750331;   5;   2;    36.7;   -999;     35;    5.2;eor
  4512;19750401;19750430;   5;   2;    64.1;   -999;      3;   13.2;eor
  4512;19750501;19750531;   5;   2;    36.4;   -999;      0;    6.8;eor
  4512;19750601;19750630;   5;   2;    93.5;   -999;      0;   24.9;eor
  4512;19750701;19750731;   5;   2;    47.0;   -999;      0;   18.7;eor
  4512;19750801;19750831;   5;   2;    69.9;   -999;      0;   11.9;eor
  4512;19750901;19750930;   5;   2;    59.3;   -999;      0;   15.8;eor
  4512;19751001;19751031;   5;   2;    52.3;   -999;      0;   13.1;eor
  4512;19751101;19751130;   5;   2;    61.1;   -999;     15;   22.4;eor
  4512;19751201;19751231;   5;   2;    22.8;   -999;     15;    5.3;eor
  4512;19760101;19760131;   5;   2;   130.1;   -999;     80;   15.6;eor
  4512;19760201;19760229;   5;   2;    17.7;   -999;    186;    6.9;eor
  4512;19760301;19760331;   5;   2;    37.0;   -999;      4;   12.2;eor
  4512;19760401;19760430;   5;   2;    20.9;   -999;      1;    5.5;eor
  4512;19760501;19760531;   5;   2;    49.3;   -999;      0;   12.0;eor
  4512;19760601;19760630;   5;   2;    30.2;   -999;      0;   15.2;eor
  4512;19760701;19760731;   5;   2;    23.9;   -999;      0;    8.6;eor
  4512;19760801;19760831;   5;   2;    25.3;   -999;      0;    6.2;eor
  4512;19760901;19760930;   5;   2;    47.0;   -999;      0;   16.1;eor
  4512;19761001;19761031;   5;   2;    24.9;   -999;      0;    8.7;eor
  4512;19761101;19761130;   5;   2;    71.2;   -999;      6;   14.5;eor
  4512;19761201;19761231;   5;   2;    27.3;   -999;    135;    4.5;eor
  4512;19770101;19770131;   5;   2;    41.8;   -999;    525;    6.5;eor
  4512;19770201;19770228;   5;   2;    53.9;   -999;      4;    8.9;eor
  4512;19770301;19770331;   5;   2;    53.8;   -999;      2;   16.5;eor
  4512;19770401;19770430;   5;   2;    47.3;   -999;      0;    9.5;eor
  4512;19770501;19770531;   5;   2;    19.9;   -999;      0;    8.2;eor
  4512;19770601;19770630;   5;   2;    91.6;   -999;      0;   29.6;eor
  4512;19770701;19770731;   5;   2;    56.0;   -999;      0;   26.8;eor
  4512;19770801;19770831;   5;   2;    88.4;   -999;      0;   14.6;eor
  4512;19770901;19770930;   5;   2;    13.7;   -999;      0;    4.4;eor
  4512;19771001;19771031;   5;   2;    76.2;   -999;      0;   16.8;eor
  4512;19771101;19771130;   5;   2;    95.4;   -999;     23;   18.3;eor
  4512;19771201;19771231;   5;   2;    63.0;   -999;     48;   13.0;eor
  4512;19780101;19780131;   5;   2;    30.9;   -999;    141;    6.3;eor
  4512;19780201;19780228;   5;   2;    22.7;   -999;    535;    4.2;eor
  4512;19780301;19780331;   5;   2;    63.1;   -999;     23;   11.2;eor
  4512;19780401;19780430;   5;   2;    17.4;   -999;      0;    2.9;eor
  4512;19780501;19780531;   5;   2;    48.1;   -999;      0;    8.0;eor
  4512;19780601;19780630;   5;   2;    87.5;   -999;      0;   11.6;eor
  4512;19780701;19780731;   5;   2;    56.5;   -999;      0;    8.6;eor
  4512;19780801;19780831;   5;   2;    62.6;   -999;      0;   15.9;eor
  4512;19780901;19780930;   5;   2;   106.8;   -999;      0;   24.2;eor
  4512;19781001;19781031;   5;   2;    40.9;   -999;      0;    8.0;eor
  4512;19781101;19781130;   5;   2;    17.5;   -999;     10;    4.1;eor
  4512;19781201;19781231;   5;   2;   109.9;   -999;     45;   24.8;eor
  4512;19790101;19790131;   5;   2;    48.4;   -999;    900;    6.3;eor
  4512;19790201;19790228;   5;   2;    37.0;   -999;    969;    8.2;eor
  4512;19790301;19790331;   5;   2;   101.6;   -999;    189;   14.3;eor
  4512;19790401;19790430;   5;   2;    59.0;   -999;      0;   12.3;eor
  4512;19790501;19790531;   5;   2;    49.9;   -999;      0;   14.6;eor
  4512;19790601;19790630;   5;   2;    74.2;   -999;      0;   25.0;eor
  4512;19790701;19790731;   5;   2;    84.8;   -999;      0;   16.2;eor
  4512;19790801;19790831;   5;   2;    52.3;   -999;      0;   13.5;eor
  4512;19790901;19790930;   5;   2;    57.7;   -999;      0;   15.3;eor
  4512;19791001;19791031;   5;   2;    13.4;   -999;      0;    8.0;eor
  4512;19791101;19791130;   5;   2;    63.0;   -999;      2;   20.0;eor
  4512;19791201;19791231;   5;   2;    91.4;   -999;     24;   23.8;eor
  4512;19800101;19800131;   5;   2;    55.8;   -999;    519;    7.8;eor
  4512;19800201;19800229;   5;   2;    62.6;   -999;     54;    9.0;eor
  4512;19800301;19800331;   5;   2;    45.2;   -999;     29;    6.0;eor
  4512;19800401;19800430;   5;   2;   120.4;   -999;      3;   20.9;eor
  4512;19800501;19800531;   5;   2;    42.8;   -999;      0;   20.9;eor
  4512;19800601;19800630;   5;   2;   134.7;   -999;      0;   38.0;eor
  4512;19800701;19800731;   5;   2;   157.6;   -999;      0;   33.3;eor
  4512;19800801;19800831;   5;   2;    49.7;   -999;      0;   12.4;eor
  4512;19800901;19800930;   5;   2;    83.7;   -999;      0;   12.3;eor
  4512;19801001;19801031;   5;   2;    82.9;   -999;      0;   17.0;eor
  4512;19801101;19801130;   5;   2;    91.4;   -999;     76;   21.0;eor
  4512;19801201;19801231;   5;   2;   113.3;   -999;    431;   14.3;eor
  4512;19810101;19810131;  10;   2;   112.8;   -999;    857;   14.5;eor
  4512;19810201;19810228;  10;   2;    36.9;   -999;    617;   10.0;eor
  4512;19810301;19810331;  10;   2;   119.4;   -999;     61;   25.4;eor
  4512;19810401;19810430;  10;   2;    64.2;   -999;      3;   31.7;eor
  4512;19810501;19810531;  10;   2;   100.3;   -999;      0;   27.0;eor
  4512;19810601;19810630;  10;   2;   125.6;   -999;      0;   36.0;eor
  4512;19810701;19810731;  10;   2;   106.1;   -999;      0;   26.9;eor
  4512;19810801;19810831;  10;   2;   293.4;   -999;      0;  120.0;eor
  4512;19810901;19810930;  10;   2;    59.7;   -999;      0;   30.0;eor
  4512;19811001;19811031;  10;   2;   105.7;   -999;      0;   13.2;eor
  4512;19811101;19811130;  10;   2;   163.7;   -999;     23;   20.0;eor
  4512;19811201;19811231;  10;   2;   157.9;   -999;   1163;   24.4;eor
  4512;19820101;19820131;  10;   2;    74.4;   -999;    392;   14.1;eor
  4512;19820201;19820228;  10;   2;    14.0;   -999;      6;    7.0;eor
  4512;19820301;19820331;  10;   2;    56.8;   -999;     35;   14.5;eor
  4512;19820401;19820430;  10;   2;    66.3;   -999;      6;   12.1;eor
  4512;19820501;19820531;  10;   2;    57.0;   -999;      0;   10.5;eor
  4512;19820601;19820630;  10;   2;    86.3;   -999;      0;   13.2;eor
  4512;19820701;19820731;  10;   2;    18.9;   -999;      0;   14.5;eor
  4512;19820801;19820831;  10;   2;    31.3;   -999;      0;    8.9;eor
  4512;19820901;19820930;  10;   2;    24.8;   -999;      0;    7.6;eor
  4512;19821001;19821031;  10;   2;   122.8;   -999;      0;   22.8;eor
  4512;19821101;19821130;  10;   2;    40.5;   -999;      4;    7.6;eor
  4512;19821201;19821231;  10;   2;    77.0;   -999;     11;   14.0;eor
  4512;19830101;19830131;  10;   2;   152.1;   -999;     34;   16.5;eor
  4512;19830201;19830228;  10;   2;    59.3;   -999;    236;   12.2;eor
  4512;19830301;19830331;  10;   2;    76.1;   -999;     13;   16.1;eor
  4512;19830401;19830430;  10;   2;   149.4;   -999;      0;   33.6;eor
  4512;19830501;19830531;  10;   2;   112.7;   -999;      0;   24.1;eor
  4512;19830601;19830630;  10;   2;    15.8;   -999;      0;    5.3;eor
  4512;19830701;19830731;  10;   2;    28.7;   -999;      0;   16.2;eor
  4512;19830801;19830831;  10;   2;    78.2;   -999;      0;   21.5;eor
  4512;19830901;19830930;  10;   2;    78.2;   -999;      0;   14.0;eor
  4512;19831001;19831031;  10;   2;    37.8;   -999;      0;    6.3;eor
  4512;19831101;19831130;  10;   2;    70.8;   -999;     29;   15.9;eor
  4512;19831201;19831231;  10;   2;    52.6;   -999;    157;    9.4;eor
  4512;19840101;19840131;  10;   2;   107.6;   -999;    281;   12.3;eor
  4512;19840201;19840229;  10;   2;   107.0;   -999;    300;   36.6;eor
  4512;19840301;19840331;  10;   2;    25.7;   -999;    118;    6.0;eor
  4512;19840401;19840430;  10;   2;    43.8;   -999;     56;   13.1;eor
  4512;19840501;19840531;  10;   2;   144.2;   -999;      0;   20.5;eor
  4512;19840601;19840630;  10;   2;    93.8;   -999;      0;   20.0;eor
  4512;19840701;19840731;  10;   2;   138.4;   -999;      0;   20.0;eor
  4512;19840801;19840831;  10;   2;   101.1;   -999;      0;   30.6;eor
  4512;19840901;19840930;  10;   2;   121.5;   -999;      0;   16.9;eor
  4512;19841001;19841031;  10;   2;    67.0;   -999;      0;   10.0;eor
  4512;19841101;19841130;  10;   2;    55.6;   -999;      0;   24.6;eor
  4512;19841201;19841231;  10;   2;    37.2;   -999;      9;    6.9;eor
  4512;19850101;19850131;  10;   2;    89.3;   -999;    771;   11.2;eor
  4512;19850201;19850228;  10;   2;    18.7;   -999;     77;    6.1;eor
  4512;19850301;19850331;  10;   2;    53.5;   -999;    171;   16.0;eor
  4512;19850401;19850430;  10;   2;    69.1;   -999;      8;   10.0;eor
  4512;19850501;19850531;  10;   2;    88.6;   -999;      0;   28.0;eor
  4512;19850601;19850630;  10;   2;   158.8;   -999;      0;   16.5;eor
  4512;19850701;19850731;  10;   2;    56.3;   -999;      0;   12.0;eor
  4512;19850801;19850831;  10;   2;    54.4;   -999;      0;   11.9;eor
  4512;19850901;19850930;  10;   2;    43.9;   -999;      0;   19.7;eor
  4512;19851001;19851031;  10;   2;    25.6;   -999;      0;    4.5;eor
  4512;19851101;19851130;  10;   2;    66.6;   -999;    177;   10.1;eor
  4512;19851201;19851231;  10;   2;    71.1;   -999;     62;   16.0;eor
  4512;19860101;19860131;  10;   2;   115.7;   -999;    191;   20.0;eor
  4512;19860201;19860228;  10;   2;    30.0;   -999;    371;    8.3;eor
  4512;19860301;19860331;  10;   2;    84.6;   -999;    110;   22.4;eor
  4512;19860401;19860430;  10;   2;    84.2;   -999;     67;   15.2;eor
  4512;19860501;19860531;  10;   2;    98.4;   -999;      0;   12.2;eor
  4512;19860601;19860630;  10;   2;    83.7;   -999;      0;   15.3;eor
  4512;19860701;19860731;  10;   2;    64.8;   -999;      0;   19.3;eor
  4512;19860801;19860831;  10;   2;    90.0;   -999;      0;   20.2;eor
  4512;19860901;19860930;  10;   2;    60.1;   -999;      0;   10.2;eor
  4512;19861001;19861031;  10;   2;    77.2;   -999;      0;   27.0;eor
  4512;19861101;19861130;  10;   2;    21.8;   -999;      0;    4.8;eor
  4512;19861201;19861231;  10;   2;   124.8;   -999;     99;   20.4;eor
  4512;19870101;19870131;  10;   2;    69.0;   -999;    605;   21.0;eor
  4512;19870201;19870228;  10;   2;    81.4;   -999;    436;   12.9;eor
  4512;19870301;19870331;  10;   2;    95.5;   -999;    489;   18.0;eor
  4512;19870401;19870430;  10;   2;    25.0;   -999;      0;    7.1;eor
  4512;19870501;19870531;  10;   2;    94.1;   -999;      0;   24.3;eor
  4512;19870601;19870630;  10;   2;   119.9;   -999;      0;   14.8;eor
  4512;19870701;19870731;  10;   2;   129.0;   -999;      0;   20.2;eor
  4512;19870801;19870831;  10;   2;    85.5;   -999;      0;   10.2;eor
  4512;19870901;19870930;  10;   2;    90.7;   -999;      0;   23.0;eor
  4512;19871001;19871031;  10;   2;    48.1;   -999;      0;   17.5;eor
  4512;19871101;19871130;  10;   2;    84.1;   -999;      0;   14.1;eor
  4512;19871201;19871231;  10;   2;    73.6;   -999;      6;   22.2;eor
  4512;19880101;19880131;  10;   2;    66.5;   -999;     22;   13.5;eor
  4512;19880201;19880229;  10;   2;   112.2;   -999;    188;   15.7;eor
  4512;19880301;19880331;  10;   2;   160.8;   -999;    998;   19.0;eor
  4512;19880401;19880430;  10;   2;    30.3;   -999;      0;    5.9;eor
  4512;19880501;19880531;  10;   2;    41.1;   -999;      0;   17.8;eor
  4512;19880601;19880630;  10;   2;    46.6;   -999;      0;   17.9;eor
  4512;19880701;19880731;  10;   2;   107.1;   -999;      0;   20.2;eor
  4512;19880801;19880831;  10;   2;    25.4;   -999;      0;   10.0;eor
  4512;19880901;19880930;  10;   2;    56.9;   -999;      0;   12.9;eor
  4512;19881001;19881031;  10;   2;    26.6;   -999;      0;    8.1;eor
  4512;19881101;19881130;  10;   2;   103.1;   -999;     56;   17.6;eor
  4512;19881201;19881231;  10;   2;   140.7;   -999;      6;   15.2;eor
  4512;19890101;19890131;  10;   2;    41.8;   -999;     12;    9.9;eor
  4512;19890201;19890228;  10;   2;    47.5;   -999;      0;   12.2;eor
  4512;19890301;19890331;  10;   2;    66.8;   -999;      0;   12.9;eor
  4512;19890401;19890430;  10;   2;    51.3;   -999;      0;   12.1;eor
  4512;19890501;19890531;  10;   2;    60.4;   -999;      0;   23.9;eor
  4512;19890601;19890630;  10;   2;    75.1;   -999;      0;   10.1;eor
  4512;19890701;19890731;  10;   2;   129.4;   -999;      0;   28.7;eor
  4512;19890801;19890831;  10;   2;    38.5;   -999;      0;    9.6;eor
  4512;19890901;19890930;  10;   2;   108.8;   -999;      0;   50.0;eor
  4512;19891001;19891031;  10;   2;    97.5;   -999;      0;   25.6;eor
  4512;19891101;19891130;  10;   2;    68.0;   -999;      3;   16.9;eor
  4512;19891201;19891231;  10;   2;    78.9;   -999;      0;   17.9;eor
  4512;19900101;19900131;  10;   2;    39.1;   -999;      0;   12.3;eor
  4512;19900201;19900228;  10;   2;    94.0;   -999;     33;   18.0;eor
  4512;19900301;19900331;  10;   2;    52.7;   -999;      9;   13.0;eor
  4512;19900401;19900430;  10;   2;    50.0;   -999;      0;   10.0;eor
  4512;19900501;19900531;  10;   2;    13.4;   -999;      0;    5.9;eor
  4512;19900601;19900630;  10;   2;    87.3;   -999;      0;   14.6;eor
  4512;19900701;19900731;  10;   2;    25.1;   -999;      0;    8.2;eor
  4512;19900801;19900831;  10;   2;    59.2;   -999;      0;   19.0;eor
  4512;19900901;19900930;  10;   2;   109.6;   -999;      0;   17.8;eor
  4512;19901001;19901031;  10;   2;    40.5;   -999;      0;   10.2;eor
  4512;19901101;19901130;  10;   2;    94.9;   -999;     33;   13.9;eor
  4512;19901201;19901231;  10;   2;    78.3;   -999;    228;   15.2;eor
  4512;19910101;19910131;  10;   2;    61.9;   -999;   -999;   10.9;eor
  4512;19910201;19910228;  10;   2;    25.7;   -999;   -999;    8.2;eor
  4512;19910301;19910331;  10;   2;    29.5;   -999;   -999;   11.7;eor
  4512;19910401;19910430;  10;   2;    29.8;   -999;   -999;   13.6;eor
  4512;19910501;19910531;  10;   2;    27.9;   -999;   -999;    6.1;eor
  4512;19910601;19910630;  10;   2;   102.9;   -999;   -999;   17.2;eor
  4512;19910701;19910731;  10;   2;    31.9;   -999;   -999;   13.8;eor
  4512;19910801;19910831;  10;   2;    29.9;   -999;   -999;   10.1;eor
  4512;19910901;19910930;  10;   2;    33.0;   -999;   -999;   10.8;eor
  4512;19911001;19911031;  10;   2;    35.9;   -999;   -999;    6.8;eor
  4512;19911101;19911130;  10;   2;    62.1;   -999;   -999;    9.5;eor
  4512;19911201;19911231;  10;   2;    88.1;   -999;   -999;   18.3;eor
  4512;19920101;19920131;  10;   2;    60.5;   -999;   -999;   18.9;eor
  4512;19920201;19920229;  10;   2;    38.2;   -999;   -999;    8.3;eor
  4512;19920301;19920331;  10;   2;   138.1;   -999;   -999;   18.7;eor
  4512;19920401;19920430;  10;   2;    50.7;   -999;   -999;   14.6;eor
  4512;19920501;19920531;  10;   2;    40.1;   -999;   -999;   12.2;eor
  4512;19920601;19920630;  10;   2;   128.2;   -999;   -999;   25.0;eor
  4512;19920701;19920731;  10;   2;   118.6;   -999;   -999;   30.0;eor
  4512;19920801;19920831;  10;   2;   101.2;   -999;   -999;   38.0;eor
  4512;19920901;19920930;  10;   2;    44.5;   -999;   -999;   11.0;eor
  4512;19921001;19921031;  10;   2;    72.6;   -999;   -999;   16.0;eor
  4512;19921101;19921130;  10;   2;   105.9;   -999;   -999;   20.0;eor
  4512;19921201;19921231;  10;   2;    73.8;   -999;   -999;   24.1;eor
  4512;19930101;19930131;  10;   2;    97.7;   -999;   -999;   20.0;eor
  4512;19930201;19930228;  10;   2;    30.5;   -999;   -999;    8.5;eor
  4512;19930301;19930331;  10;   2;    32.9;   -999;   -999;    9.0;eor
  4512;19930401;19930430;  10;   2;    52.0;   -999;   -999;    9.5;eor
  4512;19930501;19930531;  10;   2;    72.0;   -999;   -999;   23.5;eor
  4512;19930601;19930630;  10;   2;    83.0;   -999;   -999;   20.5;eor
  4512;19930701;19930731;  10;   2;   115.2;   -999;   -999;   16.0;eor
  4512;19930801;19930831;  10;   2;    59.0;   -999;   -999;   10.5;eor
  4512;19930901;19930930;  10;   2;    70.5;   -999;   -999;   10.0;eor
  4512;19931001;19931031;  10;   2;    57.5;   -999;   -999;   15.0;eor
  4512;19931101;19931130;  10;   2;    34.6;   -999;   -999;   15.0;eor
  4512;19931201;19931231;  10;   2;   199.4;   -999;   -999;   29.9;eor
