STATIONS_ID; MESS_DATUM_BEGINN; MESS_DATUM_ENDE; QUALITAETS_NIVEAU; ART; NIEDERSCHLAGSHOEHE;NEUSCHNEEHOEHE;SCHNEEHOEHE; max(NIEDERSCHLAGSHOEHE);eor
  1373;19010101;19010131;   5;   2;    60.0;   -999;   -999;-999;eor
  1373;19010201;19010228;   5;   2;    57.0;   -999;   -999;-999;eor
  1373;19010301;19010331;   5;   2;    60.0;   -999;   -999;-999;eor
  1373;19010401;19010430;   5;   2;   140.0;   -999;   -999;-999;eor
  1373;19010501;19010531;   5;   2;    70.0;   -999;   -999;-999;eor
  1373;19010601;19010630;   5;   2;   211.0;   -999;   -999;-999;eor
  1373;19010701;19010731;   5;   2;   184.0;   -999;   -999;-999;eor
  1373;19010801;19010831;   5;   2;   273.0;   -999;   -999;-999;eor
  1373;19010901;19010930;   5;   2;    92.0;   -999;   -999;-999;eor
  1373;19011001;19011031;   5;   2;    96.0;   -999;   -999;-999;eor
  1373;19011101;19011130;   5;   2;    71.0;   -999;   -999;-999;eor
  1373;19011201;19011231;   5;   2;    86.0;   -999;   -999;-999;eor
  1373;19020101;19020131;   5;   2;   120.0;   -999;   -999;-999;eor
  1373;19020201;19020228;   5;   2;    40.0;   -999;   -999;-999;eor
  1373;19020301;19020331;   5;   2;   210.0;   -999;   -999;-999;eor
  1373;19020401;19020430;   5;   2;   112.0;   -999;   -999;-999;eor
  1373;19020501;19020531;   5;   2;   298.0;   -999;   -999;-999;eor
  1373;19020601;19020630;   5;   2;   204.0;   -999;   -999;-999;eor
  1373;19020701;19020731;   5;   2;   210.0;   -999;   -999;-999;eor
  1373;19020801;19020831;   5;   2;   160.0;   -999;   -999;-999;eor
  1373;19020901;19020930;   5;   2;   107.0;   -999;   -999;-999;eor
  1373;19021001;19021031;   5;   2;   172.0;   -999;   -999;-999;eor
  1373;19021101;19021130;   5;   2;    13.0;   -999;   -999;-999;eor
  1373;19021201;19021231;   5;   2;   148.0;   -999;   -999;-999;eor
  1373;19030101;19030131;   5;   2;    98.0;   -999;   -999;-999;eor
  1373;19030201;19030228;   5;   2;    72.0;   -999;   -999;-999;eor
  1373;19030301;19030331;   5;   2;    53.0;   -999;   -999;-999;eor
  1373;19030401;19030430;   5;   2;   245.0;   -999;   -999;-999;eor
  1373;19030501;19030531;   5;   2;    90.0;   -999;   -999;-999;eor
  1373;19030601;19030630;   5;   2;   211.0;   -999;   -999;-999;eor
  1373;19030701;19030731;   5;   2;   387.0;   -999;   -999;-999;eor
  1373;19030801;19030831;   5;   2;   177.0;   -999;   -999;-999;eor
  1373;19030901;19030930;   5;   2;   154.0;   -999;   -999;-999;eor
  1373;19031001;19031031;   5;   2;   165.0;   -999;   -999;-999;eor
  1373;19031101;19031130;   5;   2;   143.0;   -999;   -999;-999;eor
  1373;19031201;19031231;   5;   2;    34.0;   -999;   -999;-999;eor
  1373;19040101;19040131;   5;   2;    35.0;   -999;   -999;-999;eor
  1373;19040201;19040229;   5;   2;   133.0;   -999;   -999;-999;eor
  1373;19040301;19040331;   5;   2;    74.0;   -999;   -999;-999;eor
  1373;19040401;19040430;   5;   2;   195.0;   -999;   -999;-999;eor
  1373;19040501;19040531;   5;   2;   151.0;   -999;   -999;-999;eor
  1373;19040601;19040630;   5;   2;   179.0;   -999;   -999;-999;eor
  1373;19040701;19040731;   5;   2;    94.0;   -999;   -999;-999;eor
  1373;19040801;19040831;   5;   2;   184.0;   -999;   -999;-999;eor
  1373;19040901;19040930;   5;   2;   144.0;   -999;   -999;-999;eor
  1373;19041001;19041031;   5;   2;   162.0;   -999;   -999;-999;eor
  1373;19041101;19041130;   5;   2;   130.0;   -999;   -999;-999;eor
  1373;19041201;19041231;   5;   2;   105.0;   -999;   -999;-999;eor
  1373;19050101;19050131;   5;   2;   129.0;   -999;   -999;-999;eor
  1373;19050201;19050228;   5;   2;   101.0;   -999;   -999;-999;eor
  1373;19050301;19050331;   5;   2;   123.0;   -999;   -999;-999;eor
  1373;19050401;19050430;   5;   2;   161.0;   -999;   -999;-999;eor
  1373;19050501;19050531;   5;   2;   149.0;   -999;   -999;-999;eor
  1373;19050601;19050630;   5;   2;   112.0;   -999;   -999;-999;eor
  1373;19050701;19050731;   5;   2;   215.0;   -999;   -999;-999;eor
  1373;19050801;19050831;   5;   2;   290.0;   -999;   -999;-999;eor
  1373;19050901;19050930;   5;   2;   161.0;   -999;   -999;-999;eor
  1373;19051001;19051031;   5;   2;   256.0;   -999;   -999;-999;eor
  1373;19051101;19051130;   5;   2;   141.0;   -999;   -999;-999;eor
  1373;19051201;19051231;   5;   2;    70.0;   -999;   -999;-999;eor
  1373;19060101;19060131;   5;   2;   112.0;   -999;   -999;-999;eor
  1373;19060201;19060228;   5;   2;   107.0;   -999;   -999;-999;eor
  1373;19060301;19060331;   5;   2;   198.0;   -999;   -999;-999;eor
  1373;19060401;19060430;   5;   2;    94.0;   -999;   -999;-999;eor
  1373;19060501;19060531;   5;   2;   135.0;   -999;   -999;-999;eor
  1373;19060601;19060630;   5;   2;   272.0;   -999;   -999;-999;eor
  1373;19060701;19060731;   5;   2;   207.0;   -999;   -999;-999;eor
  1373;19060801;19060831;   5;   2;   209.0;   -999;   -999;-999;eor
  1373;19060901;19060930;   5;   2;   182.0;   -999;   -999;-999;eor
  1373;19061001;19061031;   5;   2;    19.0;   -999;   -999;-999;eor
  1373;19061101;19061130;   5;   2;    78.0;   -999;   -999;-999;eor
  1373;19061201;19061231;   5;   2;   153.0;   -999;   -999;-999;eor
  1373;19070101;19070131;   5;   2;   175.0;   -999;   -999;-999;eor
  1373;19070201;19070228;   5;   2;    55.0;   -999;   -999;-999;eor
  1373;19070301;19070331;   5;   2;   214.0;   -999;   -999;-999;eor
  1373;19070401;19070430;   5;   2;   191.0;   -999;   -999;-999;eor
  1373;19070501;19070531;   5;   2;    88.0;   -999;   -999;-999;eor
  1373;19070601;19070630;   5;   2;   155.0;   -999;   -999;-999;eor
  1373;19070701;19070731;   5;   2;   219.0;   -999;   -999;-999;eor
  1373;19070801;19070831;   5;   2;   185.0;   -999;   -999;-999;eor
  1373;19070901;19070930;   5;   2;   119.0;   -999;   -999;-999;eor
  1373;19071001;19071031;   5;   2;    32.0;   -999;   -999;-999;eor
  1373;19071101;19071130;   5;   2;    72.0;   -999;   -999;-999;eor
  1373;19071201;19071231;   5;   2;   150.0;   -999;   -999;-999;eor
  1373;19080101;19080131;   5;   2;    62.0;   -999;   -999;-999;eor
  1373;19080201;19080229;   5;   2;   175.0;   -999;   -999;-999;eor
  1373;19080301;19080331;   5;   2;    40.0;   -999;   -999;-999;eor
  1373;19080401;19080430;   5;   2;   186.0;   -999;   -999;-999;eor
  1373;19080501;19080531;   5;   2;   142.0;   -999;   -999;-999;eor
  1373;19080601;19080630;   5;   2;   128.0;   -999;   -999;-999;eor
  1373;19080701;19080731;   5;   2;   168.0;   -999;   -999;-999;eor
  1373;19080801;19080831;   5;   2;   211.0;   -999;   -999;-999;eor
  1373;19080901;19080930;   5;   2;   161.0;   -999;   -999;-999;eor
  1373;19081001;19081031;   5;   2;     6.0;   -999;   -999;-999;eor
  1373;19081101;19081130;   5;   2;    96.0;   -999;   -999;-999;eor
  1373;19081201;19081231;   5;   2;    27.0;   -999;   -999;-999;eor
  1373;19090101;19090131;   5;   2;    59.0;   -999;   -999;-999;eor
  1373;19090201;19090228;   5;   2;   158.0;   -999;   -999;-999;eor
  1373;19090301;19090331;   5;   2;    59.0;   -999;   -999;-999;eor
  1373;19090401;19090430;   5;   2;   123.0;   -999;   -999;-999;eor
  1373;19090501;19090531;   5;   2;   110.0;   -999;   -999;-999;eor
  1373;19090601;19090630;   5;   2;   190.0;   -999;   -999;-999;eor
  1373;19090701;19090731;   5;   2;   341.0;   -999;   -999;-999;eor
  1373;19090801;19090831;   5;   2;   179.0;   -999;   -999;-999;eor
  1373;19090901;19090930;   5;   2;   121.0;   -999;   -999;-999;eor
  1373;19091001;19091031;   5;   2;   129.0;   -999;   -999;-999;eor
  1373;19091101;19091130;   5;   2;   130.0;   -999;   -999;-999;eor
  1373;19091201;19091231;   5;   2;   159.0;   -999;   -999;-999;eor
  1373;19100101;19100131;   5;   2;   232.0;   -999;   -999;-999;eor
  1373;19100201;19100228;   5;   2;   107.0;   -999;   -999;-999;eor
  1373;19100301;19100331;   5;   2;    81.0;   -999;   -999;-999;eor
  1373;19100401;19100430;   5;   2;   227.0;   -999;   -999;-999;eor
  1373;19100501;19100531;   5;   2;   163.0;   -999;   -999;-999;eor
  1373;19100601;19100630;   5;   2;   245.0;   -999;   -999;-999;eor
  1373;19100701;19100731;   5;   2;   288.0;   -999;   -999;-999;eor
  1373;19100801;19100831;   5;   2;   195.0;   -999;   -999;-999;eor
  1373;19100901;19100930;   5;   2;   214.0;   -999;   -999;-999;eor
  1373;19101001;19101031;   5;   2;    50.0;   -999;   -999;-999;eor
  1373;19101101;19101130;   5;   2;   204.0;   -999;   -999;-999;eor
  1373;19101201;19101231;   5;   2;    83.0;   -999;   -999;-999;eor
  1373;19110101;19110131;   5;   2;    37.0;   -999;   -999;-999;eor
  1373;19110201;19110228;   5;   2;    98.0;   -999;   -999;-999;eor
  1373;19110301;19110331;   5;   2;    58.0;   -999;   -999;-999;eor
  1373;19110401;19110430;   5;   2;   133.0;   -999;   -999;-999;eor
  1373;19110501;19110531;   5;   2;   227.0;   -999;   -999;-999;eor
  1373;19110601;19110630;   5;   2;   229.0;   -999;   -999;-999;eor
  1373;19110701;19110731;   5;   2;    79.0;   -999;   -999;-999;eor
  1373;19110801;19110831;   5;   2;    86.0;   -999;   -999;-999;eor
  1373;19110901;19110930;   5;   2;    92.0;   -999;   -999;-999;eor
  1373;19111001;19111031;   5;   2;    99.0;   -999;   -999;-999;eor
  1373;19111101;19111130;   5;   2;    54.0;   -999;   -999;-999;eor
  1373;19111201;19111231;   5;   2;   130.0;   -999;   -999;-999;eor
  1373;19120101;19120131;   5;   2;   222.0;   -999;   -999;-999;eor
  1373;19120201;19120229;   5;   2;    77.0;   -999;   -999;-999;eor
  1373;19120301;19120331;   5;   2;   152.0;   -999;   -999;-999;eor
  1373;19120401;19120430;   5;   2;   160.0;   -999;   -999;-999;eor
  1373;19120501;19120531;   5;   2;   344.0;   -999;   -999;-999;eor
  1373;19120601;19120630;   5;   2;   211.0;   -999;   -999;-999;eor
  1373;19120701;19120731;   5;   2;   261.0;   -999;   -999;-999;eor
  1373;19120801;19120831;   5;   2;   267.0;   -999;   -999;-999;eor
  1373;19120901;19120930;   5;   2;   292.0;   -999;   -999;-999;eor
  1373;19121001;19121031;   5;   2;   122.0;   -999;   -999;-999;eor
  1373;19121101;19121130;   5;   2;   141.0;   -999;   -999;-999;eor
  1373;19121201;19121231;   5;   2;    79.0;   -999;   -999;-999;eor
  1373;19130101;19130131;   5;   2;   145.0;   -999;   -999;-999;eor
  1373;19130201;19130228;   5;   2;    60.0;   -999;   -999;-999;eor
  1373;19130301;19130331;   5;   2;    63.0;   -999;   -999;-999;eor
  1373;19130401;19130430;   5;   2;    87.0;   -999;   -999;-999;eor
  1373;19130501;19130531;   5;   2;   135.0;   -999;   -999;-999;eor
  1373;19130601;19130630;   5;   2;   296.0;   -999;   -999;-999;eor
  1373;19130701;19130731;   5;   2;   314.0;   -999;   -999;-999;eor
  1373;19130801;19130831;   5;   2;   249.0;   -999;   -999;-999;eor
  1373;19130901;19130930;   5;   2;   179.0;   -999;   -999;-999;eor
  1373;19131001;19131031;   5;   2;    97.0;   -999;   -999;-999;eor
  1373;19131101;19131130;   5;   2;   244.0;   -999;   -999;-999;eor
  1373;19131201;19131231;   5;   2;   212.0;   -999;   -999;-999;eor
  1373;19140101;19140131;   5;   2;   165.0;   -999;   -999;-999;eor
  1373;19140201;19140228;   5;   2;    20.0;   -999;   -999;-999;eor
  1373;19140301;19140331;   5;   2;   324.0;   -999;   -999;-999;eor
  1373;19140401;19140430;   5;   2;   153.0;   -999;   -999;-999;eor
  1373;19140501;19140531;   5;   2;   175.0;   -999;   -999;-999;eor
  1373;19140601;19140630;   5;   2;   215.0;   -999;   -999;-999;eor
  1373;19140701;19140731;   5;   2;   211.0;   -999;   -999;-999;eor
  1373;19140801;19140831;   5;   2;   123.0;   -999;   -999;-999;eor
  1373;19140901;19140930;   5;   2;   246.0;   -999;   -999;-999;eor
  1373;19141001;19141031;   5;   2;   126.0;   -999;   -999;-999;eor
  1373;19141101;19141130;   5;   2;   106.0;   -999;   -999;-999;eor
  1373;19141201;19141231;   5;   2;    39.0;   -999;   -999;-999;eor
  1373;19150101;19150131;   5;   2;   192.0;   -999;   -999;-999;eor
  1373;19150201;19150228;   5;   2;    81.0;   -999;   -999;-999;eor
  1373;19150301;19150331;   5;   2;   188.0;   -999;   -999;-999;eor
  1373;19150401;19150430;   5;   2;   105.0;   -999;   -999;-999;eor
  1373;19150501;19150531;   5;   2;   127.0;   -999;   -999;-999;eor
  1373;19150601;19150630;   5;   2;   141.0;   -999;   -999;-999;eor
  1373;19150701;19150731;   5;   2;   250.0;   -999;   -999;-999;eor
  1373;19150801;19150831;   5;   2;   210.0;   -999;   -999;-999;eor
  1373;19150901;19150930;   5;   2;   102.0;   -999;   -999;-999;eor
  1373;19151001;19151031;   5;   2;    81.0;   -999;   -999;-999;eor
  1373;19151101;19151130;   5;   2;   107.0;   -999;   -999;-999;eor
  1373;19151201;19151231;   5;   2;   163.0;   -999;   -999;-999;eor
  1373;19160101;19160131;   5;   2;   130.0;   -999;   -999;-999;eor
  1373;19160201;19160229;   5;   2;   140.0;   -999;   -999;-999;eor
  1373;19160301;19160331;   5;   2;   118.0;   -999;   -999;-999;eor
  1373;19160401;19160430;   5;   2;   111.0;   -999;   -999;-999;eor
  1373;19160501;19160531;   5;   2;   114.0;   -999;   -999;-999;eor
  1373;19160601;19160630;   5;   2;   264.0;   -999;   -999;-999;eor
  1373;19160701;19160731;   5;   2;   368.0;   -999;   -999;-999;eor
  1373;19160801;19160831;   5;   2;   218.0;   -999;   -999;-999;eor
  1373;19160901;19160930;   5;   2;   298.0;   -999;   -999;-999;eor
  1373;19161001;19161031;   5;   2;   163.0;   -999;   -999;-999;eor
  1373;19161101;19161130;   5;   2;   114.0;   -999;   -999;-999;eor
  1373;19161201;19161231;   5;   2;    91.0;   -999;   -999;-999;eor
  1373;19170101;19170131;   5;   2;   177.0;   -999;   -999;-999;eor
  1373;19170201;19170228;   5;   2;    49.0;   -999;   -999;-999;eor
  1373;19170301;19170331;   5;   2;    76.0;   -999;   -999;-999;eor
  1373;19170401;19170430;   5;   2;   229.0;   -999;   -999;-999;eor
  1373;19170501;19170531;   5;   2;    85.0;   -999;   -999;-999;eor
  1373;19170601;19170630;   5;   2;   159.0;   -999;   -999;-999;eor
  1373;19170701;19170731;   5;   2;   246.0;   -999;   -999;-999;eor
  1373;19170801;19170831;   5;   2;   231.0;   -999;   -999;-999;eor
  1373;19170901;19170930;   5;   2;   126.0;   -999;   -999;-999;eor
  1373;19171001;19171031;   5;   2;   235.0;   -999;   -999;-999;eor
  1373;19171101;19171130;   5;   2;   119.0;   -999;   -999;-999;eor
  1373;19171201;19171231;   5;   2;    75.0;   -999;   -999;-999;eor
  1373;19180101;19180131;   5;   2;    72.0;   -999;   -999;-999;eor
  1373;19180201;19180228;   5;   2;    99.0;   -999;   -999;-999;eor
  1373;19180301;19180331;   5;   2;    41.0;   -999;   -999;-999;eor
  1373;19180401;19180430;   5;   2;    83.0;   -999;   -999;-999;eor
  1373;19180501;19180531;   5;   2;    99.0;   -999;   -999;-999;eor
  1373;19180601;19180630;   5;   2;   316.0;   -999;   -999;-999;eor
  1373;19180701;19180731;   5;   2;   246.0;   -999;   -999;-999;eor
  1373;19180801;19180831;   5;   2;   317.0;   -999;   -999;-999;eor
  1373;19180901;19180930;   5;   2;   114.0;   -999;   -999;-999;eor
  1373;19181001;19181031;   5;   2;    69.0;   -999;   -999;-999;eor
  1373;19181101;19181130;   5;   2;    44.0;   -999;   -999;-999;eor
  1373;19181201;19181231;   5;   2;   283.0;   -999;   -999;-999;eor
  1373;19190101;19190131;   5;   2;    92.0;   -999;   -999;-999;eor
  1373;19190201;19190228;   5;   2;    69.0;   -999;   -999;-999;eor
  1373;19190301;19190331;   5;   2;   127.0;   -999;   -999;-999;eor
  1373;19190401;19190430;   5;   2;   158.0;   -999;   -999;-999;eor
  1373;19190501;19190531;   5;   2;   135.0;   -999;   -999;-999;eor
  1373;19190601;19190630;   5;   2;   279.0;   -999;   -999;-999;eor
  1373;19190701;19190731;   5;   2;   302.0;   -999;   -999;-999;eor
  1373;19190801;19190831;   5;   2;   131.0;   -999;   -999;-999;eor
  1373;19190901;19190930;   5;   2;   147.0;   -999;   -999;-999;eor
  1373;19191001;19191031;   5;   2;   103.0;   -999;   -999;-999;eor
  1373;19191101;19191130;   5;   2;   181.0;   -999;   -999;-999;eor
  1373;19191201;19191231;   5;   2;   266.0;   -999;   -999;-999;eor
  1373;19200101;19200131;   5;   2;   170.0;   -999;   -999;-999;eor
  1373;19200201;19200229;   5;   2;    77.0;   -999;   -999;-999;eor
  1373;19200301;19200331;   5;   2;    63.0;   -999;   -999;-999;eor
  1373;19200401;19200430;   5;   2;   134.0;   -999;   -999;-999;eor
  1373;19200501;19200531;   5;   2;   213.0;   -999;   -999;-999;eor
  1373;19200601;19200630;   5;   2;   192.0;   -999;   -999;-999;eor
  1373;19200701;19200731;   5;   2;   256.0;   -999;   -999;-999;eor
  1373;19200801;19200831;   5;   2;   166.0;   -999;   -999;-999;eor
  1373;19200901;19200930;   5;   2;   276.0;   -999;   -999;-999;eor
  1373;19201001;19201031;   5;   2;    14.0;   -999;   -999;-999;eor
  1373;19201101;19201130;   5;   2;     6.0;   -999;   -999;-999;eor
  1373;19201201;19201231;   5;   2;    71.0;   -999;   -999;-999;eor
  1373;19210101;19210131;   5;   2;   179.0;   -999;   -999;-999;eor
  1373;19210201;19210228;   5;   2;    37.0;   -999;   -999;-999;eor
  1373;19210301;19210331;   5;   2;    30.0;   -999;   -999;-999;eor
  1373;19210401;19210430;   5;   2;   153.0;   -999;   -999;-999;eor
  1373;19210501;19210531;   5;   2;   115.0;   -999;   -999;-999;eor
  1373;19210601;19210630;   5;   2;   338.0;   -999;   -999;-999;eor
  1373;19210701;19210731;   5;   2;   116.0;   -999;   -999;-999;eor
  1373;19210801;19210831;   5;   2;   104.0;   -999;   -999;-999;eor
  1373;19210901;19210930;   5;   2;   136.0;   -999;   -999;-999;eor
  1373;19211001;19211031;   5;   2;   123.0;   -999;   -999;-999;eor
  1373;19211101;19211130;   5;   2;   152.0;   -999;   -999;-999;eor
  1373;19211201;19211231;   5;   2;    57.0;   -999;   -999;-999;eor
  1373;19220101;19220131;   5;   2;   267.0;   -999;   -999;-999;eor
  1373;19220201;19220228;   5;   2;   122.0;   -999;   -999;-999;eor
  1373;19220301;19220331;   5;   2;   101.0;   -999;   -999;-999;eor
  1373;19220401;19220430;   5;   2;   148.0;   -999;   -999;-999;eor
  1373;19220501;19220531;   5;   2;   102.0;   -999;   -999;-999;eor
  1373;19220601;19220630;   5;   2;   216.0;   -999;   -999;-999;eor
  1373;19220701;19220731;   5;   2;   233.0;   -999;   -999;-999;eor
  1373;19220801;19220831;   5;   2;   181.0;   -999;   -999;-999;eor
  1373;19220901;19220930;   5;   2;   348.0;   -999;   -999;-999;eor
  1373;19221001;19221031;   5;   2;   114.0;   -999;   -999;-999;eor
  1373;19221101;19221130;   5;   2;   169.0;   -999;   -999;-999;eor
  1373;19221201;19221231;   5;   2;    91.0;   -999;   -999;-999;eor
  1373;19230101;19230131;   5;   2;   178.0;   -999;   -999;-999;eor
  1373;19230201;19230228;   5;   2;   211.0;   -999;   -999;-999;eor
  1373;19230301;19230331;   5;   2;    66.0;   -999;   -999;-999;eor
  1373;19230401;19230430;   5;   2;   123.0;   -999;   -999;-999;eor
  1373;19230501;19230531;   5;   2;    79.0;   -999;   -999;-999;eor
  1373;19230601;19230630;   5;   2;   276.0;   -999;   -999;-999;eor
  1373;19230701;19230731;   5;   2;   114.0;   -999;   -999;-999;eor
  1373;19230801;19230831;   5;   2;   187.0;   -999;   -999;-999;eor
  1373;19230901;19230930;   5;   2;    83.0;   -999;   -999;-999;eor
  1373;19231001;19231031;   5;   2;   132.0;   -999;   -999;-999;eor
  1373;19231101;19231130;   5;   2;   119.0;   -999;   -999;-999;eor
  1373;19231201;19231231;   5;   2;   198.0;   -999;   -999;-999;eor
  1373;19240101;19240131;   1;   2;    42.2;   -999;   2092;   11.6;eor
  1373;19240201;19240229;   1;   2;    78.7;   -999;   2434;   12.2;eor
  1373;19240301;19240331;   1;   2;    38.0;   -999;   2218;    6.6;eor
  1373;19240401;19240430;   1;   2;   154.4;   -999;    105;   37.8;eor
  1373;19240501;19240531;   1;   2;   191.9;   -999;      8;   42.1;eor
  1373;19240601;19240630;   1;   2;   198.6;   -999;      0;   46.6;eor
  1373;19240701;19240731;   1;   2;   268.7;   -999;      0;   69.1;eor
  1373;19240801;19240831;   1;   2;   241.8;   -999;      0;   18.7;eor
  1373;19240901;19240930;   1;   2;   224.6;   -999;      0;   46.1;eor
  1373;19241001;19241031;   1;   2;    54.1;   -999;      0;   18.1;eor
  1373;19241101;19241130;   1;   2;    52.4;   -999;     48;   22.8;eor
  1373;19241201;19241231;   1;   2;    43.4;   -999;      6;   21.6;eor
  1373;19250101;19250131;   1;   2;    68.8;   -999;    153;   36.0;eor
  1373;19250201;19250228;   1;   2;    88.9;   -999;    223;   16.8;eor
  1373;19250301;19250331;   1;   2;    90.7;   -999;    719;   17.0;eor
  1373;19250401;19250430;   1;   2;   149.3;   -999;   -999;   21.6;eor
  1373;19250501;19250531;   1;   2;    93.8;   -999;      0;   29.7;eor
  1373;19250601;19250630;   1;   2;   148.9;   -999;      0;   22.0;eor
  1373;19250701;19250731;   1;   2;   173.2;   -999;      0;   25.2;eor
  1373;19250801;19250831;   1;   2;   386.1;   -999;      0;  104.1;eor
  1373;19250901;19250930;   1;   2;   141.7;   -999;      0;   26.3;eor
  1373;19251001;19251031;   1;   2;   151.7;   -999;     10;   58.2;eor
  1373;19251101;19251130;   1;   2;    50.7;   -999;    143;   11.6;eor
  1373;19251201;19251231;   1;   2;   155.8;   -999;    810;   38.5;eor
  1373;19260101;19260131;   1;   2;    81.1;   -999;    314;   11.4;eor
  1373;19260201;19260228;   1;   2;    62.6;   -999;      0;   19.2;eor
  1373;19260301;19260331;   1;   2;   151.6;   -999;   -999;   24.3;eor
  1373;19260401;19260430;   1;   2;    67.8;   -999;      0;   30.0;eor
  1373;19260501;19260531;   1;   2;   152.0;   -999;      0;   40.0;eor
  1373;19260601;19260630;   1;   2;   377.9;   -999;      0;   70.0;eor
  1373;19260701;19260731;   5;   2;   341.0;   -999;   -999;   38.2;eor
  1373;19260801;19260831;   1;   2;   113.4;   -999;      0;   23.9;eor
  1373;19260901;19260930;   1;   2;    40.3;   -999;      0;   10.0;eor
  1373;19261001;19261031;   1;   2;   110.3;   -999;      0;   28.0;eor
  1373;19261101;19261130;   1;   2;    32.1;   -999;      0;   21.1;eor
  1373;19261201;19261231;   1;   2;   118.9;   -999;    751;   34.5;eor
  1373;19270101;19270131;   1;   2;   144.7;   -999;    752;   34.2;eor
  1373;19270201;19270228;   1;   2;    74.3;   -999;    918;   16.3;eor
  1373;19270301;19270331;   1;   2;    62.9;   -999;     17;   24.3;eor
  1373;19270401;19270430;   1;   2;   200.2;   -999;      6;   33.0;eor
  1373;19270501;19270531;   1;   2;   146.0;   -999;      6;   22.5;eor
  1373;19270601;19270630;   1;   2;   135.9;   -999;      0;   22.4;eor
  1373;19270701;19270731;   1;   2;   143.3;   -999;      0;   17.0;eor
  1373;19270801;19270831;   1;   2;   178.2;   -999;      0;   42.4;eor
  1373;19270901;19270930;   1;   2;   209.0;   -999;      0;   25.5;eor
  1373;19271001;19271031;   1;   2;    47.9;   -999;      0;   20.0;eor
  1373;19271101;19271130;   1;   2;    94.5;   -999;     72;   28.0;eor
  1373;19271201;19271231;   1;   2;    27.8;   -999;    117;   16.5;eor
  1373;19280101;19280131;   1;   2;    79.7;   -999;     84;   21.6;eor
  1373;19280201;19280229;   1;   2;   107.8;   -999;    174;   31.0;eor
  1373;19280301;19280331;   1;   2;    43.6;   -999;      2;   15.2;eor
  1373;19280401;19280430;   1;   2;    78.1;   -999;      0;   13.7;eor
  1373;19280501;19280531;   1;   2;   110.5;   -999;     10;   19.0;eor
  1373;19280601;19280630;   1;   2;   181.5;   -999;      0;   20.5;eor
  1373;19280701;19280731;   1;   2;   108.0;   -999;      0;   33.0;eor
  1373;19280801;19280831;   5;   2;   250.0;   -999;   -999;   -999;eor
  1373;19280901;19280930;   5;   2;   100.0;   -999;   -999;   -999;eor
  1373;19281001;19281031;   1;   2;    68.4;   -999;      0;   15.0;eor
  1373;19281101;19281130;   1;   2;   145.4;   -999;     93;   22.5;eor
  1373;19281201;19281231;   1;   2;   132.0;   -999;   1326;   35.0;eor
  1373;19290101;19290131;   1;   2;    82.8;   -999;   1437;   11.0;eor
  1373;19290201;19290228;   1;   2;    23.2;   -999;   1501;    9.4;eor
  1373;19290301;19290331;   1;   2;    26.7;   -999;    578;    9.5;eor
  1373;19290401;19290430;   1;   2;   135.1;   -999;    168;   19.0;eor
  1373;19290501;19290531;   1;   2;    68.3;   -999;      0;   10.0;eor
  1373;19290601;19290630;   1;   2;   166.9;   -999;      0;   20.2;eor
  1373;19290701;19290731;   1;   2;   194.8;   -999;      0;   45.5;eor
  1373;19290801;19290831;   1;   2;   174.7;   -999;      0;   82.2;eor
  1373;19290901;19290930;   1;   2;    76.4;   -999;      0;   28.3;eor
  1373;19291001;19291031;   1;   2;   118.9;   -999;      0;   28.1;eor
  1373;19291101;19291130;   1;   2;   135.9;   -999;      0;   43.2;eor
  1373;19291201;19291231;   1;   2;   161.9;   -999;    324;   39.5;eor
  1373;19300101;19300131;   1;   2;    48.0;   -999;     17;   16.0;eor
  1373;19300201;19300228;   1;   2;    23.5;   -999;    328;   10.1;eor
  1373;19300301;19300331;   1;   2;    80.6;   -999;     89;   13.6;eor
  1373;19300401;19300430;   1;   2;   119.3;   -999;     33;   38.5;eor
  1373;19300501;19300531;   1;   2;   312.3;   -999;      0;  120.2;eor
  1373;19300601;19300630;   1;   2;   130.4;   -999;      0;   50.3;eor
  1373;19300701;19300731;   1;   2;   126.9;   -999;      0;   26.3;eor
  1373;19300801;19300831;   1;   2;   263.5;   -999;      0;   38.2;eor
  1373;19300901;19300930;   1;   2;   197.2;   -999;      0;   45.4;eor
  1373;19301001;19301031;   1;   2;   192.9;   -999;      0;   20.0;eor
  1373;19301101;19301130;   1;   2;   121.0;   -999;     14;   30.0;eor
  1373;19301201;19301231;   1;   2;    63.9;   -999;    187;   12.6;eor
  1373;19310101;19310131;   5;   2;   160.9;   -999;    398;   36.2;eor
  1373;19310201;19310228;   5;   2;   139.2;   -999;   1334;   28.4;eor
  1373;19310301;19310331;   5;   2;    83.3;   -999;   1343;   18.5;eor
  1373;19310401;19310430;   5;   2;   139.9;   -999;      0;   25.5;eor
  1373;19310501;19310531;   5;   2;    86.4;   -999;      0;   25.6;eor
  1373;19310601;19310630;   5;   2;   240.2;   -999;      0;   50.0;eor
  1373;19310701;19310731;   5;   2;   278.2;   -999;      0;   46.0;eor
  1373;19310801;19310831;   5;   2;   222.2;   -999;      0;   65.0;eor
  1373;19310901;19310930;   5;   2;   252.0;   -999;     25;   43.4;eor
  1373;19311001;19311031;   5;   2;   120.3;   -999;     23;   26.1;eor
  1373;19311101;19311130;   5;   2;    39.4;   -999;      0;   13.1;eor
  1373;19311201;19311231;   5;   2;   106.2;   -999;    540;   19.7;eor
  1373;19320101;19320131;   5;   2;   125.5;   -999;     49;   52.3;eor
  1373;19320201;19320229;   5;   2;    41.4;   -999;    265;   10.7;eor
  1373;19320301;19320331;   5;   2;    90.0;   -999;    709;   25.0;eor
  1373;19320401;19320430;   5;   2;   119.8;   -999;      6;   32.0;eor
  1373;19320501;19320531;   5;   2;   193.3;   -999;      0;   70.4;eor
  1373;19320601;19320630;   5;   2;   201.3;   -999;      0;   60.7;eor
  1373;19320701;19320731;   5;   2;   258.3;   -999;      0;   48.8;eor
  1373;19320801;19320831;   5;   2;   154.7;   -999;      0;   58.9;eor
  1373;19320901;19320930;   5;   2;   166.3;   -999;      0;   38.0;eor
  1373;19321001;19321031;   5;   2;   188.7;   -999;      0;   33.5;eor
  1373;19321101;19321130;   5;   2;   105.1;   -999;     14;   31.2;eor
  1373;19321201;19321231;   5;   2;    17.9;   -999;     18;    8.6;eor
  1373;19330101;19330131;   5;   2;    95.1;   -999;    576;   26.6;eor
  1373;19330201;19330228;   5;   2;   123.7;   -999;    340;   32.8;eor
  1373;19330301;19330331;   5;   2;    46.9;   -999;     47;   15.9;eor
  1373;19330401;19330430;   5;   2;   142.4;   -999;     19;   14.9;eor
  1373;19330501;19330531;   5;   2;   298.1;   -999;      0;   45.8;eor
  1373;19330601;19330630;   5;   2;   193.6;   -999;      0;   32.7;eor
  1373;19330701;19330731;   5;   2;   187.7;   -999;      0;   34.7;eor
  1373;19330801;19330831;   5;   2;   143.2;   -999;      0;   31.5;eor
  1373;19330901;19330930;   5;   2;   113.2;   -999;      0;   24.4;eor
  1373;19331001;19331031;   5;   2;   162.6;   -999;      4;   37.5;eor
  1373;19331101;19331130;   5;   2;   100.2;   -999;     98;   24.6;eor
  1373;19331201;19331231;   5;   2;    66.9;   -999;    709;   24.0;eor
  1373;19340101;19340131;   5;   2;   112.9;   -999;   1292;   20.0;eor
  1373;19340201;19340228;   5;   2;    31.7;   -999;   1195;   13.9;eor
  1373;19340301;19340331;   5;   2;    57.0;   -999;    166;   12.3;eor
  1373;19340401;19340430;   5;   2;    50.3;   -999;      7;   25.1;eor
  1373;19340501;19340531;   5;   2;    25.1;   -999;      0;    9.5;eor
  1373;19340601;19340630;   5;   2;   261.6;   -999;      0;   48.2;eor
  1373;19340701;19340731;   5;   2;   161.4;   -999;      0;   23.7;eor
  1373;19340801;19340831;   5;   2;   232.2;   -999;      0;   79.1;eor
  1373;19340901;19340930;   5;   2;    53.4;   -999;      0;   14.0;eor
  1373;19341001;19341031;   5;   2;   104.3;   -999;      0;   18.1;eor
  1373;19341101;19341130;   5;   2;    31.1;   -999;      9;    7.2;eor
  1373;19341201;19341231;   5;   2;    78.7;   -999;      0;   18.2;eor
  1373;19350101;19350131;   5;   2;   108.1;   -999;    869;   23.0;eor
  1373;19350201;19350228;   5;   2;   253.7;   -999;    666;   50.0;eor
  1373;19350301;19350331;   5;   2;   118.3;   -999;    465;   37.8;eor
  1373;19350401;19350430;   5;   2;   216.0;   -999;     42;   25.5;eor
  1373;19350501;19350531;   5;   2;   152.4;   -999;      0;   34.4;eor
  1373;19350601;19350630;   5;   2;   149.8;   -999;      0;   31.9;eor
  1373;19350701;19350731;   5;   2;   202.6;   -999;      0;   47.9;eor
  1373;19350801;19350831;   5;   2;   111.7;   -999;      0;   19.6;eor
  1373;19350901;19350930;   5;   2;   130.0;   -999;      0;   21.4;eor
  1373;19351001;19351031;   5;   2;   201.4;   -999;     28;   58.8;eor
  1373;19351101;19351130;   5;   2;    77.7;   -999;      9;   20.1;eor
  1373;19351201;19351231;   5;   2;    63.4;   -999;    279;   31.0;eor
  1373;19360101;19360131;   5;   2;   139.0;   -999;    319;   29.5;eor
  1373;19360201;19360229;   5;   2;    65.4;   -999;    252;   14.1;eor
  1373;19360301;19360331;   5;   2;    29.4;   -999;      4;    6.2;eor
  1373;19360401;19360430;   5;   2;   130.8;   -999;     16;   28.1;eor
  1373;19360501;19360531;   5;   2;   142.2;   -999;      0;   28.6;eor
  1373;19360601;19360630;   5;   2;   247.0;   -999;      0;   50.3;eor
  1373;19360701;19360731;   5;   2;   272.2;   -999;      0;   39.1;eor
  1373;19360801;19360831;   5;   2;   135.5;   -999;      0;   24.7;eor
  1373;19360901;19360930;   5;   2;   164.3;   -999;      0;   26.1;eor
  1373;19361001;19361031;   5;   2;   195.9;   -999;    263;   38.2;eor
  1373;19361101;19361130;   5;   2;    51.8;   -999;      0;   20.5;eor
  1373;19361201;19361231;   5;   2;    83.5;   -999;     85;   24.8;eor
  1373;19370101;19370131;   5;   2;   112.1;   -999;    134;   23.0;eor
  1373;19370201;19370228;   5;   2;   210.6;    162;    646;   28.0;eor
  1373;19370301;19370331;   5;   2;    65.8;     35;    378;   15.2;eor
  1373;19370401;19370430;   5;   2;   167.3;      0;      0;   35.8;eor
  1373;19370501;19370531;   5;   2;   112.6;      0;      0;   22.1;eor
  1373;19370601;19370630;   5;   2;   233.2;      0;      0;   37.0;eor
  1373;19370701;19370731;   5;   2;   137.4;      0;      0;   31.2;eor
  1373;19370801;19370831;   5;   2;   243.3;      0;      0;   59.9;eor
  1373;19370901;19370930;   5;   2;   337.9;      0;      0;   62.5;eor
  1373;19371001;19371031;   5;   2;   112.1;      0;      0;   37.5;eor
  1373;19371101;19371130;   5;   2;    77.0;     45;    157;   19.5;eor
  1373;19371201;19371231;   5;   2;   105.8;     58;    415;   16.8;eor
  1373;19380101;19380131;   5;   2;   155.0;    140;    659;   29.2;eor
  1373;19380201;19380228;   5;   2;    91.6;     78;   1023;   26.9;eor
  1373;19380301;19380331;   5;   2;    90.7;     15;     64;   19.3;eor
  1373;19380401;19380430;   5;   2;   120.4;     64;    158;   20.4;eor
  1373;19380501;19380531;   5;   2;   111.4;      0;      0;   19.0;eor
  1373;19380601;19380630;   5;   2;   157.2;      0;      0;   51.2;eor
  1373;19380701;19380731;   5;   2;   160.5;      0;      0;   31.7;eor
  1373;19380801;19380831;   5;   2;   271.4;      0;      0;   42.4;eor
  1373;19380901;19380930;   5;   2;    73.4;      0;      0;   26.7;eor
  1373;19381001;19381031;   5;   2;    60.3;      0;      0;   19.5;eor
  1373;19381101;19381130;   5;   2;    51.8;      0;      0;   25.2;eor
  1373;19381201;19381231;   5;   2;    64.5;     65;    125;   11.5;eor
  1373;19390101;19390131;   5;   2;    45.1;     82;    581;    8.1;eor
  1373;19390201;19390228;   5;   2;    54.0;     33;    180;   18.5;eor
  1373;19390301;19390331;   5;   2;   236.6;    220;   1000;   39.5;eor
  1373;19390401;19390430;   5;   2;    33.0;      0;     34;   10.4;eor
  1373;19390501;19390531;   5;   2;   263.7;      0;      0;   42.0;eor
  1373;19390601;19390630;   5;   2;   195.1;      0;      0;   35.4;eor
  1373;19390701;19390731;   5;   2;   279.4;      0;      0;   72.4;eor
  1373;19390801;19390831;   5;   2;    93.7;      0;      0;   22.1;eor
  1373;19390901;19390930;   5;   2;   117.3;      0;      0;   20.0;eor
  1373;19391001;19391031;   5;   2;   198.0;     30;     43;   37.8;eor
  1373;19391101;19391130;   5;   2;   216.9;     26;     51;   40.9;eor
  1373;19391201;19391231;   5;   2;    98.3;     69;    261;   30.6;eor
  1373;19400101;19400131;   5;   2;    62.9;     71;   1199;   40.0;eor
  1373;19400201;19400229;   5;   2;    94.0;     52;   1455;   43.6;eor
  1373;19400301;19400331;   5;   2;   106.3;     45;    373;   19.5;eor
  1373;19400401;19400430;   5;   2;    85.0;     20;     31;   24.1;eor
  1373;19400501;19400531;   5;   2;   377.0;      4;      4;  137.4;eor
  1373;19400601;19400630;   5;   2;    90.2;      0;      0;   18.7;eor
  1373;19400701;19400731;   5;   2;   181.8;      0;      0;   42.4;eor
  1373;19400801;19400831;   5;   2;   172.5;      0;      0;   31.6;eor
  1373;19400901;19400930;   5;   2;   275.1;      0;      0;   65.3;eor
  1373;19401001;19401031;   5;   2;    54.2;     16;     23;   18.9;eor
  1373;19401101;19401130;   5;   2;   107.8;     42;     70;   18.3;eor
  1373;19401201;19401231;   5;   2;    97.4;     54;   1367;   18.9;eor
  1373;19410101;19410131;   5;   2;    75.4;     27;    657;   17.4;eor
  1373;19410201;19410228;   5;   2;    87.0;     80;    438;   19.3;eor
  1373;19410301;19410331;   5;   2;   117.1;     15;     30;   53.9;eor
  1373;19410401;19410430;   5;   2;    84.2;     28;     93;    9.6;eor
  1373;19410501;19410531;   5;   2;   154.0;      0;      0;   36.1;eor
  1373;19410601;19410630;   5;   2;   127.5;      0;      0;   27.8;eor
  1373;19410701;19410731;   5;   2;   214.3;      0;      0;   33.4;eor
  1373;19410801;19410831;   5;   2;   279.1;      0;      0;   40.0;eor
  1373;19410901;19410930;   5;   2;   105.6;      0;      0;   24.6;eor
  1373;19411001;19411031;   5;   2;   248.1;     57;    224;   48.8;eor
  1373;19411101;19411130;   5;   2;    96.4;     12;    287;   24.2;eor
  1373;19411201;19411231;   5;   2;   135.1;     88;    370;   30.0;eor
  1373;19420101;19420131;   5;   2;    79.6;     58;   1423;   15.6;eor
  1373;19420201;19420228;   5;   2;    53.3;     22;   2201;   14.7;eor
  1373;19420301;19420331;   5;   2;    71.1;      0;    438;   25.2;eor
  1373;19420401;19420430;   5;   2;   108.6;     10;     12;   17.2;eor
  1373;19420501;19420531;   5;   2;   107.9;      0;     15;   18.9;eor
  1373;19420601;19420630;   5;   2;   163.0;      0;      0;   39.6;eor
  1373;19420701;19420731;   5;   2;   186.4;      0;      0;   35.5;eor
  1373;19420801;19420831;   5;   2;   123.2;      0;      0;   32.8;eor
  1373;19420901;19420930;   5;   2;    58.5;      0;      0;   18.4;eor
  1373;19421001;19421031;   5;   2;   115.1;      0;      0;   30.9;eor
  1373;19421101;19421130;   5;   2;    81.8;     61;    441;   16.0;eor
  1373;19421201;19421231;   5;   2;    37.8;     17;    180;   16.2;eor
  1373;19430101;19430131;   5;   2;    60.3;     53;    423;   12.9;eor
  1373;19430201;19430228;   5;   2;    83.1;     62;    333;   19.4;eor
  1373;19430301;19430331;   5;   2;    60.2;     18;     39;   14.8;eor
  1373;19430401;19430430;   5;   2;   148.7;     27;      8;   50.3;eor
  1373;19430501;19430531;   5;   2;   155.5;      0;      0;   23.1;eor
  1373;19430601;19430630;   5;   2;   221.6;      0;      0;   37.9;eor
  1373;19430701;19430731;   5;   2;   183.6;      0;      0;   41.5;eor
  1373;19430801;19430831;   5;   2;    96.7;      0;      0;   18.0;eor
  1373;19430901;19430930;   5;   2;   158.6;      0;      0;   43.7;eor
  1373;19431001;19431031;   5;   2;     0.0;      0;      0;    0.0;eor
  1373;19431101;19431130;   5;   2;   100.1;     36;     39;   17.4;eor
  1373;19431201;19431231;   5;   2;    72.0;     37;    241;   15.2;eor
  1373;19440101;19440131;   5;   2;   203.7;     35;    132;   74.4;eor
  1373;19440201;19440229;   5;   2;   169.3;    127;   1142;   24.6;eor
  1373;19440301;19440331;   5;   2;   246.4;    123;   1852;   32.0;eor
  1373;19440401;19440430;   5;   2;   145.9;      5;    377;   30.7;eor
  1373;19440501;19440531;   5;   2;   131.3;      0;      0;   23.3;eor
  1373;19440601;19440630;   5;   2;   147.6;      0;      0;   29.5;eor
  1373;19440701;19440731;   5;   2;   263.4;      0;      0;   56.0;eor
  1373;19440801;19440831;   5;   2;   104.6;      0;      0;   57.3;eor
  1373;19440901;19440930;   5;   2;   225.1;      0;      0;   29.0;eor
  1373;19441001;19441031;   5;   2;   128.4;      0;      0;   39.4;eor
  1373;19441101;19441130;   5;   2;   297.0;     88;    476;   68.3;eor
  1373;19441201;19441231;   5;   2;   103.7;     38;     59;   46.8;eor
  1373;19470101;19470131;   5;   2;   119.1;     40;   1023;   26.0;eor
  1373;19470201;19470228;   5;   2;    43.1;     13;    589;   11.9;eor
  1373;19470301;19470331;   5;   2;   136.6;     23;    169;   18.7;eor
  1373;19470401;19470430;   5;   2;   129.0;      0;      0;   31.9;eor
  1373;19470501;19470531;   5;   2;    48.6;      0;      0;   11.4;eor
  1373;19470601;19470630;   5;   2;   223.9;      0;      0;   67.6;eor
  1373;19470701;19470731;   5;   2;   192.2;      0;      0;   29.7;eor
  1373;19470801;19470831;   5;   2;    52.2;      0;      0;   15.6;eor
  1373;19470901;19470930;   5;   2;    31.4;      0;      0;    9.7;eor
  1373;19471001;19471031;   5;   2;    29.7;      0;      0;   15.7;eor
  1373;19471101;19471130;   5;   2;   312.5;     43;     77;   41.9;eor
  1373;19471201;19471231;   5;   2;   203.3;    133;    425;   38.5;eor
  1373;19480101;19480131;   5;   2;   193.0;     60;    315;   42.2;eor
  1373;19480201;19480229;   5;   2;   213.9;     63;    260;   40.5;eor
  1373;19480301;19480331;   5;   2;   148.1;      0;      9;   48.3;eor
  1373;19480401;19480430;   5;   2;    75.2;      0;      0;   13.0;eor
  1373;19480501;19480531;   5;   2;    70.1;      0;      0;   19.9;eor
  1373;19480601;19480630;   5;   2;   328.0;      0;      0;   54.3;eor
  1373;19480701;19480731;   5;   2;   270.4;      0;      0;   31.7;eor
  1373;19480801;19480831;   5;   2;   196.7;      0;      0;   34.4;eor
  1373;19480901;19480930;   5;   2;    87.2;      0;      0;   41.0;eor
  1373;19481001;19481031;   5;   2;    83.3;      0;      0;   39.0;eor
  1373;19481101;19481130;   5;   2;    45.6;      0;      0;   13.5;eor
  1373;19481201;19481231;   5;   2;    28.7;     14;    188;    9.6;eor
  1373;19490101;19490131;   5;   2;   103.3;     57;    167;   22.6;eor
  1373;19490201;19490228;   5;   2;    56.2;     52;    147;   22.5;eor
  1373;19490301;19490331;   5;   2;   120.0;    111;    368;   27.7;eor
  1373;19490401;19490430;   5;   2;   107.5;      9;     13;   32.2;eor
  1373;19490501;19490531;   5;   2;   268.7;      0;      0;   59.7;eor
  1373;19490601;19490630;   5;   2;   167.3;      0;      0;   39.7;eor
  1373;19490701;19490731;   5;   2;   113.5;      0;      0;   38.3;eor
  1373;19490801;19490831;   5;   2;   275.7;      0;      0;   52.4;eor
  1373;19490901;19490930;   5;   2;    87.5;      0;      0;   48.4;eor
  1373;19491001;19491031;   5;   2;    48.1;      0;      0;   17.0;eor
  1373;19491101;19491130;   5;   2;    91.5;     21;     66;   26.0;eor
  1373;19491201;19491231;   5;   2;   184.0;     50;    155;   44.1;eor
  1373;19500101;19500131;   5;   2;   154.9;     80;    416;   39.1;eor
  1373;19500201;19500228;   5;   2;    85.6;     45;    157;   29.5;eor
  1373;19500301;19500331;   5;   2;    43.4;      4;     39;    8.1;eor
  1373;19500401;19500430;   5;   2;   136.8;      2;      2;   23.4;eor
  1373;19500501;19500531;   5;   2;    69.6;      0;      0;   14.7;eor
  1373;19500601;19500630;   5;   2;   113.5;      0;      0;   40.6;eor
  1373;19500701;19500731;   5;   2;   248.1;      0;      0;   43.7;eor
  1373;19500801;19500831;   5;   2;   247.0;      0;      0;   51.5;eor
  1373;19500901;19500930;   5;   2;   190.6;      0;      0;   52.6;eor
  1373;19501001;19501031;   5;   2;    76.1;     20;     77;   17.1;eor
  1373;19501101;19501130;   5;   2;   172.4;     36;     88;   24.5;eor
  1373;19501201;19501231;   5;   2;    31.8;     25;    120;    5.4;eor
  1373;19510101;19510131;   5;   2;   207.3;    102;    505;   63.7;eor
  1373;19510201;19510228;   5;   2;    80.1;     59;    391;   19.8;eor
  1373;19510301;19510331;   5;   2;   124.2;     50;    294;   26.8;eor
  1373;19510401;19510430;   5;   2;    67.2;      7;      7;   17.8;eor
  1373;19510501;19510531;   5;   2;   175.9;      0;      0;   68.6;eor
  1373;19510601;19510630;   5;   2;   191.9;      0;      0;   20.5;eor
  1373;19510701;19510731;   5;   2;   211.4;      0;      0;   35.7;eor
  1373;19510801;19510831;   5;   2;   150.0;      0;      0;   31.6;eor
  1373;19510901;19510930;   5;   2;    88.0;      0;      0;   29.7;eor
  1373;19511001;19511031;   5;   2;    14.2;      0;      0;   14.2;eor
  1373;19511101;19511130;   5;   2;   127.2;      5;      5;   32.1;eor
  1373;19511201;19511231;   5;   2;    61.2;     27;     79;   12.6;eor
  1373;19520101;19520131;   5;   2;   122.7;    147;    999;   19.8;eor
  1373;19520201;19520229;   5;   2;   151.7;    156;   2323;   24.6;eor
  1373;19520301;19520331;   5;   2;   225.9;     38;   1196;   40.9;eor
  1373;19520401;19520430;   5;   2;    56.7;     24;     40;   13.9;eor
  1373;19520501;19520531;   5;   2;   133.0;      0;      0;   22.0;eor
  1373;19520601;19520630;   5;   2;   144.1;      0;      0;   17.5;eor
  1373;19520701;19520731;   5;   2;    91.6;      0;      0;   22.6;eor
  1373;19520801;19520831;   5;   2;   138.9;      0;      0;   34.8;eor
  1373;19520901;19520930;   5;   2;   193.9;      0;      0;   25.9;eor
  1373;19521001;19521031;   5;   2;   223.1;      0;      0;   22.4;eor
  1373;19521101;19521130;   5;   2;   253.8;     91;    622;   54.1;eor
  1373;19521201;19521231;   5;   2;    89.3;     96;    501;   16.5;eor
  1373;19530101;19530131;   5;   2;    35.7;     61;    924;   14.1;eor
  1373;19530201;19530228;   5;   2;    54.1;     99;   1374;   10.7;eor
  1373;19530301;19530331;   5;   2;    54.2;     23;    286;   14.0;eor
  1373;19530401;19530430;   5;   2;   108.8;      0;      0;   21.2;eor
  1373;19530501;19530531;   5;   2;   163.8;      3;      3;   24.1;eor
  1373;19530601;19530630;   5;   2;   152.6;      0;      0;   26.5;eor
  1373;19530701;19530731;   5;   2;   240.2;      0;      0;   39.4;eor
  1373;19530801;19530831;   5;   2;   109.9;      0;      0;   39.0;eor
  1373;19530901;19530930;   5;   2;    67.3;      0;      0;   26.0;eor
  1373;19531001;19531031;   5;   2;    50.8;      0;      0;   21.5;eor
  1373;19531101;19531130;   5;   2;    30.3;      0;      0;   27.7;eor
  1373;19531201;19531231;   5;   2;    66.1;     64;    128;   18.4;eor
  1373;19540101;19540131;   5;   2;   173.2;    160;   1418;   62.0;eor
  1373;19540201;19540228;   5;   2;    37.3;     19;    494;    8.9;eor
  1373;19540301;19540331;   5;   2;    63.2;     25;    157;   20.3;eor
  1373;19540401;19540430;   5;   2;   143.0;     57;    132;   28.9;eor
  1373;19540501;19540531;   5;   2;   216.3;      0;      0;   70.1;eor
  1373;19540601;19540630;   5;   2;   134.8;      0;      0;   25.8;eor
  1373;19540701;19540731;   5;   2;   436.2;      0;      0;  111.2;eor
  1373;19540801;19540831;   5;   2;   139.4;      0;      0;   31.8;eor
  1373;19540901;19540930;   5;   2;   240.3;      0;      0;   47.9;eor
  1373;19541001;19541031;   5;   2;   167.7;      0;      0;   44.5;eor
  1373;19541101;19541130;   5;   2;    80.4;     20;     72;   29.1;eor
  1373;19541201;19541231;   5;   2;   145.5;     52;    121;   19.7;eor
  1373;19550101;19550131;   5;   2;    99.8;     24;     98;   30.0;eor
  1373;19550201;19550228;   5;   2;   159.5;    146;    601;   36.2;eor
  1373;19550301;19550331;   5;   2;    64.6;     56;    831;   17.7;eor
  1373;19550401;19550430;   5;   2;   219.5;     31;     80;   40.3;eor
  1373;19550501;19550531;   5;   2;   170.4;      0;      0;   24.3;eor
  1373;19550601;19550630;   5;   2;   193.2;      0;      0;   30.4;eor
  1373;19550701;19550731;   5;   2;   311.3;      0;      0;   89.5;eor
  1373;19550801;19550831;   5;   2;   158.7;      0;      0;   68.5;eor
  1373;19550901;19550930;   5;   2;   112.5;      0;      0;   19.8;eor
  1373;19551001;19551031;   5;   2;    81.4;      2;      2;   24.7;eor
  1373;19551101;19551130;   5;   2;    38.7;     36;    124;   15.4;eor
  1373;19551201;19551231;   5;   2;   161.6;     32;     95;   24.8;eor
  1373;19560101;19560131;   5;   2;   150.2;     61;    154;   49.1;eor
  1373;19560201;19560229;   5;   2;    50.9;    106;   1188;   11.6;eor
  1373;19560301;19560331;   5;   2;   108.7;     47;    228;   41.2;eor
  1373;19560401;19560430;   5;   2;   125.6;     33;     75;   27.0;eor
  1373;19560501;19560531;   5;   2;   158.0;      0;      0;   45.6;eor
  1373;19560601;19560630;   5;   2;   291.6;      0;      0;   32.4;eor
  1373;19560701;19560731;   5;   2;   140.5;      0;      0;   22.6;eor
  1373;19560801;19560831;   5;   2;   216.4;      0;      0;   33.6;eor
  1373;19560901;19560930;   5;   2;   131.5;      0;      0;   53.4;eor
  1373;19561001;19561031;   5;   2;   182.4;     41;     75;   29.3;eor
  1373;19561101;19561130;   5;   2;    99.7;     23;    122;   27.7;eor
  1373;19561201;19561231;   5;   2;    95.9;     22;     87;   34.7;eor
  1373;19570101;19570131;   5;   2;    85.4;     42;    312;   27.9;eor
  1373;19570201;19570228;   5;   2;   218.4;     26;     56;   83.1;eor
  1373;19570301;19570331;   5;   2;    79.5;      3;     11;   26.7;eor
  1373;19570401;19570430;   5;   2;   139.1;     19;     33;   28.0;eor
  1373;19570501;19570531;   5;   2;   132.2;     19;     24;   19.8;eor
  1373;19570601;19570630;   5;   2;   171.7;      0;      0;   29.8;eor
  1373;19570701;19570731;   5;   2;   341.4;      0;      0;   41.2;eor
  1373;19570801;19570831;   5;   2;   196.2;      0;      0;   31.1;eor
  1373;19570901;19570930;   5;   2;   141.4;      0;      0;   25.8;eor
  1373;19571001;19571031;   5;   2;    26.8;      0;      0;   14.0;eor
  1373;19571101;19571130;   5;   2;    42.7;      0;      0;   18.9;eor
  1373;19571201;19571231;   5;   2;    43.3;     10;     19;   12.2;eor
  1373;19580101;19580131;   5;   2;    90.9;     65;    579;   16.8;eor
  1373;19580201;19580228;   5;   2;   254.3;     94;    391;   43.2;eor
  1373;19580301;19580331;   5;   2;    89.2;    104;    684;   16.6;eor
  1373;19580401;19580430;   5;   2;   113.4;     32;     52;   14.2;eor
  1373;19580501;19580531;   5;   2;    88.2;      0;      0;   19.9;eor
  1373;19580601;19580630;   5;   2;   314.7;      0;      0;   56.2;eor
  1373;19580701;19580731;   5;   2;   123.8;      0;      0;   25.3;eor
  1373;19580801;19580831;   5;   2;   137.1;      0;      0;   22.1;eor
  1373;19580901;19580930;   5;   2;   138.8;      0;      0;   32.4;eor
  1373;19581001;19581031;   5;   2;   241.7;      0;      0;   54.1;eor
  1373;19581101;19581130;   5;   2;    48.4;      0;      0;   23.8;eor
  1373;19581201;19581231;   5;   2;   124.5;     33;     59;   24.1;eor
  1373;19590101;19590131;   5;   2;   142.7;    149;    609;   29.3;eor
  1373;19590201;19590228;   5;   2;    29.5;     47;    132;   18.0;eor
  1373;19590301;19590331;   5;   2;    56.6;      0;      0;   24.7;eor
  1373;19590401;19590430;   5;   2;   169.4;      0;      0;   46.0;eor
  1373;19590501;19590531;   5;   2;   161.5;      0;      0;   71.8;eor
  1373;19590601;19590630;   5;   2;   336.3;      0;      0;  120.5;eor
  1373;19590701;19590731;   5;   2;   267.3;      0;      0;  145.3;eor
  1373;19590801;19590831;   5;   2;   183.1;      0;      0;   40.1;eor
  1373;19590901;19590930;   5;   2;    41.7;      0;      0;   17.2;eor
  1373;19591001;19591031;   5;   2;    40.5;      1;      1;   21.7;eor
  1373;19591101;19591130;   5;   2;    42.8;     12;     20;   15.9;eor
  1373;19591201;19591231;   5;   2;    86.4;      4;      7;   19.9;eor
  1373;19600101;19600131;   5;   2;   150.7;     89;    603;   34.2;eor
  1373;19600201;19600229;   5;   2;    92.2;     35;    129;   32.5;eor
  1373;19600301;19600331;   5;   2;   150.6;     29;     77;   32.4;eor
  1373;19600401;19600430;   5;   2;   104.4;     20;     33;   19.4;eor
  1373;19600501;19600531;   5;   2;   129.0;      0;      0;   38.6;eor
  1373;19600601;19600630;   5;   2;   238.4;      0;      0;   36.6;eor
  1373;19600701;19600731;   5;   2;   182.5;      0;      0;   19.8;eor
  1373;19600801;19600831;   5;   2;   200.2;      0;      0;   27.2;eor
  1373;19600901;19600930;   5;   2;   123.7;      0;      0;   43.3;eor
  1373;19601001;19601031;   5;   2;   139.5;      0;      0;   30.5;eor
  1373;19601101;19601130;   5;   2;    86.7;      1;      1;   16.2;eor
  1373;19601201;19601231;   5;   2;    57.5;     40;    247;   10.0;eor
  1373;19610101;19610131;   5;   2;    30.9;     33;    367;    7.0;eor
  1373;19610201;19610228;   5;   2;   115.4;     43;    165;   25.1;eor
  1373;19610301;19610331;   5;   2;   120.0;     35;     53;   39.0;eor
  1373;19610401;19610430;   5;   2;   136.8;      0;      0;   47.5;eor
  1373;19610501;19610531;   5;   2;   283.6;      0;      0;   36.2;eor
  1373;19610601;19610630;   5;   2;   121.3;      0;      0;   35.4;eor
  1373;19610701;19610731;   5;   2;   159.4;      0;      0;   21.5;eor
  1373;19610801;19610831;   5;   2;   209.9;      0;      0;   61.6;eor
  1373;19610901;19610930;   5;   2;    63.7;      0;      0;   21.0;eor
  1373;19611001;19611031;   5;   2;    48.2;      1;      1;   27.8;eor
  1373;19611101;19611130;   5;   2;    58.9;     13;     34;   18.4;eor
  1373;19611201;19611231;   5;   2;   171.4;     22;    123;   57.1;eor
  1373;19620101;19620131;   5;   2;   178.9;     92;    291;   50.1;eor
  1373;19620201;19620228;   5;   2;   130.2;     98;    786;   27.2;eor
  1373;19620301;19620331;   5;   2;   106.1;     82;    849;   21.3;eor
  1373;19620401;19620430;   5;   2;    96.9;     37;     47;   17.0;eor
  1373;19620501;19620531;   5;   2;   272.8;     13;     20;   41.7;eor
  1373;19620601;19620630;   5;   2;   145.9;      0;      0;   32.9;eor
  1373;19620701;19620731;   5;   2;   237.0;      0;      0;   48.0;eor
  1373;19620801;19620831;   5;   2;    79.7;      0;      0;   29.8;eor
  1373;19620901;19620930;   5;   2;   127.2;      0;      0;   35.7;eor
  1373;19621001;19621031;   5;   2;    42.2;      0;      0;   17.8;eor
  1373;19621101;19621130;   5;   2;    39.4;     36;    149;    8.3;eor
  1373;19621201;19621231;   5;   2;   210.0;    127;    883;   53.2;eor
  1373;19630101;19630131;   5;   2;    67.3;    137;   1380;   13.8;eor
  1373;19630201;19630228;   5;   2;    20.1;     32;   1724;    4.6;eor
  1373;19630301;19630331;   5;   2;   131.4;     33;    655;   26.0;eor
  1373;19630401;19630430;   5;   2;    67.9;     14;     58;   15.6;eor
  1373;19630501;19630531;   5;   2;   164.6;      0;      0;   39.2;eor
  1373;19630601;19630630;   5;   2;   198.2;      0;      0;   39.3;eor
  1373;19630701;19630731;   5;   2;   159.8;      0;      0;   25.4;eor
  1373;19630801;19630831;   5;   2;   189.6;      0;      0;   29.7;eor
  1373;19630901;19630930;   5;   2;   147.7;      0;      0;   29.0;eor
  1373;19631001;19631031;   5;   2;    68.9;      0;      0;   33.9;eor
  1373;19631101;19631130;   5;   2;   105.7;      0;      0;   29.4;eor
  1373;19631201;19631231;   5;   2;    28.6;     28;    151;   14.7;eor
  1373;19640101;19640131;   5;   2;    28.5;   -999;   -999;    8.6;eor
  1373;19640201;19640229;   5;   2;    67.3;     76;    448;   15.0;eor
  1373;19640301;19640331;   5;   2;    83.9;     59;    148;   11.5;eor
  1373;19640401;19640430;   5;   2;   151.8;   -999;   -999;   47.0;eor
  1373;19640501;19640531;   5;   2;   237.8;   -999;   -999;   60.0;eor
  1373;19640601;19640630;   5;   2;   168.3;   -999;   -999;   28.7;eor
  1373;19640701;19640731;   5;   2;    99.8;      0;      0;   29.0;eor
  1373;19640801;19640831;   5;   2;   216.2;      0;      0;   51.5;eor
  1373;19640901;19640930;   5;   2;    88.9;      0;      0;   22.0;eor
  1373;19641001;19641031;   5;   2;   254.8;      8;     13;   73.1;eor
  1373;19641101;19641130;   5;   2;   159.1;     15;     20;   67.1;eor
  1373;19641201;19641231;   5;   2;    91.1;    100;    706;   24.5;eor
  1373;19650101;19650131;   5;   2;    92.4;     76;   1232;   18.0;eor
  1373;19650201;19650228;   5;   2;   149.3;    283;   2626;   22.1;eor
  1373;19650301;19650331;   5;   2;   141.6;     43;   2334;   29.8;eor
  1373;19650401;19650430;   5;   2;   277.6;     43;    134;   44.1;eor
  1373;19650501;19650531;   5;   2;   413.1;      0;      0;   59.0;eor
  1373;19650601;19650630;   5;   2;   240.0;      0;      0;   41.7;eor
  1373;19650701;19650731;   5;   2;   159.6;      0;      0;   24.9;eor
  1373;19650801;19650831;   5;   2;   104.3;      0;      0;   21.6;eor
  1373;19650901;19650930;   5;   2;   116.1;      0;      0;   23.0;eor
  1373;19651001;19651031;   5;   2;     8.2;      0;      0;    5.0;eor
  1373;19651101;19651130;   5;   2;    96.1;   -999;   -999;   11.3;eor
  1373;19651201;19651231;   5;   2;   208.5;     74;    199;   33.0;eor
  1373;19660101;19660131;   5;   2;    80.7;     45;    388;   23.0;eor
  1373;19660201;19660228;   5;   2;   144.8;      4;      9;   29.0;eor
  1373;19660301;19660331;   5;   2;   147.9;    116;    340;   26.7;eor
  1373;19660401;19660430;   5;   2;   132.8;      0;     27;   42.2;eor
  1373;19660501;19660531;   5;   2;   262.0;      0;      0;   51.2;eor
  1373;19660601;19660630;   5;   2;   178.1;      0;      0;   24.0;eor
  1373;19660701;19660731;   5;   2;   342.7;      0;      0;   60.6;eor
  1373;19660801;19660831;   5;   2;   261.1;      0;      0;   46.7;eor
  1373;19660901;19660930;   5;   2;    80.7;      0;      0;   26.3;eor
  1373;19661001;19661031;   5;   2;   133.7;      5;      7;   42.0;eor
  1373;19661101;19661130;   5;   2;    85.4;     57;    254;   17.7;eor
  1373;19661201;19661231;   5;   2;   232.8;     93;    558;   44.3;eor
  1373;19670101;19670131;   5;   2;   181.3;    128;   1006;   43.5;eor
  1373;19670201;19670228;   5;   2;   101.1;     21;    421;   26.1;eor
  1373;19670301;19670331;   5;   2;   144.5;     56;    165;   19.8;eor
  1373;19670401;19670430;   5;   2;   187.7;     51;     92;   30.2;eor
  1373;19670501;19670531;   5;   2;   167.2;      6;      6;   62.2;eor
  1373;19670601;19670630;   5;   2;   236.2;      0;      0;   51.1;eor
  1373;19670701;19670731;   5;   2;   168.4;      0;      0;   58.7;eor
  1373;19670801;19670831;   5;   2;   134.4;      0;      0;   17.8;eor
  1373;19670901;19670930;   5;   2;   148.3;      0;      0;   30.3;eor
  1373;19671001;19671031;   5;   2;    72.4;      0;      0;   20.9;eor
  1373;19671101;19671130;   5;   2;    50.6;      6;     10;   14.2;eor
  1373;19671201;19671231;   5;   2;   113.5;     85;    332;   29.5;eor
  1373;19680101;19680131;   5;   2;   224.7;    272;   1300;   25.4;eor
  1373;19680201;19680229;   5;   2;    74.9;     29;   1397;   30.3;eor
  1373;19680301;19680331;   5;   2;    83.5;     87;   1587;   18.6;eor
  1373;19680401;19680430;   5;   2;    62.0;     24;    155;   15.5;eor
  1373;19680501;19680531;   5;   2;   156.1;      0;      0;   34.2;eor
  1373;19680601;19680630;   5;   2;   270.2;      0;      0;   66.4;eor
  1373;19680701;19680731;   5;   2;   223.4;      0;      0;   45.6;eor
  1373;19680801;19680831;   5;   2;   209.3;      0;      0;   29.4;eor
  1373;19680901;19680930;   5;   2;   165.8;      0;      0;   30.5;eor
  1373;19681001;19681031;   5;   2;   136.4;      0;      0;   61.2;eor
  1373;19681101;19681130;   5;   2;    49.1;      1;      1;   37.5;eor
  1373;19681201;19681231;   5;   2;    64.8;     40;    142;   25.1;eor
  1373;19690101;19690131;   5;   2;    87.0;     71;   1059;   19.6;eor
  1373;19690201;19690228;   5;   2;    51.7;    100;   1111;   10.0;eor
  1373;19690301;19690331;   5;   2;    71.3;     31;    506;   18.5;eor
  1373;19690401;19690430;   5;   2;   128.5;     65;    129;   29.0;eor
  1373;19690501;19690531;   5;   2;    97.0;      0;      0;   37.1;eor
  1373;19690601;19690630;   5;   2;   172.9;      0;      0;   33.7;eor
  1373;19690701;19690731;   5;   2;    75.7;      0;      0;   19.7;eor
  1373;19690801;19690831;   5;   2;   229.3;      0;      0;   42.4;eor
  1373;19690901;19690930;   5;   2;    40.3;      0;      0;   11.5;eor
  1373;19691001;19691031;   5;   2;    25.3;      0;      0;   15.8;eor
  1373;19691101;19691130;   5;   2;   125.0;     46;    139;   18.8;eor
  1373;19691201;19691231;   5;   2;    99.2;    104;   1531;   21.1;eor
  1373;19700101;19700131;   5;   2;    59.4;     42;   1227;   16.3;eor
  1373;19700201;19700228;   5;   2;   333.5;    203;   1488;   53.2;eor
  1373;19700301;19700331;   5;   2;   129.6;    101;   1999;   24.2;eor
  1373;19700401;19700430;   5;   2;   203.6;     91;   1064;   30.4;eor
  1373;19700501;19700531;   5;   2;   182.5;     28;     50;   27.3;eor
  1373;19700601;19700630;   5;   2;   154.9;      0;      0;   18.9;eor
  1373;19700701;19700731;   5;   2;   188.0;      0;      0;   26.5;eor
  1373;19700801;19700831;   5;   2;   318.8;      0;      0;   88.0;eor
  1373;19700901;19700930;   5;   2;   132.0;      0;      0;   28.9;eor
  1373;19701001;19701031;   5;   2;   194.2;     16;     24;   54.5;eor
  1373;19701101;19701130;   5;   2;   105.9;      6;      7;   25.9;eor
  1373;19701201;19701231;   5;   2;    76.3;   -999;   -999;   16.8;eor
  1373;19710101;19710131;   5;   2;     7.4;     10;    669;    4.2;eor
  1373;19710201;19710228;   5;   2;   105.6;    149;    788;   14.0;eor
  1373;19710301;19710331;   5;   2;    87.0;     93;   1604;   31.7;eor
  1373;19710401;19710430;   5;   2;    86.3;      0;    112;   32.7;eor
  1373;19710501;19710531;   5;   2;   106.4;      0;      0;   16.7;eor
  1373;19710601;19710630;   5;   2;   222.5;      0;      0;   27.1;eor
  1373;19710701;19710731;   5;   2;    61.0;      0;      0;   14.4;eor
  1373;19710801;19710831;   5;   2;   272.8;      0;      0;   50.9;eor
  1373;19710901;19710930;   5;   2;   121.7;      0;      0;   33.5;eor
  1373;19711001;19711031;   5;   2;    37.0;      0;      0;   23.1;eor
  1373;19711101;19711130;   5;   2;    86.2;     30;    109;   27.2;eor
  1373;19711201;19711231;   5;   2;    82.0;     12;    160;   27.0;eor
  1373;19720101;19720131;   5;   2;    12.5;      8;     49;    3.8;eor
  1373;19720201;19720229;   5;   2;    25.3;     15;     84;   11.1;eor
  1373;19720301;19720331;   5;   2;    21.9;      0;      0;    8.9;eor
  1373;19720401;19720430;   5;   2;   210.2;     33;     51;   34.7;eor
  1373;19720501;19720531;   5;   2;   138.9;      0;      0;   17.9;eor
  1373;19720601;19720630;   5;   2;   148.5;      0;      0;   22.7;eor
  1373;19720701;19720731;   5;   2;   238.2;      0;      0;   56.9;eor
  1373;19720801;19720831;   5;   2;   119.0;      0;      0;   35.0;eor
  1373;19720901;19720930;   5;   2;    52.0;      0;      0;   18.9;eor
  1373;19721001;19721031;   5;   2;   105.8;     15;     30;   25.2;eor
  1373;19721101;19721130;   5;   2;   216.9;     49;    139;   41.5;eor
  1373;19721201;19721231;   5;   2;    23.0;      4;    182;    9.0;eor
  1373;19730101;19730131;   5;   2;    88.0;     45;    228;   22.5;eor
  1373;19730201;19730228;   5;   2;   117.2;    160;   1019;   21.0;eor
  1373;19730301;19730331;   5;   2;    70.1;     72;   1884;   11.2;eor
  1373;19730401;19730430;   5;   2;   146.1;     86;    879;   29.5;eor
  1373;19730501;19730531;   5;   2;   126.4;      0;      0;   36.2;eor
  1373;19730601;19730630;   5;   2;   209.3;      0;      0;   37.1;eor
  1373;19730701;19730731;   5;   2;   169.5;      0;      0;   23.2;eor
  1373;19730801;19730831;   5;   2;    83.6;      0;      0;   30.2;eor
  1373;19730901;19730930;   5;   2;   139.8;      0;      0;   30.9;eor
  1373;19731001;19731031;   5;   2;   106.0;      1;      2;   37.1;eor
  1373;19731101;19731130;   5;   2;   242.1;     95;    181;   54.0;eor
  1373;19731201;19731231;   5;   2;   119.6;    103;    779;   18.7;eor
  1373;19740101;19740131;   5;   2;   146.9;     11;    124;   70.9;eor
  1373;19740201;19740228;   5;   2;    71.1;     49;    154;   18.9;eor
  1373;19740301;19740331;   5;   2;    35.8;     14;    207;   11.9;eor
  1373;19740401;19740430;   5;   2;   101.1;     21;     28;   51.0;eor
  1373;19740501;19740531;   5;   2;   164.1;      0;      0;   38.1;eor
  1373;19740601;19740630;   5;   2;   204.6;      0;      0;   36.5;eor
  1373;19740701;19740731;   5;   2;   246.5;      0;      0;   55.1;eor
  1373;19740801;19740831;   5;   2;   205.3;      0;      0;   36.0;eor
  1373;19740901;19740930;   5;   2;   210.8;      0;      0;   26.5;eor
  1373;19741001;19741031;   5;   2;   191.1;     25;     42;   32.9;eor
  1373;19741101;19741130;   5;   2;   146.5;     47;    134;   39.8;eor
  1373;19741201;19741231;   5;   2;   246.4;     46;    259;   62.9;eor
  1373;19750101;19750131;   5;   2;   144.4;      1;     11;   34.3;eor
  1373;19750201;19750228;   5;   2;    34.7;     20;    119;   19.3;eor
  1373;19750301;19750331;   5;   2;    85.7;     86;    244;   22.4;eor
  1373;19750401;19750430;   5;   2;   107.9;     46;    366;   20.9;eor
  1373;19750501;19750531;   5;   2;    95.2;      0;      0;   26.0;eor
  1373;19750601;19750630;   5;   2;   275.2;      0;      0;   55.4;eor
  1373;19750701;19750731;   5;   2;   246.3;      0;      0;   46.3;eor
  1373;19750801;19750831;   5;   2;   191.9;      0;      0;   34.8;eor
  1373;19750901;19750930;   5;   2;    48.0;      0;      0;   11.3;eor
  1373;19751001;19751031;   5;   2;    56.9;      0;      0;   19.0;eor
  1373;19751101;19751130;   5;   2;   114.8;     26;    124;   41.8;eor
  1373;19751201;19751231;   5;   2;    15.7;     24;    331;    5.4;eor
  1373;19760101;19760131;   5;   2;   184.4;     69;    336;   26.8;eor
  1373;19760201;19760229;   5;   2;    22.6;     12;    454;   10.7;eor
  1373;19760301;19760331;   5;   2;    57.8;     13;    110;   18.0;eor
  1373;19760401;19760430;   5;   2;    64.3;     18;     30;   12.5;eor
  1373;19760501;19760531;   5;   2;   201.4;      0;      0;   39.1;eor
  1373;19760601;19760630;   5;   2;   154.2;      0;      0;   57.3;eor
  1373;19760701;19760731;   5;   2;   221.2;      0;      0;   44.3;eor
  1373;19760801;19760831;   5;   2;   173.5;      0;      0;   26.2;eor
  1373;19760901;19760930;   5;   2;   140.5;      0;      0;   25.0;eor
  1373;19761001;19761031;   5;   2;    41.3;      0;      0;   13.8;eor
  1373;19761101;19761130;   5;   2;   117.1;     43;    189;   16.3;eor
  1373;19761201;19761231;   5;   2;    73.4;     72;    781;   17.7;eor
  1373;19770101;19770131;   5;   2;   106.1;    105;   1297;   26.5;eor
  1373;19770201;19770228;   5;   2;   181.6;     14;    352;   31.2;eor
  1373;19770301;19770331;   5;   2;   112.0;     43;    116;   33.4;eor
  1373;19770401;19770430;   5;   2;   221.7;     77;    368;   42.0;eor
  1373;19770501;19770531;   5;   2;    80.0;      0;      0;   13.5;eor
  1373;19770601;19770630;   5;   2;   177.5;      0;      0;   31.2;eor
  1373;19770701;19770731;   5;   2;   189.7;      0;      0;   83.5;eor
  1373;19770801;19770831;   5;   2;   201.2;      0;      0;   44.0;eor
  1373;19770901;19770930;   5;   2;   129.6;      0;      0;   35.2;eor
  1373;19771001;19771031;   5;   2;    45.1;      0;      0;   15.3;eor
  1373;19771101;19771130;   5;   2;   142.4;     82;    255;   32.1;eor
  1373;19771201;19771231;   5;   2;    97.7;     21;    284;   38.2;eor
  1373;19780101;19780131;   5;   2;    42.4;     41;    430;   10.7;eor
  1373;19780201;19780228;   5;   2;   104.0;    115;   1177;   25.6;eor
  1373;19780301;19780331;   5;   2;   174.3;     47;    559;   66.8;eor
  1373;19780401;19780430;   5;   2;    85.0;     48;     79;   18.8;eor
  1373;19780501;19780531;   5;   2;   199.3;      2;      2;   47.6;eor
  1373;19780601;19780630;   5;   2;   192.6;      0;      0;   64.4;eor
  1373;19780701;19780731;   5;   2;   219.7;      0;      0;   52.6;eor
  1373;19780801;19780831;   5;   2;   181.6;      0;      0;   38.3;eor
  1373;19780901;19780930;   5;   2;   225.4;      0;      0;   40.4;eor
  1373;19781001;19781031;   5;   2;   162.3;      1;      1;   38.1;eor
  1373;19781101;19781130;   5;   2;    33.8;     42;    105;   18.5;eor
  1373;19781201;19781231;   5;   2;    48.7;      7;    199;   17.2;eor
  1373;19790101;19790131;   5;   2;    69.9;     97;    631;   17.6;eor
  1373;19790201;19790228;   5;   2;    82.7;     34;    543;   22.0;eor
  1373;19790301;19790331;   5;   2;   160.7;     60;    263;   56.8;eor
  1373;19790401;19790430;   5;   2;   160.0;     75;    359;   33.8;eor
  1373;19790501;19790531;   5;   2;    88.9;     10;     21;   25.5;eor
  1373;19790601;19790630;   5;   2;   343.6;      0;      0;   90.2;eor
  1373;19790701;19790731;   5;   2;   201.5;      0;      0;   56.3;eor
  1373;19790801;19790831;   5;   2;   217.9;      0;      0;   28.0;eor
  1373;19790901;19790930;   5;   2;   148.8;      0;      0;   38.4;eor
  1373;19791001;19791031;   5;   2;    36.7;      0;      0;   23.0;eor
  1373;19791101;19791130;   5;   2;   276.9;     45;    214;  107.8;eor
  1373;19791201;19791231;   5;   2;    94.7;     40;     60;   18.1;eor
  1373;19800101;19800131;   5;   2;    88.0;     79;    991;   16.2;eor
  1373;19800201;19800229;   5;   2;    94.2;      7;    152;   30.5;eor
  1373;19800301;19800331;   5;   2;    99.8;     30;     53;   28.3;eor
  1373;19800401;19800430;   5;   2;   217.9;    126;    454;   32.5;eor
  1373;19800501;19800531;   5;   2;    90.0;      0;     22;   13.5;eor
  1373;19800601;19800630;   5;   2;   223.6;      0;      0;   30.6;eor
  1373;19800701;19800731;   5;   2;   223.8;      0;      0;   43.4;eor
  1373;19800801;19800831;   5;   2;   155.0;      0;      0;   26.4;eor
  1373;19800901;19800930;   5;   2;   149.9;      0;      0;   37.3;eor
  1373;19801001;19801031;   5;   2;   151.8;      0;      0;   29.8;eor
  1373;19801101;19801130;   5;   2;    90.2;     48;     90;   16.4;eor
  1373;19801201;19801231;   5;   2;    96.1;    123;   1170;   15.4;eor
  1373;19810101;19810131;  10;   2;   145.0;    145;   1699;   22.2;eor
  1373;19810201;19810228;  10;   2;    47.6;     26;   1516;   10.9;eor
  1373;19810301;19810331;  10;   2;   132.6;     32;    643;   35.7;eor
  1373;19810401;19810430;  10;   2;    39.0;      2;      2;   13.9;eor
  1373;19810501;19810531;  10;   2;   108.4;      0;      0;   23.2;eor
  1373;19810601;19810630;  10;   2;   122.3;      0;      0;   28.8;eor
  1373;19810701;19810731;  10;   2;   338.1;      0;      0;  116.0;eor
  1373;19810801;19810831;  10;   2;   176.1;      0;      0;   31.4;eor
  1373;19810901;19810930;  10;   2;   195.0;      0;      0;   46.6;eor
  1373;19811001;19811031;  10;   2;   280.5;      7;     19;   62.0;eor
  1373;19811101;19811130;  10;   2;   172.0;     95;    177;   56.4;eor
  1373;19811201;19811231;  10;   2;   175.1;    130;   1169;   31.7;eor
  1373;19820101;19820131;  10;   2;   268.6;    114;   1792;   82.9;eor
  1373;19820201;19820228;  10;   2;    23.7;     17;   1206;    9.8;eor
  1373;19820301;19820331;  10;   2;    79.4;     65;   1477;   16.7;eor
  1373;19820401;19820430;  10;   2;    69.6;     21;    224;   16.8;eor
  1373;19820501;19820531;  10;   2;   121.0;      0;      0;   34.5;eor
  1373;19820601;19820630;  10;   2;   241.0;      0;      0;   41.1;eor
  1373;19820701;19820731;  10;   2;   177.8;      0;      0;   41.2;eor
  1373;19820801;19820831;  10;   2;   166.6;      0;      0;   27.7;eor
  1373;19820901;19820930;  10;   2;    93.0;      0;      0;   23.9;eor
  1373;19821001;19821031;  10;   2;    74.4;      0;      0;   15.2;eor
  1373;19821101;19821130;  10;   2;    65.3;     15;     15;   15.7;eor
  1373;19821201;19821231;  10;   2;   103.7;     42;    158;   19.5;eor
  1373;19830101;19830131;  10;   2;   200.6;     33;    140;   31.9;eor
  1373;19830201;19830228;  10;   2;    60.1;     33;    370;   16.3;eor
  1373;19830301;19830331;  10;   2;   109.9;     25;     89;   39.3;eor
  1373;19830401;19830430;  10;   2;   101.9;     26;     44;   20.8;eor
  1373;19830501;19830531;  10;   2;   153.4;      0;      0;   36.7;eor
  1373;19830601;19830630;  10;   2;   255.3;      0;      0;   51.2;eor
  1373;19830701;19830731;  10;   2;    70.3;      0;      0;   24.4;eor
  1373;19830801;19830831;  10;   2;   261.1;      0;      0;   46.3;eor
  1373;19830901;19830930;  10;   2;   160.0;      0;      0;   28.8;eor
  1373;19831001;19831031;  10;   2;    83.6;      0;      0;   20.2;eor
  1373;19831101;19831130;  10;   2;   113.7;      9;     11;   53.1;eor
  1373;19831201;19831231;  10;   2;    96.4;     41;    310;   45.8;eor
  1373;19840101;19840131;  10;   2;    89.1;     58;    311;   18.5;eor
  1373;19840201;19840229;  10;   2;    96.2;     60;    740;   25.9;eor
  1373;19840301;19840331;  10;   2;    59.0;     58;   1177;   13.8;eor
  1373;19840401;19840430;  10;   2;    58.7;     18;    212;   16.2;eor
  1373;19840501;19840531;  10;   2;   128.7;      0;      0;   35.3;eor
  1373;19840601;19840630;  10;   2;   165.1;      0;      0;   26.7;eor
  1373;19840701;19840731;  10;   2;   135.2;      0;      0;   34.7;eor
  1373;19840801;19840831;  10;   2;   213.5;      0;      0;   50.9;eor
  1373;19840901;19840930;  10;   2;   253.4;      0;      0;   47.0;eor
  1373;19841001;19841031;  10;   2;    37.6;      0;      0;   10.2;eor
  1373;19841101;19841130;  10;   2;    66.1;      1;      1;   24.4;eor
  1373;19841201;19841231;  10;   2;    99.3;     22;     48;   26.1;eor
  1373;19850101;19850131;  10;   2;   122.2;     49;    775;   53.0;eor
  1373;19850201;19850228;  10;   2;   112.8;     20;    217;   24.5;eor
  1373;19850301;19850331;  10;   2;    62.3;     68;    343;   14.6;eor
  1373;19850401;19850430;  10;   2;   147.6;     18;     41;   47.2;eor
  1373;19850501;19850531;  10;   2;   123.5;      0;      0;   34.5;eor
  1373;19850601;19850630;  10;   2;   211.0;      0;      0;   54.2;eor
  1373;19850701;19850731;  10;   2;   157.8;      0;      0;   32.4;eor
  1373;19850801;19850831;  10;   2;   305.4;      0;      0;   88.4;eor
  1373;19850901;19850930;  10;   2;    94.5;      0;      0;   19.1;eor
  1373;19851001;19851031;  10;   2;    36.5;      0;      0;   14.2;eor
  1373;19851101;19851130;  10;   2;   135.7;     64;    302;   19.5;eor
  1373;19851201;19851231;  10;   2;    73.9;     13;     79;   23.6;eor
  1373;19860101;19860131;  10;   2;   224.8;     85;    430;   38.6;eor
  1373;19860201;19860228;  10;   2;    26.8;     45;    724;   14.5;eor
  1373;19860301;19860331;  10;   2;    94.1;     37;    606;   22.5;eor
  1373;19860401;19860430;  10;   2;   106.9;     38;     99;   16.5;eor
  1373;19860501;19860531;  10;   2;   182.8;      0;      0;   32.0;eor
  1373;19860601;19860630;  10;   2;    90.2;      0;      0;   16.2;eor
  1373;19860701;19860731;  10;   2;   218.1;      0;      0;   33.9;eor
  1373;19860801;19860831;  10;   2;   199.4;      0;      0;   32.7;eor
  1373;19860901;19860930;  10;   2;    25.2;      0;      0;   10.0;eor
  1373;19861001;19861031;  10;   2;   103.3;      1;      1;   17.9;eor
  1373;19861101;19861130;  10;   2;    49.4;      0;      0;   17.2;eor
  1373;19861201;19861231;  10;   2;   122.5;     86;    317;   27.6;eor
  1373;19870101;19870131;  10;   2;   110.9;     74;    693;   30.8;eor
  1373;19870201;19870228;  10;   2;   151.2;     23;    569;   46.3;eor
  1373;19870301;19870331;  10;   2;   135.7;     65;    427;   50.3;eor
  1373;19870401;19870430;  10;   2;    89.0;      4;     26;   22.4;eor
  1373;19870501;19870531;  10;   2;   193.0;      5;      5;   24.9;eor
  1373;19870601;19870630;  10;   2;   210.8;      0;      0;   35.5;eor
  1373;19870701;19870731;  10;   2;   243.3;      0;      0;   32.7;eor
  1373;19870801;19870831;  10;   2;   143.8;      0;      0;   28.5;eor
  1373;19870901;19870930;  10;   2;   137.6;      0;      0;   45.4;eor
  1373;19871001;19871031;  10;   2;    26.9;      0;      0;    7.4;eor
  1373;19871101;19871130;  10;   2;   127.4;     11;     21;   18.0;eor
  1373;19871201;19871231;  10;   2;   133.0;      4;     46;   30.8;eor
  1373;19880101;19880131;  10;   2;    97.5;     27;     50;   17.5;eor
  1373;19880201;19880229;  10;   2;    90.0;    113;    746;   11.7;eor
  1373;19880301;19880331;  10;   2;   277.3;    156;   2025;   33.8;eor
  1373;19880401;19880430;  10;   2;    89.5;      2;    130;   30.4;eor
  1373;19880501;19880531;  10;   2;   119.8;      0;      0;   16.3;eor
  1373;19880601;19880630;  10;   2;   172.1;      0;      0;   43.0;eor
  1373;19880701;19880731;  10;   2;   179.9;      0;      0;   26.5;eor
  1373;19880801;19880831;  10;   2;   252.7;      0;      0;   79.2;eor
  1373;19880901;19880930;  10;   2;    84.3;      0;      0;   27.7;eor
  1373;19881001;19881031;  10;   2;    97.5;      0;      0;   30.5;eor
  1373;19881101;19881130;  10;   2;   139.8;     36;    179;   22.6;eor
  1373;19881201;19881231;  10;   2;   232.2;     98;    408;   49.6;eor
  1373;19890101;19890131;  10;   2;    93.7;      0;      0;   40.1;eor
  1373;19890201;19890228;  10;   2;    82.7;     19;     55;   20.7;eor
  1373;19890301;19890331;  10;   2;    71.3;      3;     26;   16.1;eor
  1373;19890401;19890430;  10;   2;   105.5;      5;      5;   23.2;eor
  1373;19890501;19890531;  10;   2;    96.2;      0;      0;   23.2;eor
  1373;19890601;19890630;  10;   2;   141.6;      0;      0;   31.3;eor
  1373;19890701;19890731;  10;   2;   230.7;      0;      0;   38.0;eor
  1373;19890801;19890831;  10;   2;   139.8;      0;      0;   25.7;eor
  1373;19890901;19890930;  10;   2;   172.3;      0;      0;   40.0;eor
  1373;19891001;19891031;  10;   2;    98.4;      0;      0;   21.1;eor
  1373;19891101;19891130;  10;   2;    65.1;     13;     64;   15.0;eor
  1373;19891201;19891231;  10;   2;    87.3;      5;    102;   17.9;eor
  1373;19900101;19900131;  10;   2;    43.2;      6;     50;   18.5;eor
  1373;19900201;19900228;  10;   2;   191.3;     27;     38;   88.0;eor
  1373;19900301;19900331;  10;   2;    62.8;     16;     42;   12.5;eor
  1373;19900401;19900430;  10;   2;   155.7;      8;      8;   26.3;eor
  1373;19900501;19900531;  10;   2;    83.9;      0;      0;   18.9;eor
  1373;19900601;19900630;  10;   2;   242.9;      0;      0;   37.0;eor
  1373;19900701;19900731;  10;   2;   198.1;      0;      0;   66.4;eor
  1373;19900801;19900831;  10;   2;   115.7;      0;      0;   26.9;eor
  1373;19900901;19900930;  10;   2;   176.5;      0;      0;   36.2;eor
  1373;19901001;19901031;  10;   2;   167.9;      0;      0;   37.6;eor
  1373;19901101;19901130;  10;   2;   146.2;     32;     94;   28.0;eor
  1373;19901201;19901231;  10;   2;    59.9;     74;    642;    9.8;eor
