STATIONS_ID; MESS_DATUM_BEGINN; MESS_DATUM_ENDE; QUALITAETS_NIVEAU; ART; NIEDERSCHLAGSHOEHE;NEUSCHNEEHOEHE;SCHNEEHOEHE; max(NIEDERSCHLAGSHOEHE);eor
  5593;19370101;19370131;   5;   2;    60.0;   -999;   -999;-999;eor
  5593;19370201;19370228;   5;   2;    89.0;   -999;   -999;-999;eor
  5593;19370301;19370331;   5;   2;    35.0;   -999;   -999;-999;eor
  5593;19370401;19370430;   5;   2;    45.0;   -999;   -999;-999;eor
  5593;19370501;19370531;   5;   2;    45.0;   -999;   -999;-999;eor
  5593;19370601;19370630;   5;   2;    87.0;   -999;   -999;-999;eor
  5593;19370701;19370731;   5;   2;    62.0;   -999;   -999;-999;eor
  5593;19370801;19370831;   5;   2;    31.0;   -999;   -999;-999;eor
  5593;19370901;19370930;   5;   2;    22.0;   -999;   -999;-999;eor
  5593;19371001;19371031;   5;   2;    26.0;   -999;   -999;-999;eor
  5593;19371101;19371130;   5;   2;    22.0;   -999;   -999;-999;eor
  5593;19371201;19371231;   5;   2;    34.0;   -999;   -999;-999;eor
  5593;19380101;19380131;   5;   2;   124.0;   -999;   -999;-999;eor
  5593;19380201;19380228;   5;   2;    43.0;   -999;   -999;-999;eor
  5593;19380301;19380331;   5;   2;    21.0;   -999;   -999;-999;eor
  5593;19380401;19380430;   5;   2;    32.0;   -999;   -999;-999;eor
  5593;19380501;19380531;   5;   2;    81.0;   -999;   -999;-999;eor
  5593;19380601;19380630;   5;   2;    42.0;   -999;   -999;-999;eor
  5593;19380701;19380731;   5;   2;    80.0;   -999;   -999;-999;eor
  5593;19380801;19380831;   5;   2;    70.0;   -999;   -999;-999;eor
  5593;19380901;19380930;   5;   2;    41.0;   -999;   -999;-999;eor
  5593;19381001;19381031;   5;   2;    61.0;   -999;   -999;-999;eor
  5593;19381101;19381130;   5;   2;    43.0;   -999;   -999;-999;eor
  5593;19381201;19381231;   5;   2;    50.0;   -999;   -999;-999;eor
  5593;19390101;19390131;   5;   2;    71.0;   -999;   -999;-999;eor
  5593;19390201;19390228;   5;   2;    31.0;   -999;   -999;-999;eor
  5593;19390301;19390331;   5;   2;   101.0;   -999;   -999;-999;eor
  5593;19390401;19390430;   5;   2;    74.0;   -999;   -999;-999;eor
  5593;19390501;19390531;   5;   2;    58.0;   -999;   -999;-999;eor
  5593;19390601;19390630;   5;   2;    23.0;   -999;   -999;-999;eor
  5593;19390701;19390731;   5;   2;    76.0;   -999;   -999;-999;eor
  5593;19390801;19390831;   5;   2;    81.0;   -999;   -999;-999;eor
  5593;19390901;19390930;   5;   2;    35.0;   -999;   -999;-999;eor
  5593;19391001;19391031;   5;   2;    90.0;   -999;   -999;-999;eor
  5593;19391101;19391130;   5;   2;   116.0;   -999;   -999;-999;eor
  5593;19391201;19391231;   5;   2;    38.0;   -999;   -999;-999;eor
  5593;19400301;19400331;   5;   2;    56.0;   -999;   -999;-999;eor
  5593;19400401;19400430;   5;   2;    49.0;   -999;   -999;-999;eor
  5593;19400501;19400531;   5;   2;    15.0;   -999;   -999;-999;eor
  5593;19400601;19400630;   5;   2;    33.0;   -999;   -999;-999;eor
  5593;19400701;19400731;   5;   2;   122.0;   -999;   -999;-999;eor
  5593;19400801;19400831;   5;   2;    73.0;   -999;   -999;-999;eor
  5593;19400901;19400930;   5;   2;    88.0;   -999;   -999;-999;eor
  5593;19401001;19401031;   5;   2;    39.0;   -999;   -999;-999;eor
  5593;19401101;19401130;   5;   2;   112.0;   -999;   -999;-999;eor
  5593;19410101;19410131;   5;   2;    87.0;   -999;   -999;-999;eor
  5593;19410201;19410228;   5;   2;    42.0;   -999;   -999;-999;eor
  5593;19410301;19410331;   5;   2;    51.0;   -999;   -999;-999;eor
  5593;19410401;19410430;   5;   2;    30.0;   -999;   -999;-999;eor
  5593;19410501;19410531;   5;   2;    65.0;   -999;   -999;-999;eor
  5593;19410601;19410630;   5;   2;    60.0;   -999;   -999;-999;eor
  5593;19410701;19410731;   5;   2;    47.0;   -999;   -999;-999;eor
  5593;19410801;19410831;   5;   2;   105.0;   -999;   -999;-999;eor
  5593;19410901;19410930;   5;   2;    58.0;   -999;   -999;-999;eor
  5593;19411001;19411031;   5;   2;   128.0;   -999;   -999;-999;eor
  5593;19411101;19411130;   5;   2;    61.0;   -999;   -999;-999;eor
  5593;19411201;19411231;   5;   2;    68.0;   -999;   -999;-999;eor
  5593;19420101;19420131;   5;   2;    24.0;   -999;   -999;-999;eor
  5593;19420201;19420228;   5;   2;    23.0;   -999;   -999;-999;eor
  5593;19420301;19420331;   5;   2;    27.0;   -999;   -999;-999;eor
  5593;19420401;19420430;   5;   2;    21.0;   -999;   -999;-999;eor
  5593;19420501;19420531;   5;   2;    77.0;   -999;   -999;-999;eor
  5593;19420601;19420630;   5;   2;    79.0;   -999;   -999;-999;eor
  5593;19420701;19420731;   5;   2;   108.0;   -999;   -999;-999;eor
  5593;19420801;19420831;   5;   2;    22.0;   -999;   -999;-999;eor
  5593;19420901;19420930;   5;   2;    32.0;   -999;   -999;-999;eor
  5593;19421001;19421031;   5;   2;    75.0;   -999;   -999;-999;eor
  5593;19421101;19421130;   5;   2;    42.0;   -999;   -999;-999;eor
  5593;19421201;19421231;   5;   2;    30.0;   -999;   -999;-999;eor
  5593;19430101;19430131;   5;   2;    29.0;   -999;   -999;-999;eor
  5593;19430201;19430228;   5;   2;    34.0;   -999;   -999;-999;eor
  5593;19430301;19430331;   5;   2;    14.0;   -999;   -999;-999;eor
  5593;19430401;19430430;   5;   2;    67.0;   -999;   -999;-999;eor
  5593;19430501;19430531;   5;   2;    23.0;   -999;   -999;-999;eor
  5593;19430601;19430630;   5;   2;    74.0;   -999;   -999;-999;eor
  5593;19430701;19430731;   5;   2;    38.0;   -999;   -999;-999;eor
  5593;19430801;19430831;   5;   2;    83.0;   -999;   -999;-999;eor
  5593;19430901;19430930;   5;   2;    58.0;   -999;   -999;-999;eor
  5593;19431001;19431031;   5;   2;     1.0;   -999;   -999;-999;eor
  5593;19431101;19431130;   5;   2;    59.0;   -999;   -999;-999;eor
  5593;19431201;19431231;   5;   2;    29.0;   -999;   -999;-999;eor
  5593;19440101;19440131;   5;   2;    73.0;   -999;   -999;-999;eor
  5593;19440201;19440229;   5;   2;    44.0;   -999;   -999;-999;eor
  5593;19440301;19440331;   5;   2;    73.0;   -999;   -999;-999;eor
  5593;19440401;19440430;   5;   2;    46.0;   -999;   -999;-999;eor
  5593;19440501;19440531;   5;   2;    65.0;   -999;   -999;-999;eor
  5593;19440601;19440630;   5;   2;    70.0;   -999;   -999;-999;eor
  5593;19440701;19440731;   5;   2;    92.0;   -999;   -999;-999;eor
  5593;19440801;19440831;   5;   2;    10.0;   -999;   -999;-999;eor
  5593;19440901;19440930;   5;   2;    24.0;   -999;   -999;-999;eor
  5593;19441001;19441031;   5;   2;    46.0;   -999;   -999;-999;eor
  5593;19441101;19441130;   5;   2;   131.0;   -999;   -999;-999;eor
  5593;19441201;19441231;   5;   2;    44.0;   -999;   -999;-999;eor
  5593;19470101;19470131;   5;   2;    32.0;   -999;   -999;-999;eor
  5593;19470201;19470228;   5;   2;    47.0;   -999;   -999;-999;eor
  5593;19470301;19470331;   5;   2;    64.0;   -999;   -999;-999;eor
  5593;19470401;19470430;   1;   2;    49.2;   -999;      0;   22.4;eor
  5593;19470501;19470531;   1;   2;    42.0;   -999;      0;   10.1;eor
  5593;19470601;19470630;   1;   2;   124.4;   -999;      0;   29.3;eor
  5593;19470701;19470731;   1;   2;    45.8;   -999;      0;   13.4;eor
  5593;19470801;19470831;   1;   2;    16.8;   -999;      0;   13.9;eor
  5593;19470901;19470930;   1;   2;    14.1;   -999;      0;    3.8;eor
  5593;19471001;19471031;   1;   2;    18.2;   -999;      0;    3.9;eor
  5593;19471101;19471130;   1;   2;    93.9;   -999;      0;   15.8;eor
  5593;19471201;19471231;   1;   2;   110.2;   -999;     15;   11.3;eor
  5593;19480101;19480131;   1;   2;   114.6;   -999;   -999;   19.3;eor
  5593;19480201;19480229;   1;   2;   101.4;   -999;     27;   15.4;eor
  5593;19480301;19480331;   1;   2;    35.7;   -999;      0;    7.3;eor
  5593;19480401;19480430;   1;   2;    22.2;   -999;      0;    4.8;eor
  5593;19480501;19480531;   1;   2;    78.0;   -999;      0;   22.8;eor
  5593;19480601;19480630;   1;   2;    40.5;   -999;      0;    3.8;eor
  5593;19480701;19480731;   1;   2;    58.6;   -999;      0;    7.1;eor
  5593;19480801;19480831;   1;   2;    63.3;   -999;      0;   14.5;eor
  5593;19480901;19480930;   1;   2;    39.6;   -999;      0;    7.8;eor
  5593;19481001;19481031;   1;   2;    42.7;   -999;      0;    9.8;eor
  5593;19481101;19481130;   1;   2;    42.4;   -999;      0;    8.9;eor
  5593;19481201;19481231;   1;   2;    38.0;   -999;      0;    7.3;eor
  5593;19490101;19490131;   1;   2;    58.2;   -999;      3;    7.9;eor
  5593;19490201;19490228;   1;   2;    40.3;   -999;      8;    6.8;eor
  5593;19490301;19490331;   1;   2;    17.3;   -999;     52;    3.7;eor
  5593;19490401;19490430;   1;   2;    42.4;   -999;      0;   13.9;eor
  5593;19490501;19490531;   1;   2;    -999;   -999;      0;    8.9;eor
  5593;19490601;19490630;   1;   2;    -999;   -999;      0;   13.5;eor
  5593;19490701;19490731;   1;   2;    19.0;   -999;      0;    9.5;eor
  5593;19490801;19490831;   1;   2;    92.4;   -999;      0;   15.2;eor
  5593;19490901;19490930;   1;   2;    17.4;   -999;      0;    6.9;eor
  5593;19491001;19491031;   1;   2;    18.7;   -999;      0;   12.7;eor
  5593;19491101;19491130;   1;   2;    41.4;   -999;      0;   10.3;eor
  5593;19491201;19491231;   1;   2;    49.6;   -999;     26;   11.3;eor
  5593;19500101;19500130;-999;-999;    -999;   -999;   -999;    6.1;eor
  5593;19500101;19500131;   5;   2;    46.0;   -999;   -999;-999;eor
  5593;19500201;19500228;   5;   2;    90.0;   -999;   -999;-999;eor
  5593;19500301;19500331;   5;   2;    13.0;   -999;   -999;-999;eor
  5593;19500331;19500331;-999;-999;    -999;   -999;   -999;    0.0;eor
  5593;19500401;19500430;   1;   2;    64.4;   -999;      0;   19.5;eor
  5593;19500501;19500531;   1;   2;   149.3;   -999;      0;   35.0;eor
  5593;19500601;19500630;   1;   2;    37.6;   -999;      0;   10.5;eor
  5593;19500701;19500731;   1;   2;    89.1;   -999;      0;   24.0;eor
  5593;19500801;19500831;   1;   2;    48.7;   -999;      0;   13.0;eor
  5593;19500901;19500930;   1;   2;    47.6;   -999;      0;    8.5;eor
  5593;19501001;19501031;   1;   2;    47.6;   -999;      9;   10.3;eor
  5593;19501101;19501130;   1;   2;    83.5;   -999;      7;   11.2;eor
  5593;19501201;19501231;   1;   2;    37.6;   -999;     75;    4.3;eor
  5593;19510101;19510131;   1;   2;    -999;   -999;     26;    5.8;eor
  5593;19510201;19510228;   5;   2;    32.0;   -999;   -999;-999;eor
  5593;19510301;19510331;   5;   2;    38.0;   -999;   -999;-999;eor
  5593;19510401;19510430;   5;   2;    15.0;   -999;   -999;-999;eor
  5593;19510410;19510430;-999;-999;    -999;   -999;   -999;    4.5;eor
  5593;19510501;19510531;   1;   2;    30.4;   -999;      0;    8.7;eor
  5593;19510601;19510630;   1;   2;   101.5;   -999;      0;   25.5;eor
  5593;19510701;19510731;   1;   2;    51.5;   -999;      0;   13.4;eor
  5593;19510801;19510831;   1;   2;    71.6;   -999;      0;   12.5;eor
  5593;19510901;19510930;   1;   2;    37.5;   -999;      0;   12.5;eor
  5593;19511001;19511031;   1;   2;    20.5;   -999;      0;    7.1;eor
  5593;19511101;19511130;   1;   2;    66.8;   -999;      0;   24.0;eor
  5593;19511201;19511231;   1;   2;    19.3;   -999;      8;    8.1;eor
  5593;19520101;19520131;   5;   2;    53.0;   -999;   -999;    8.5;eor
  5593;19520201;19520229;   1;   2;    49.3;   -999;    201;   16.2;eor
  5593;19520301;19520331;   1;   2;    79.3;   -999;     13;   13.5;eor
  5593;19520401;19520430;   1;   2;    13.8;   -999;   -999;    6.9;eor
  5593;19520501;19520531;   1;   2;    51.5;   -999;      0;    8.5;eor
  5593;19520601;19520630;   1;   2;    66.8;   -999;      0;   18.6;eor
  5593;19520701;19520731;   1;   2;    26.5;   -999;      0;   12.2;eor
  5593;19520801;19520831;   1;   2;    91.1;   -999;      0;   23.5;eor
  5593;19520901;19520930;   1;   2;   110.9;   -999;      0;   26.1;eor
  5593;19521001;19521031;   1;   2;    79.4;   -999;      0;   15.0;eor
  5593;19521101;19521130;   1;   2;    86.0;   -999;     27;   14.5;eor
  5593;19521201;19521231;   1;   2;    39.3;   -999;     92;   12.1;eor
  5593;19530101;19530131;   1;   2;    47.9;   -999;    434;   14.5;eor
  5593;19530201;19530228;   1;   2;    48.2;   -999;    335;   18.4;eor
  5593;19530301;19530331;   1;   2;     6.8;   -999;      0;    4.2;eor
  5593;19530401;19530430;   1;   2;    22.1;   -999;      0;    4.8;eor
  5593;19530501;19530531;   1;   2;    43.8;   -999;      0;   14.5;eor
  5593;19530601;19530630;   1;   2;    75.8;   -999;      0;   28.5;eor
  5593;19530701;19530731;   1;   2;    85.6;   -999;      0;   33.1;eor
  5593;19530801;19530831;   1;   2;    12.6;   -999;      0;    3.9;eor
  5593;19530901;19530930;   1;   2;    33.9;   -999;      0;   18.2;eor
  5593;19531001;19531031;   1;   2;    37.8;   -999;      0;   19.1;eor
  5593;19531101;19531130;   1;   2;     5.8;   -999;      0;    5.1;eor
  5593;19531201;19531231;   1;   2;    39.5;   -999;     10;    8.1;eor
  5593;19540101;19540131;   1;   2;    57.0;   -999;     91;   11.7;eor
  5593;19540201;19540228;   1;   2;    19.8;   -999;     18;    5.1;eor
  5593;19540301;19540331;   1;   2;    13.9;   -999;      0;    4.1;eor
  5593;19540401;19540430;   1;   2;    44.0;   -999;      3;    6.5;eor
  5593;19540501;19540531;   1;   2;    50.0;   -999;      0;   11.0;eor
  5593;19540601;19540630;   1;   2;    21.2;   -999;      0;    7.0;eor
  5593;19540701;19540731;   1;   2;   125.4;   -999;      0;   21.0;eor
  5593;19540801;19540831;   1;   2;    76.3;   -999;      0;   19.5;eor
  5593;19540901;19540930;   1;   2;    58.2;   -999;      0;   11.3;eor
  5593;19541001;19541031;   1;   2;    51.3;   -999;      0;   10.8;eor
  5593;19541101;19541130;   1;   2;    13.0;   -999;      0;    5.3;eor
  5593;19541201;19541231;   1;   2;    70.0;   -999;   -999;   13.1;eor
  5593;19550101;19550131;   1;   2;    44.2;   -999;     81;   11.0;eor
  5593;19550201;19550228;   1;   2;    47.4;   -999;     90;   11.2;eor
  5593;19550301;19550331;   1;   2;    36.8;   -999;   -999;    6.1;eor
  5593;19550401;19550430;   1;   2;    34.0;   -999;      0;   10.3;eor
  5593;19550501;19550531;   1;   2;    53.7;   -999;      0;   16.1;eor
  5593;19550601;19550630;   1;   2;   102.5;   -999;      0;   47.1;eor
  5593;19550701;19550731;   1;   2;   109.4;   -999;      0;   27.3;eor
  5593;19550801;19550831;   1;   2;    47.6;   -999;      0;    6.6;eor
  5593;19550901;19550930;   1;   2;    31.7;   -999;      0;    8.5;eor
  5593;19551001;19551031;   1;   2;    53.1;   -999;      0;   25.0;eor
  5593;19551101;19551130;   1;   2;    15.3;   -999;      2;    5.1;eor
  5593;19551201;19551231;   1;   2;    66.0;   -999;   -999;   12.7;eor
  5593;19560101;19560131;   1;   2;    49.9;   -999;   -999;   10.6;eor
  5593;19560201;19560229;   1;   2;    16.1;   -999;   -999;    4.6;eor
  5593;19560301;19560331;   1;   2;    46.9;   -999;      1;   15.5;eor
  5593;19560401;19560430;   1;   2;    86.1;   -999;   -999;   24.3;eor
  5593;19560501;19560531;   1;   2;    25.2;   -999;      0;    7.6;eor
  5593;19560601;19560630;   1;   2;   145.4;   -999;      0;   33.2;eor
  5593;19560701;19560731;   1;   2;   159.1;   -999;      0;   41.3;eor
  5593;19560801;19560831;   1;   2;    59.0;   -999;      0;    9.5;eor
  5593;19560901;19560930;   1;   2;    25.8;   -999;      0;    6.1;eor
  5593;19561001;19561031;   1;   2;    48.9;   -999;      0;   13.1;eor
  5593;19561101;19561130;   1;   2;    36.5;   -999;   -999;    8.4;eor
  5593;19561201;19561231;   1;   2;    36.6;   -999;   -999;    8.7;eor
  5593;19570101;19570131;   1;   2;    30.1;   -999;   -999;    5.2;eor
  5593;19570201;19570228;   1;   2;    54.7;   -999;     23;    8.6;eor
  5593;19570301;19570331;   1;   2;    43.7;   -999;      0;    6.7;eor
  5593;19570401;19570430;   1;   2;    28.4;   -999;      0;   15.1;eor
  5593;19570501;19570531;   1;   2;    51.2;   -999;      0;   13.1;eor
  5593;19570601;19570630;   1;   2;    32.2;   -999;      0;   16.3;eor
  5593;19570701;19570731;   1;   2;   122.3;   -999;      0;   38.5;eor
  5593;19570801;19570831;   1;   2;    62.4;   -999;      0;   13.8;eor
  5593;19570901;19570930;   1;   2;   110.3;   -999;      0;   40.1;eor
  5593;19571001;19571031;   1;   2;    21.3;   -999;      0;   12.1;eor
  5593;19571101;19571130;   1;   2;    24.5;   -999;      0;    7.0;eor
  5593;19571201;19571231;   1;   2;    30.1;   -999;     63;    8.2;eor
  5593;19580101;19580131;   1;   2;    69.6;   -999;     17;   26.1;eor
  5593;19580201;19580228;   1;   2;    55.9;   -999;     34;    7.0;eor
  5593;19580301;19580331;   1;   2;    22.3;   -999;     84;    4.9;eor
  5593;19580401;19580430;   1;   2;    29.5;   -999;      3;    5.5;eor
  5593;19580501;19580531;   1;   2;   109.5;   -999;      0;   24.4;eor
  5593;19580601;19580630;   1;   2;    84.7;   -999;      0;   31.0;eor
  5593;19580701;19580731;   1;   2;    34.3;   -999;      0;   12.7;eor
  5593;19580801;19580831;   1;   2;   112.6;   -999;      0;   28.8;eor
  5593;19580901;19580930;   1;   2;    41.2;   -999;      0;   10.6;eor
  5593;19581001;19581031;   1;   2;    41.4;   -999;      0;   12.3;eor
  5593;19581101;19581130;   1;   2;    23.8;   -999;      0;    5.9;eor
  5593;19581201;19581231;   1;   2;    58.9;   -999;     10;   15.1;eor
  5593;19590101;19590131;   1;   2;    35.3;   -999;    109;    7.8;eor
  5593;19590201;19590228;   1;   2;     6.5;   -999;      4;    4.4;eor
  5593;19590301;19590331;   1;   2;    12.4;   -999;      0;    3.4;eor
  5593;19590401;19590430;   1;   2;    28.6;   -999;      0;    6.0;eor
  5593;19590501;19590531;   1;   2;    19.3;   -999;      0;    5.5;eor
  5593;19590601;19590630;   1;   2;    58.2;   -999;      0;   23.9;eor
  5593;19590701;19590731;   1;   2;    39.9;   -999;      0;   23.1;eor
  5593;19590801;19590831;   1;   2;    59.6;   -999;      0;   41.8;eor
  5593;19590901;19590930;   1;   2;     0.5;   -999;      0;    0.5;eor
  5593;19591001;19591031;   1;   2;    31.8;   -999;      0;   17.1;eor
  5593;19591101;19591130;   1;   2;    29.0;   -999;      0;    9.6;eor
  5593;19591201;19591231;   1;   2;    27.8;   -999;      4;    4.8;eor
  5593;19600101;19600131;   1;   2;    53.9;   -999;     77;    7.5;eor
  5593;19600201;19600229;   1;   2;    14.7;   -999;     10;    4.5;eor
  5593;19600301;19600331;   1;   2;    16.6;   -999;      0;    7.3;eor
  5593;19600401;19600430;   1;   2;    27.1;   -999;      0;    5.6;eor
  5593;19600501;19600531;   1;   2;   103.9;   -999;      0;   38.8;eor
  5593;19600601;19600630;   1;   2;    28.1;   -999;      0;   10.0;eor
  5593;19600701;19600731;   1;   2;    58.9;   -999;      0;   10.5;eor
  5593;19600801;19600831;   1;   2;    88.0;   -999;      0;   15.1;eor
  5593;19600901;19600930;   1;   2;    51.7;   -999;      0;   17.7;eor
  5593;19601001;19601031;   1;   2;    75.1;   -999;      0;   14.4;eor
  5593;19601101;19601130;   1;   2;    39.5;   -999;      0;   10.0;eor
  5593;19601201;19601231;   1;   2;    57.1;   -999;    273;   10.4;eor
  5593;19610101;19610131;   1;   2;    50.3;   -999;    138;   12.5;eor
  5593;19610201;19610228;   1;   2;    33.8;   -999;      9;    8.6;eor
  5593;19610301;19610331;   1;   2;    24.5;   -999;      0;    7.9;eor
  5593;19610401;19610430;   1;   2;   128.4;   -999;      0;   27.6;eor
  5593;19610501;19610531;   1;   2;   101.7;   -999;      0;   15.0;eor
  5593;19610601;19610630;   1;   2;    69.3;   -999;      0;   20.5;eor
  5593;19610701;19610731;   1;   2;    61.3;   -999;      0;   16.6;eor
  5593;19610801;19610831;   1;   2;    42.6;   -999;      0;   14.2;eor
  5593;19610901;19610930;   1;   2;    16.5;   -999;      0;    5.1;eor
  5593;19611001;19611031;   1;   2;    23.9;   -999;      0;    3.6;eor
  5593;19611101;19611130;   1;   2;    59.0;   -999;      0;   20.1;eor
  5593;19611201;19611231;   1;   2;    79.4;   -999;     42;   19.5;eor
  5593;19620101;19620131;   1;   2;    26.8;   -999;      0;    7.5;eor
  5593;19620201;19620228;   1;   2;    45.3;   -999;     15;   18.0;eor
  5593;19620301;19620331;   1;   2;    37.6;   -999;     54;    8.6;eor
  5593;19620401;19620430;   1;   2;    52.2;   -999;      0;    9.8;eor
  5593;19620501;19620531;   1;   2;    42.7;   -999;      0;    9.1;eor
  5593;19620601;19620630;   1;   2;    50.3;   -999;      0;   19.0;eor
  5593;19620701;19620731;   1;   2;    74.1;   -999;      0;    9.8;eor
  5593;19620801;19620831;   1;   2;    49.4;   -999;      0;   11.5;eor
  5593;19620901;19620930;   1;   2;    24.7;   -999;      0;   12.3;eor
  5593;19621001;19621031;   1;   2;     4.1;   -999;      0;    2.3;eor
  5593;19621101;19621130;   1;   2;    17.2;   -999;     41;    6.5;eor
  5593;19621201;19621231;   1;   2;    61.1;   -999;    159;   16.0;eor
  5593;19630101;19630131;   1;   2;    24.3;   -999;    708;    6.6;eor
  5593;19630201;19630228;   1;   2;    13.9;   -999;    810;    3.0;eor
  5593;19630301;19630331;   1;   2;    28.8;   -999;    148;    4.2;eor
  5593;19630401;19630430;   1;   2;    29.2;   -999;      0;    9.1;eor
  5593;19630501;19630531;   1;   2;    29.0;   -999;      0;   13.8;eor
  5593;19630601;19630630;   1;   2;   102.9;   -999;      0;   21.8;eor
  5593;19630701;19630731;   1;   2;    31.6;   -999;      0;   24.4;eor
  5593;19630801;19630831;   1;   2;   110.5;   -999;      0;   25.0;eor
  5593;19630901;19630930;   1;   2;    59.7;   -999;      0;   14.2;eor
  5593;19631001;19631031;   1;   2;    28.3;   -999;      0;    7.3;eor
  5593;19631101;19631130;   1;   2;    89.3;   -999;      0;   16.1;eor
  5593;19631201;19631231;   1;   2;     8.4;   -999;     74;    2.6;eor
  5593;19640101;19640131;   1;   2;    24.0;   -999;     48;    5.8;eor
  5593;19640201;19640229;   1;   2;    41.5;   -999;     16;   10.9;eor
  5593;19640301;19640331;   1;   2;    24.7;   -999;      6;    6.4;eor
  5593;19640401;19640430;   1;   2;    37.4;   -999;      0;   11.8;eor
  5593;19640501;19640531;   1;   2;    34.1;   -999;      0;    5.4;eor
  5593;19640601;19640630;   1;   2;    53.4;   -999;      0;   14.1;eor
  5593;19640701;19640731;   1;   2;    25.9;   -999;      0;    6.7;eor
  5593;19640801;19640831;   1;   2;    65.9;   -999;      0;   33.6;eor
  5593;19640901;19640930;   1;   2;    59.4;   -999;      0;   25.6;eor
  5593;19641001;19641031;   1;   2;    31.4;   -999;      0;    9.5;eor
  5593;19641101;19641130;   1;   2;    37.5;   -999;      0;    9.5;eor
  5593;19641201;19641231;   1;   2;    33.9;   -999;     42;    6.0;eor
  5593;19650101;19650131;   1;   2;    69.5;   -999;     26;   14.7;eor
  5593;19650201;19650228;   1;   2;    46.1;   -999;    192;    6.8;eor
  5593;19650301;19650331;   1;   2;    39.2;   -999;    195;    9.4;eor
  5593;19650401;19650430;   1;   2;    59.1;   -999;      0;    9.9;eor
  5593;19650501;19650531;   1;   2;    38.4;   -999;      0;   13.9;eor
  5593;19650601;19650630;   1;   2;    50.8;   -999;      0;   19.2;eor
  5593;19650701;19650731;   1;   2;   130.0;   -999;      0;   57.9;eor
  5593;19650801;19650831;   1;   2;    35.0;   -999;      0;    7.7;eor
  5593;19650901;19650930;   1;   2;    31.5;   -999;      0;   11.2;eor
  5593;19651001;19651031;   1;   2;    15.0;   -999;      0;    3.4;eor
  5593;19651101;19651130;   1;   2;    88.1;   -999;    209;   15.5;eor
  5593;19651201;19651231;   1;   2;   102.4;   -999;     34;   17.4;eor
  5593;19660101;19660131;   1;   2;    34.0;   -999;     48;    7.8;eor
  5593;19660201;19660228;   1;   2;    59.5;   -999;     97;   17.1;eor
  5593;19660301;19660331;   1;   2;    52.0;   -999;      7;    9.6;eor
  5593;19660401;19660430;   1;   2;    76.0;   -999;      0;   11.3;eor
  5593;19660501;19660531;   1;   2;    54.7;   -999;      0;    9.5;eor
  5593;19660601;19660630;   1;   2;    94.9;   -999;      0;   41.9;eor
  5593;19660701;19660731;   1;   2;    51.3;   -999;      0;   10.7;eor
  5593;19660801;19660831;   1;   2;    88.9;   -999;      0;   36.0;eor
  5593;19660901;19660930;   1;   2;    18.2;   -999;      0;    6.6;eor
  5593;19661001;19661031;   1;   2;    81.1;   -999;      0;   34.0;eor
  5593;19661101;19661130;   1;   2;    62.6;   -999;     20;   15.3;eor
  5593;19661201;19661231;   1;   2;   113.4;   -999;     29;   17.2;eor
  5593;19670101;19670131;   1;   2;    30.3;   -999;     94;    4.3;eor
  5593;19670201;19670228;   1;   2;    56.0;   -999;     15;   16.2;eor
  5593;19670301;19670331;   1;   2;    66.2;   -999;      8;   10.8;eor
  5593;19670401;19670430;   1;   2;    53.8;   -999;      0;   27.0;eor
  5593;19670501;19670531;   1;   2;    69.8;   -999;      0;   24.2;eor
  5593;19670601;19670630;   1;   2;    64.5;   -999;      0;   25.8;eor
  5593;19670701;19670731;   1;   2;    64.0;   -999;      0;   20.0;eor
  5593;19670801;19670831;   1;   2;    40.5;   -999;      0;   17.3;eor
  5593;19670901;19670930;   1;   2;    59.4;   -999;      0;   16.3;eor
  5593;19671001;19671031;   1;   2;    45.2;   -999;      0;   10.8;eor
  5593;19671101;19671130;   1;   2;    29.3;   -999;     10;    8.4;eor
  5593;19671201;19671231;   1;   2;    98.6;   -999;    190;   17.4;eor
  5593;19680101;19680131;   1;   2;    86.0;   -999;    352;   15.5;eor
  5593;19680201;19680229;   1;   2;    36.6;   -999;     75;   10.5;eor
  5593;19680301;19680331;   1;   2;    51.3;   -999;     26;   13.3;eor
  5593;19680401;19680430;   1;   2;    37.5;   -999;      0;   16.7;eor
  5593;19680501;19680531;   1;   2;    49.1;   -999;      0;   13.5;eor
  5593;19680601;19680630;   1;   2;   100.8;   -999;      0;   20.1;eor
  5593;19680701;19680731;   1;   2;    36.8;   -999;      0;   12.8;eor
  5593;19680801;19680831;   1;   2;    73.6;   -999;      0;   21.3;eor
  5593;19680901;19680930;   1;   2;    58.5;   -999;      0;   11.9;eor
  5593;19681001;19681031;   1;   2;    44.3;   -999;      0;   12.5;eor
  5593;19681101;19681130;   1;   2;    27.6;   -999;      1;   11.1;eor
  5593;19681201;19681231;   1;   2;    -999;   -999;     67;    5.3;eor
  5593;19690101;19690131;   5;   2;    37.9;   -999;     40;   15.9;eor
  5593;19690201;19690228;   5;   2;    47.5;   -999;    347;   15.3;eor
  5593;19690301;19690331;   5;   2;    56.9;   -999;    104;   14.2;eor
  5593;19690401;19690430;   5;   2;    60.0;   -999;      3;   13.7;eor
  5593;19690501;19690531;   5;   2;    68.3;   -999;      0;    9.4;eor
  5593;19690601;19690630;   5;   2;    98.7;   -999;      0;   34.2;eor
  5593;19690701;19690731;   5;   2;    33.2;   -999;      0;   14.0;eor
  5593;19690801;19690831;   5;   2;    95.6;   -999;      0;   24.0;eor
  5593;19690901;19690930;   5;   2;    13.9;   -999;      0;    8.9;eor
  5593;19691001;19691031;   5;   2;    35.2;   -999;      0;    9.1;eor
  5593;19691101;19691130;   5;   2;    55.8;   -999;     12;   11.6;eor
  5593;19691201;19691231;   5;   2;    38.9;   -999;    595;    8.6;eor
  5593;19700101;19700131;   5;   2;    44.6;   -999;    831;    8.4;eor
  5593;19700201;19700228;   5;   2;   115.7;   -999;    830;   18.9;eor
  5593;19700301;19700331;   5;   2;    50.1;   -999;    677;    9.9;eor
  5593;19700401;19700430;   5;   2;    69.6;   -999;     14;    9.4;eor
  5593;19700501;19700531;   5;   2;    52.4;   -999;      0;   18.8;eor
  5593;19700601;19700630;   5;   2;    30.2;   -999;      0;   13.9;eor
  5593;19700701;19700731;   5;   2;    67.5;   -999;      0;   10.7;eor
  5593;19700801;19700831;   5;   2;    60.7;   -999;      0;   18.1;eor
  5593;19700901;19700930;   5;   2;    52.6;   -999;      0;   10.2;eor
  5593;19701001;19701031;   5;   2;    88.1;   -999;      0;   25.4;eor
  5593;19701101;19701130;   5;   2;    54.1;   -999;      0;   14.0;eor
  5593;19701201;19701231;   5;   2;    31.2;   -999;     22;    6.6;eor
  5593;19710101;19710131;   5;   2;    20.7;   -999;    190;    4.3;eor
  5593;19710201;19710228;   5;   2;    25.9;   -999;     10;    4.5;eor
  5593;19710301;19710331;   5;   2;    10.2;   -999;     34;    2.1;eor
  5593;19710401;19710430;   5;   2;    40.2;   -999;      1;   11.1;eor
  5593;19710501;19710531;   5;   2;    59.7;   -999;      0;   12.8;eor
  5593;19710601;19710630;   5;   2;    87.6;   -999;      0;   16.7;eor
  5593;19710701;19710731;   5;   2;     4.2;   -999;      0;    2.7;eor
  5593;19710801;19710831;   5;   2;    40.7;   -999;      0;   13.4;eor
  5593;19710901;19710930;   5;   2;    25.0;   -999;      0;   15.1;eor
  5593;19711001;19711031;   5;   2;    36.3;   -999;      0;   14.0;eor
  5593;19711101;19711130;   5;   2;    58.4;   -999;     23;   26.2;eor
  5593;19711201;19711231;   5;   2;    32.2;   -999;      8;    7.0;eor
  5593;19720101;19720131;   5;   2;     9.0;   -999;     76;    3.1;eor
  5593;19720201;19720229;   5;   2;     5.2;   -999;     13;    2.0;eor
  5593;19720301;19720331;   5;   2;    42.3;   -999;     22;   16.9;eor
  5593;19720401;19720430;   5;   2;    55.6;   -999;      0;    7.9;eor
  5593;19720501;19720531;   5;   2;    80.0;   -999;      0;   13.5;eor
  5593;19720601;19720630;   5;   2;   109.1;   -999;      0;   27.8;eor
  5593;19720701;19720731;   5;   2;   152.8;   -999;      0;   60.0;eor
  5593;19720801;19720831;   5;   2;    98.6;   -999;      0;   21.7;eor
  5593;19720901;19720930;   5;   2;    38.3;   -999;      0;   14.5;eor
  5593;19721001;19721031;   5;   2;    29.6;   -999;      0;    6.1;eor
  5593;19721101;19721130;   5;   2;    46.9;   -999;     80;   10.0;eor
  5593;19721201;19721231;   5;   2;     5.0;   -999;      0;    2.7;eor
  5593;19730101;19730131;   5;   2;    41.6;   -999;     23;    7.0;eor
  5593;19730201;19730228;   5;   2;    46.0;   -999;    117;    9.6;eor
  5593;19730301;19730331;   5;   2;    15.5;   -999;     17;    4.8;eor
  5593;19730401;19730430;   5;   2;    57.4;   -999;      3;    8.8;eor
  5593;19730501;19730531;   5;   2;    62.9;   -999;      0;   22.0;eor
  5593;19730601;19730630;   5;   2;    33.2;   -999;      0;   15.8;eor
  5593;19730701;19730731;   5;   2;    57.7;   -999;      0;   12.5;eor
  5593;19730801;19730831;   5;   2;    18.6;   -999;      0;    5.9;eor
  5593;19730901;19730930;   5;   2;    46.0;   -999;      0;   17.2;eor
  5593;19731001;19731031;   5;   2;    76.9;   -999;      0;   18.0;eor
  5593;19731101;19731130;   5;   2;    50.1;   -999;     57;    9.8;eor
  5593;19731201;19731231;   5;   2;    52.2;   -999;    171;   12.4;eor
  5593;19740101;19740131;   5;   2;    37.6;   -999;      1;   10.4;eor
  5593;19740201;19740228;   5;   2;    38.7;   -999;     14;   12.0;eor
  5593;19740301;19740331;   5;   2;    30.5;   -999;      2;   10.5;eor
  5593;19740401;19740430;   5;   2;    14.6;   -999;      0;    4.5;eor
  5593;19740501;19740531;   5;   2;    60.7;   -999;      0;   12.4;eor
  5593;19740601;19740630;   5;   2;    90.8;   -999;      0;   20.0;eor
  5593;19740701;19740731;   5;   2;    38.4;   -999;      0;    6.5;eor
  5593;19740801;19740831;   5;   2;    62.0;   -999;      0;    8.5;eor
  5593;19740901;19740930;   5;   2;    19.4;   -999;      0;    4.7;eor
  5593;19741001;19741031;   5;   2;   125.0;   -999;      0;   26.0;eor
  5593;19741101;19741130;   5;   2;    49.1;   -999;      0;    8.2;eor
  5593;19741201;19741231;   5;   2;   147.5;   -999;     20;   19.2;eor
  5593;19750101;19750131;   5;   2;    35.7;   -999;      0;    5.4;eor
  5593;19750201;19750228;   5;   2;    15.7;   -999;      3;    6.1;eor
  5593;19750301;19750331;   5;   2;    49.5;   -999;      8;   12.5;eor
  5593;19750401;19750430;   5;   2;    61.9;   -999;     10;   17.3;eor
  5593;19750501;19750531;   5;   2;    83.7;   -999;      0;   39.8;eor
  5593;19750601;19750630;   5;   2;    83.5;   -999;      0;   26.3;eor
  5593;19750701;19750731;   5;   2;    36.6;   -999;      0;   14.0;eor
  5593;19750801;19750831;   5;   2;    44.8;   -999;      0;   11.3;eor
  5593;19750901;19750930;   5;   2;    36.0;   -999;      0;    8.0;eor
  5593;19751001;19751031;   5;   2;    27.6;   -999;      0;    5.8;eor
  5593;19751101;19751130;   5;   2;    43.8;   -999;     16;    7.9;eor
  5593;19751201;19751231;   5;   2;    19.9;   -999;      2;    3.8;eor
  5593;19760101;19760131;   5;   2;   134.0;   -999;     63;   17.8;eor
  5593;19760201;19760229;   5;   2;    21.1;   -999;    139;    8.9;eor
  5593;19760301;19760331;   5;   2;    18.8;   -999;     22;    4.8;eor
  5593;19760401;19760430;   5;   2;     7.1;   -999;      2;    2.9;eor
  5593;19760501;19760531;   5;   2;    32.3;   -999;      0;    7.4;eor
  5593;19760601;19760630;   5;   2;    20.0;   -999;      0;    7.7;eor
  5593;19760701;19760731;   5;   2;    64.7;   -999;      0;   25.8;eor
  5593;19760801;19760831;   5;   2;    20.2;   -999;      0;   10.3;eor
  5593;19760901;19760930;   5;   2;    21.0;   -999;      0;    4.5;eor
  5593;19761001;19761031;   5;   2;    21.9;   -999;      0;   11.0;eor
  5593;19761101;19761130;   5;   2;    55.2;   -999;      3;   12.3;eor
  5593;19761201;19761231;   5;   2;    22.9;   -999;     64;    3.8;eor
  5593;19770101;19770131;   5;   2;    41.0;   -999;    303;    8.9;eor
  5593;19770201;19770228;   5;   2;    46.0;   -999;      1;   15.3;eor
  5593;19770301;19770331;   5;   2;    46.3;   -999;      6;   15.7;eor
  5593;19770401;19770430;   5;   2;    49.8;   -999;      4;   10.7;eor
  5593;19770501;19770531;   5;   2;    20.5;   -999;      0;   13.8;eor
  5593;19770601;19770630;   5;   2;   146.9;   -999;      0;   49.5;eor
  5593;19770701;19770731;   5;   2;    34.6;   -999;      0;   15.3;eor
  5593;19770801;19770831;   5;   2;   174.2;   -999;      0;   93.2;eor
  5593;19770901;19770930;   5;   2;    34.1;   -999;      0;   14.3;eor
  5593;19771001;19771031;   5;   2;    34.1;   -999;      0;    8.8;eor
  5593;19771101;19771130;   5;   2;    96.2;   -999;      5;   24.0;eor
  5593;19771201;19771231;   5;   2;    58.6;   -999;      6;   14.4;eor
  5593;19780101;19780131;   5;   2;    30.3;   -999;     62;    5.7;eor
  5593;19780201;19780228;   5;   2;    17.6;   -999;    271;    3.9;eor
  5593;19780301;19780331;   5;   2;    57.3;   -999;     11;   11.0;eor
  5593;19780401;19780430;   5;   2;     6.8;   -999;      0;    2.1;eor
  5593;19780501;19780531;   5;   2;    65.6;   -999;      0;   19.3;eor
  5593;19780601;19780630;   5;   2;    41.8;   -999;      0;   16.3;eor
  5593;19780701;19780731;   5;   2;    44.1;   -999;      0;   12.8;eor
  5593;19780801;19780831;   5;   2;    75.5;   -999;      0;   14.3;eor
  5593;19780901;19780930;   5;   2;    85.9;   -999;      0;   14.9;eor
  5593;19781001;19781031;   5;   2;    14.5;   -999;      0;    4.1;eor
  5593;19781101;19781130;   5;   2;     3.4;   -999;      3;    0.8;eor
  5593;19781201;19781231;   5;   2;    72.7;   -999;     58;   11.0;eor
  5593;19790101;19790131;   5;   2;    46.4;   -999;    874;    8.0;eor
  5593;19790201;19790228;   5;   2;    41.5;   -999;    494;    7.3;eor
  5593;19790301;19790331;   5;   2;    75.8;   -999;    118;   11.5;eor
  5593;19790401;19790430;   5;   2;    55.1;   -999;      0;   12.8;eor
  5593;19790501;19790531;   5;   2;    56.3;   -999;      0;   15.0;eor
  5593;19790601;19790630;   5;   2;    56.1;   -999;      0;   23.2;eor
  5593;19790701;19790731;   5;   2;    74.4;   -999;      0;   19.8;eor
  5593;19790801;19790831;   5;   2;    20.3;   -999;      0;    8.1;eor
  5593;19790901;19790930;   5;   2;    30.3;   -999;      0;    6.5;eor
  5593;19791001;19791031;   5;   2;    18.2;   -999;      0;    7.8;eor
  5593;19791101;19791130;   5;   2;    86.2;   -999;      0;   25.1;eor
  5593;19791201;19791231;   5;   2;    74.1;   -999;     26;   22.3;eor
  5593;19800101;19800131;   5;   2;    36.5;   -999;    212;    7.9;eor
  5593;19800201;19800229;   5;   2;    55.8;   -999;     13;   12.8;eor
  5593;19800301;19800331;   5;   2;    32.2;   -999;     22;    4.2;eor
  5593;19800401;19800430;   5;   2;    61.8;   -999;     10;    9.9;eor
  5593;19800501;19800531;   5;   2;    42.0;   -999;      0;   19.0;eor
  5593;19800601;19800630;   5;   2;   155.0;   -999;      0;   34.6;eor
  5593;19800701;19800731;   5;   2;    70.3;   -999;      0;   10.9;eor
  5593;19800801;19800831;   5;   2;    42.9;   -999;      0;    9.0;eor
  5593;19800901;19800930;   5;   2;    29.8;   -999;      0;    6.9;eor
  5593;19801001;19801031;   5;   2;    36.3;   -999;      0;   10.3;eor
  5593;19801101;19801130;   5;   2;    40.7;   -999;     42;   11.4;eor
  5593;19801201;19801231;   5;   2;    46.5;   -999;    186;    8.0;eor
  5593;19810101;19810131;  10;   2;    82.1;   -999;    488;   15.3;eor
  5593;19810201;19810228;  10;   2;    27.1;   -999;    132;    4.3;eor
  5593;19810301;19810331;  10;   2;    87.8;   -999;      8;   18.8;eor
  5593;19810401;19810430;  10;   2;    44.3;   -999;      3;   22.1;eor
  5593;19810501;19810531;  10;   2;    66.2;   -999;      0;   28.5;eor
  5593;19810601;19810630;  10;   2;   126.3;   -999;      0;   61.0;eor
  5593;19810701;19810731;  10;   2;    51.3;   -999;      0;   12.0;eor
  5593;19810801;19810831;  10;   2;    76.9;   -999;      0;   39.0;eor
  5593;19810901;19810930;  10;   2;    52.3;   -999;      0;   16.0;eor
  5593;19811001;19811031;  10;   2;    52.9;   -999;      0;   10.6;eor
  5593;19811101;19811130;  10;   2;    94.6;   -999;      8;   13.9;eor
  5593;19811201;19811231;  10;   2;   101.4;   -999;    922;   19.6;eor
  5593;19820101;19820131;  10;   2;    50.1;   -999;     62;   11.0;eor
  5593;19820201;19820228;  10;   2;     5.9;   -999;      0;    2.5;eor
  5593;19820301;19820331;  10;   2;    34.7;   -999;      1;    9.0;eor
  5593;19820401;19820430;  10;   2;    41.0;   -999;      0;    9.3;eor
  5593;19820501;19820531;  10;   2;    66.1;   -999;      0;   21.9;eor
  5593;19820601;19820630;  10;   2;    55.1;   -999;      0;   11.2;eor
  5593;19820701;19820731;  10;   2;    39.7;   -999;      0;   30.2;eor
  5593;19820801;19820831;  10;   2;    18.3;   -999;      0;    7.0;eor
  5593;19820901;19820930;  10;   2;     5.9;   -999;      0;    1.2;eor
  5593;19821001;19821031;  10;   2;    53.0;   -999;      0;   15.5;eor
  5593;19821101;19821130;  10;   2;    23.9;   -999;      0;    5.9;eor
  5593;19821201;19821231;  10;   2;    72.7;   -999;      7;   12.0;eor
  5593;19830101;19830131;  10;   2;    70.2;   -999;     15;    8.9;eor
  5593;19830201;19830228;  10;   2;    28.9;   -999;    117;    5.5;eor
  5593;19830301;19830331;  10;   2;    49.3;   -999;      4;    6.2;eor
  5593;19830401;19830430;  10;   2;   119.8;   -999;      0;   28.6;eor
  5593;19830501;19830531;  10;   2;    74.4;   -999;      0;   21.9;eor
  5593;19830601;19830630;  10;   2;    23.7;   -999;      0;    7.8;eor
  5593;19830701;19830731;  10;   2;    21.4;   -999;      0;   11.2;eor
  5593;19830801;19830831;  10;   2;    45.0;   -999;      0;   16.8;eor
  5593;19830901;19830930;  10;   2;    43.1;   -999;      0;    9.8;eor
  5593;19831001;19831031;  10;   2;    18.4;   -999;      0;    6.5;eor
  5593;19831101;19831130;  10;   2;    43.7;   -999;      4;   14.0;eor
  5593;19831201;19831231;  10;   2;    31.0;   -999;     12;    9.4;eor
  5593;19840101;19840131;  10;   2;    64.2;   -999;    113;   13.8;eor
  5593;19840201;19840229;  10;   2;    63.5;   -999;     26;   26.7;eor
  5593;19840301;19840331;  10;   2;    25.5;   -999;      2;    7.4;eor
  5593;19840401;19840430;  10;   2;    44.8;   -999;     27;   11.6;eor
  5593;19840501;19840531;  10;   2;   101.4;   -999;      0;   18.6;eor
  5593;19840601;19840630;  10;   2;    51.5;   -999;      0;   15.0;eor
  5593;19840701;19840731;  10;   2;    75.7;   -999;      0;   26.3;eor
  5593;19840801;19840831;  10;   2;    29.7;   -999;      0;   16.2;eor
  5593;19840901;19840930;  10;   2;    91.0;   -999;      0;   32.3;eor
  5593;19841001;19841031;  10;   2;    55.2;   -999;      0;    9.6;eor
  5593;19841101;19841130;  10;   2;    50.0;   -999;      2;   31.4;eor
  5593;19841201;19841231;  10;   2;    31.2;   -999;      4;    8.2;eor
  5593;19850101;19850131;  10;   2;    51.5;   -999;    553;   14.9;eor
  5593;19850201;19850228;  10;   2;    18.8;   -999;     37;    5.7;eor
  5593;19850301;19850331;  10;   2;    41.8;   -999;     40;    6.7;eor
  5593;19850401;19850430;  10;   2;    47.5;   -999;      3;    6.3;eor
  5593;19850501;19850531;  10;   2;    87.9;   -999;      0;   51.4;eor
  5593;19850601;19850630;  10;   2;    86.5;   -999;      0;   18.5;eor
  5593;19850701;19850731;  10;   2;    69.6;   -999;      0;   20.4;eor
  5593;19850801;19850831;  10;   2;    57.4;   -999;      0;   13.5;eor
  5593;19850901;19850930;  10;   2;    39.9;   -999;      0;   10.9;eor
  5593;19851001;19851031;  10;   2;    18.4;   -999;      0;   10.6;eor
  5593;19851101;19851130;  10;   2;    51.5;   -999;    150;    9.0;eor
  5593;19851201;19851231;  10;   2;    83.3;   -999;     74;   18.1;eor
  5593;19860101;19860131;  10;   2;    85.8;   -999;    102;   16.7;eor
  5593;19860201;19860228;  10;   2;    16.6;   -999;    214;    5.8;eor
  5593;19860301;19860331;  10;   2;    65.7;   -999;     19;   20.6;eor
  5593;19860401;19860430;  10;   2;    52.0;   -999;      8;   12.4;eor
  5593;19860501;19860531;  10;   2;    63.3;   -999;      0;   16.0;eor
  5593;19860601;19860630;  10;   2;    73.8;   -999;      0;   14.5;eor
  5593;19860701;19860731;  10;   2;    29.0;   -999;      0;    7.9;eor
  5593;19860801;19860831;  10;   2;    71.6;   -999;      0;   13.6;eor
  5593;19860901;19860930;  10;   2;    60.0;   -999;      0;   31.4;eor
  5593;19861001;19861031;  10;   2;    65.6;   -999;      0;   24.9;eor
  5593;19861101;19861130;  10;   2;    19.8;   -999;      0;    3.3;eor
  5593;19861201;19861231;  10;   2;    97.1;   -999;    117;   15.7;eor
  5593;19870101;19870131;  10;   2;    97.1;   -999;    756;   26.0;eor
  5593;19870201;19870228;  10;   2;    42.3;   -999;    175;    7.7;eor
  5593;19870301;19870331;  10;   2;    63.1;   -999;    596;   14.7;eor
  5593;19870401;19870430;  10;   2;    24.5;   -999;      0;    8.5;eor
  5593;19870501;19870531;  10;   2;    80.7;   -999;      0;   27.7;eor
  5593;19870601;19870630;  10;   2;   127.3;   -999;      0;   20.5;eor
  5593;19870701;19870731;  10;   2;    99.5;   -999;      0;   25.4;eor
  5593;19870801;19870831;  10;   2;    66.2;   -999;      0;   10.2;eor
  5593;19870901;19870930;  10;   2;    88.4;   -999;      0;   35.5;eor
  5593;19871001;19871031;  10;   2;    30.9;   -999;      0;   13.3;eor
  5593;19871101;19871130;  10;   2;    53.6;   -999;      0;   10.0;eor
  5593;19871201;19871231;  10;   2;    40.2;   -999;      1;   11.2;eor
  5593;19880101;19880131;  10;   2;    56.4;   -999;     13;    8.4;eor
  5593;19880201;19880229;  10;   2;    73.9;   -999;     90;    9.3;eor
  5593;19880301;19880331;  10;   2;   108.7;   -999;    258;   15.0;eor
  5593;19880401;19880430;  10;   2;    17.3;   -999;      0;    3.2;eor
  5593;19880501;19880531;  10;   2;    24.9;   -999;      0;    9.0;eor
  5593;19880601;19880630;  10;   2;    38.3;   -999;      0;    9.7;eor
  5593;19880701;19880731;  10;   2;    69.8;   -999;      0;   16.1;eor
  5593;19880801;19880831;  10;   2;    28.2;   -999;      0;    9.7;eor
  5593;19880901;19880930;  10;   2;    42.9;   -999;      0;   10.9;eor
  5593;19881001;19881031;  10;   2;    28.8;   -999;      0;    7.7;eor
  5593;19881101;19881130;  10;   2;    69.0;   -999;     13;   25.0;eor
  5593;19881201;19881231;  10;   2;   113.3;   -999;     21;   30.8;eor
  5593;19890101;19890131;  10;   2;    17.5;   -999;   -999;    7.8;eor
  5593;19890201;19890228;  10;   2;    28.6;   -999;   -999;    4.0;eor
  5593;19890301;19890331;  10;   2;    58.4;   -999;   -999;   13.2;eor
  5593;19890401;19890430;  10;   2;    44.2;   -999;   -999;   18.8;eor
  5593;19890501;19890531;  10;   2;    32.3;   -999;   -999;   19.8;eor
  5593;19890601;19890630;  10;   2;    60.1;   -999;   -999;   17.1;eor
  5593;19890701;19890731;  10;   2;    36.4;   -999;   -999;   14.1;eor
  5593;19890801;19890831;  10;   2;    34.3;   -999;   -999;    8.0;eor
  5593;19890901;19890930;  10;   2;    43.5;   -999;   -999;   16.0;eor
  5593;19891001;19891031;  10;   2;    46.5;   -999;   -999;    8.8;eor
  5593;19891101;19891130;  10;   2;    53.9;   -999;   -999;   14.2;eor
  5593;19891201;19891231;  10;   2;    79.3;   -999;   -999;   19.1;eor
  5593;19900101;19900131;  10;   2;    26.6;   -999;      0;   10.8;eor
  5593;19900201;19900228;  10;   2;    91.4;   -999;     16;   18.8;eor
  5593;19900301;19900331;  10;   2;    25.8;   -999;      2;    5.2;eor
  5593;19900401;19900430;  10;   2;    41.3;   -999;      0;    6.0;eor
  5593;19900501;19900531;  10;   2;    21.1;   -999;      0;    7.7;eor
  5593;19900601;19900630;  10;   2;    79.8;   -999;      0;   30.9;eor
  5593;19900701;19900731;  10;   2;    20.9;   -999;      0;    6.8;eor
  5593;19900801;19900831;  10;   2;    69.7;   -999;      0;   16.2;eor
  5593;19900901;19900930;  10;   2;    61.5;   -999;      0;   11.1;eor
  5593;19901001;19901031;  10;   2;    23.9;   -999;      0;    7.7;eor
  5593;19901101;19901130;  10;   2;    69.8;   -999;      6;   18.2;eor
  5593;19901201;19901231;  10;   2;    68.1;   -999;    121;   13.5;eor
  5593;19910101;19910131;-999;-999;    -999;   -999;   -999;    7.5;eor
  5593;19910201;19910228;-999;-999;    -999;   -999;   -999;   12.3;eor
  5593;19910301;19910331;-999;-999;    -999;   -999;   -999;   14.3;eor
  5593;19910401;19910430;-999;-999;    -999;   -999;   -999;   11.3;eor
  5593;19910501;19910531;-999;-999;    -999;   -999;   -999;    3.5;eor
  5593;19910601;19910630;-999;-999;    -999;   -999;   -999;   12.0;eor
  5593;19910701;19910731;-999;-999;    -999;   -999;   -999;   24.2;eor
  5593;19910801;19910831;-999;-999;    -999;   -999;   -999;    4.3;eor
  5593;19910901;19910930;-999;-999;    -999;   -999;   -999;   13.6;eor
  5593;19911001;19911031;-999;-999;    -999;   -999;   -999;    9.1;eor
  5593;19911101;19911130;-999;-999;    -999;   -999;   -999;    7.8;eor
  5593;19911201;19911231;-999;-999;    -999;   -999;   -999;   20.1;eor
  5593;19920101;19920131;-999;-999;    -999;   -999;   -999;   11.9;eor
  5593;19920201;19920229;-999;-999;    -999;   -999;   -999;    5.5;eor
  5593;19920301;19920331;-999;-999;    -999;   -999;   -999;   14.6;eor
  5593;19920401;19920430;-999;-999;    -999;   -999;   -999;   11.2;eor
  5593;19920501;19920531;-999;-999;    -999;   -999;   -999;   10.9;eor
  5593;19920601;19920630;-999;-999;    -999;   -999;   -999;   19.2;eor
  5593;19920701;19920731;-999;-999;    -999;   -999;   -999;   50.2;eor
  5593;19920801;19920831;-999;-999;    -999;   -999;   -999;   20.9;eor
  5593;19920901;19920930;-999;-999;    -999;   -999;   -999;   13.5;eor
  5593;19921001;19921031;-999;-999;    -999;   -999;   -999;   15.7;eor
  5593;19921101;19921130;-999;-999;    -999;   -999;   -999;   14.6;eor
  5593;19921201;19921231;-999;-999;    -999;   -999;   -999;   12.4;eor
  5593;19930101;19930131;-999;-999;    -999;   -999;   -999;   24.4;eor
  5593;19930201;19930228;-999;-999;    -999;   -999;   -999;   14.1;eor
  5593;19930301;19930331;-999;-999;    -999;   -999;   -999;    4.5;eor
  5593;19930401;19930430;-999;-999;    -999;   -999;   -999;    9.4;eor
  5593;19930501;19930531;-999;-999;    -999;   -999;   -999;   22.5;eor
  5593;19930601;19930630;-999;-999;    -999;   -999;   -999;   16.5;eor
  5593;19930701;19930731;-999;-999;    -999;   -999;   -999;   32.6;eor
  5593;19930801;19930831;-999;-999;    -999;   -999;   -999;   16.9;eor
  5593;19930901;19930930;-999;-999;    -999;   -999;   -999;   15.7;eor
  5593;19931001;19931031;-999;-999;    -999;   -999;   -999;    9.4;eor
  5593;19931101;19931130;-999;-999;    -999;   -999;   -999;   13.7;eor
  5593;19931201;19931231;-999;-999;    -999;   -999;   -999;   15.2;eor
  5593;19940101;19940131;-999;-999;    -999;   -999;   -999;   11.6;eor
  5593;19940201;19940228;-999;-999;    -999;   -999;   -999;    4.2;eor
  5593;19940301;19940331;-999;-999;    -999;   -999;   -999;   24.2;eor
  5593;19940401;19940430;-999;-999;    -999;   -999;   -999;   24.0;eor
  5593;19940501;19940531;-999;-999;    -999;   -999;   -999;   20.3;eor
  5593;19940601;19940630;-999;-999;    -999;   -999;   -999;   19.2;eor
  5593;19940701;19940731;-999;-999;    -999;   -999;   -999;   24.3;eor
  5593;19940801;19940831;-999;-999;    -999;   -999;   -999;   30.6;eor
  5593;19940901;19940930;-999;-999;    -999;   -999;   -999;   29.9;eor
  5593;19941001;19941031;-999;-999;    -999;   -999;   -999;    9.4;eor
  5593;19941101;19941130;-999;-999;    -999;   -999;   -999;   13.4;eor
  5593;19941201;19941231;-999;-999;    -999;   -999;   -999;   11.6;eor
  5593;19950101;19950131;-999;-999;    -999;   -999;   -999;   12.4;eor
  5593;19950201;19950228;-999;-999;    -999;   -999;   -999;    7.5;eor
  5593;19950301;19950331;-999;-999;    -999;   -999;   -999;    8.0;eor
  5593;19950401;19950430;-999;-999;    -999;   -999;   -999;   12.6;eor
  5593;19950501;19950531;-999;-999;    -999;   -999;   -999;   35.2;eor
  5593;19950601;19950630;-999;-999;    -999;   -999;   -999;    9.3;eor
  5593;19950701;19950731;-999;-999;    -999;   -999;   -999;   22.1;eor
  5593;19950801;19950831;-999;-999;    -999;   -999;   -999;   16.1;eor
  5593;19950901;19950930;-999;-999;    -999;   -999;   -999;   14.3;eor
  5593;19951001;19951031;-999;-999;    -999;   -999;   -999;    2.1;eor
  5593;19951101;19951130;-999;-999;    -999;   -999;   -999;   10.2;eor
  5593;19951201;19951231;-999;-999;    -999;   -999;   -999;   14.2;eor
  5593;19960101;19960131;-999;-999;    -999;   -999;   -999;    0.5;eor
  5593;19960201;19960229;-999;-999;    -999;   -999;   -999;    6.9;eor
  5593;19960301;19960331;-999;-999;    -999;   -999;   -999;    2.7;eor
  5593;19960401;19960430;-999;-999;    -999;   -999;   -999;   18.7;eor
  5593;19960501;19960531;-999;-999;    -999;   -999;   -999;    9.4;eor
  5593;19960601;19960630;-999;-999;    -999;   -999;   -999;    5.4;eor
  5593;19960701;19960731;-999;-999;    -999;   -999;   -999;   20.5;eor
  5593;19960801;19960831;-999;-999;    -999;   -999;   -999;   19.3;eor
  5593;19960901;19960930;-999;-999;    -999;   -999;   -999;    9.8;eor
  5593;19961001;19961031;-999;-999;    -999;   -999;   -999;   20.6;eor
  5593;19961101;19961130;-999;-999;    -999;   -999;   -999;   12.4;eor
  5593;19961201;19961231;-999;-999;    -999;   -999;   -999;   20.6;eor
  5593;19970101;19970131;-999;-999;    -999;   -999;   -999;    3.0;eor
  5593;19970201;19970228;-999;-999;    -999;   -999;   -999;   13.5;eor
  5593;19970301;19970331;-999;-999;    -999;   -999;   -999;   13.3;eor
  5593;19970401;19970430;-999;-999;    -999;   -999;   -999;    9.0;eor
  5593;19970501;19970531;-999;-999;    -999;   -999;   -999;   24.6;eor
  5593;19970601;19970630;-999;-999;    -999;   -999;   -999;   18.8;eor
  5593;19970701;19970731;-999;-999;    -999;   -999;   -999;   13.1;eor
  5593;19970801;19970831;-999;-999;    -999;   -999;   -999;   10.0;eor
  5593;19970901;19970930;-999;-999;    -999;   -999;   -999;    4.2;eor
  5593;19971001;19971031;-999;-999;    -999;   -999;   -999;   14.2;eor
  5593;19971101;19971130;-999;-999;    -999;   -999;   -999;   20.0;eor
  5593;19971201;19971231;-999;-999;    -999;   -999;   -999;    9.4;eor
  5593;19980101;19980131;-999;-999;    -999;   -999;   -999;    4.4;eor
  5593;19980201;19980228;-999;-999;    -999;   -999;   -999;    5.2;eor
  5593;19980301;19980331;-999;-999;    -999;   -999;   -999;    9.6;eor
  5593;19980401;19980430;-999;-999;    -999;   -999;   -999;   11.4;eor
  5593;19980501;19980531;-999;-999;    -999;   -999;   -999;    8.7;eor
  5593;19980601;19980630;-999;-999;    -999;   -999;   -999;   11.3;eor
  5593;19980701;19980731;-999;-999;    -999;   -999;   -999;   11.2;eor
  5593;19980801;19980831;-999;-999;    -999;   -999;   -999;   25.9;eor
  5593;19980901;19980930;-999;-999;    -999;   -999;   -999;   25.9;eor
  5593;19981001;19981031;-999;-999;    -999;   -999;   -999;   19.8;eor
  5593;19981101;19981130;-999;-999;    -999;   -999;   -999;   11.6;eor
  5593;19981201;19981231;-999;-999;    -999;   -999;   -999;    6.4;eor
  5593;19990101;19990131;-999;-999;    -999;   -999;   -999;    7.0;eor
  5593;19990201;19990228;-999;-999;    -999;   -999;   -999;   16.2;eor
  5593;19990301;19990331;-999;-999;    -999;   -999;   -999;   12.6;eor
  5593;19990401;19990430;-999;-999;    -999;   -999;   -999;   13.9;eor
  5593;19990501;19990531;-999;-999;    -999;   -999;   -999;   33.0;eor
  5593;19990601;19990630;-999;-999;    -999;   -999;   -999;   18.1;eor
  5593;19990701;19990731;-999;-999;    -999;   -999;   -999;   29.1;eor
  5593;19990801;19990831;-999;-999;    -999;   -999;   -999;   13.4;eor
  5593;19990901;19990930;-999;-999;    -999;   -999;   -999;   16.3;eor
  5593;19991001;19991031;-999;-999;    -999;   -999;   -999;    3.9;eor
  5593;19991101;19991130;-999;-999;    -999;   -999;   -999;   10.8;eor
  5593;19991201;19991231;-999;-999;    -999;   -999;   -999;   22.5;eor
  5593;20000101;20000131;-999;-999;    -999;   -999;   -999;   21.8;eor
  5593;20000201;20000229;-999;-999;    -999;   -999;   -999;   22.0;eor
  5593;20000301;20000331;-999;-999;    -999;   -999;   -999;   14.0;eor
  5593;20000401;20000430;-999;-999;    -999;   -999;   -999;    4.7;eor
  5593;20000501;20000531;-999;-999;    -999;   -999;   -999;   10.5;eor
  5593;20000601;20000630;-999;-999;    -999;   -999;   -999;   14.4;eor
  5593;20000701;20000731;-999;-999;    -999;   -999;   -999;    7.5;eor
  5593;20000801;20000831;-999;-999;    -999;   -999;   -999;   23.2;eor
  5593;20000901;20000930;-999;-999;    -999;   -999;   -999;   18.0;eor
  5593;20001001;20001031;-999;-999;    -999;   -999;   -999;    6.3;eor
  5593;20001101;20001130;-999;-999;    -999;   -999;   -999;    9.9;eor
  5593;20001201;20001231;-999;-999;    -999;   -999;   -999;    7.2;eor
  5593;20010101;20010131;-999;-999;    -999;   -999;   -999;   13.8;eor
  5593;20010201;20010228;-999;-999;    -999;   -999;   -999;    9.1;eor
  5593;20010301;20010331;-999;-999;    -999;   -999;   -999;   16.9;eor
  5593;20010401;20010430;-999;-999;    -999;   -999;   -999;    6.4;eor
  5593;20010501;20010531;-999;-999;    -999;   -999;   -999;   10.2;eor
  5593;20010601;20010630;-999;-999;    -999;   -999;   -999;   11.1;eor
  5593;20010701;20010731;-999;-999;    -999;   -999;   -999;   17.1;eor
  5593;20010801;20010831;-999;-999;    -999;   -999;   -999;    8.3;eor
  5593;20010901;20010930;-999;-999;    -999;   -999;   -999;   11.7;eor
  5593;20011001;20011031;-999;-999;    -999;   -999;   -999;    8.5;eor
  5593;20011101;20011130;-999;-999;    -999;   -999;   -999;   13.0;eor
  5593;20011201;20011231;-999;-999;    -999;   -999;   -999;    9.6;eor
  5593;20020101;20020131;-999;-999;    -999;   -999;   -999;    8.0;eor
  5593;20020201;20020228;-999;-999;    -999;   -999;   -999;   10.4;eor
  5593;20020301;20020331;-999;-999;    -999;   -999;   -999;   10.5;eor
  5593;20020401;20020430;-999;-999;    -999;   -999;   -999;    6.5;eor
  5593;20020501;20020531;-999;-999;    -999;   -999;   -999;   16.6;eor
  5593;20020601;20020630;-999;-999;    -999;   -999;   -999;    8.9;eor
  5593;20020701;20020731;-999;-999;    -999;   -999;   -999;   33.8;eor
  5593;20020801;20020831;-999;-999;    -999;   -999;   -999;   57.6;eor
  5593;20020901;20020930;-999;-999;    -999;   -999;   -999;   36.6;eor
  5593;20021001;20021031;-999;-999;    -999;   -999;   -999;   26.4;eor
  5593;20021101;20021130;-999;-999;    -999;   -999;   -999;   22.8;eor
  5593;20021201;20021231;-999;-999;    -999;   -999;   -999;   24.9;eor
  5593;20030101;20030131;-999;-999;    -999;   -999;   -999;   13.4;eor
  5593;20030201;20030228;-999;-999;    -999;   -999;   -999;    3.7;eor
  5593;20030301;20030331;-999;-999;    -999;   -999;   -999;    7.1;eor
  5593;20030401;20030430;-999;-999;    -999;   -999;   -999;   17.7;eor
  5593;20030501;20030531;-999;-999;    -999;   -999;   -999;    9.0;eor
  5593;20030601;20030630;-999;-999;    -999;   -999;   -999;   20.7;eor
  5593;20030701;20030731;-999;-999;    -999;   -999;   -999;    6.6;eor
  5593;20030801;20030831;-999;-999;    -999;   -999;   -999;    5.9;eor
  5593;20030901;20030930;-999;-999;    -999;   -999;   -999;   18.0;eor
  5593;20031001;20031031;-999;-999;    -999;   -999;   -999;    7.5;eor
  5593;20031101;20031130;-999;-999;    -999;   -999;   -999;   11.2;eor
  5593;20031201;20031231;-999;-999;    -999;   -999;   -999;   18.7;eor
  5593;20040101;20040131;-999;-999;    -999;   -999;   -999;    7.5;eor
  5593;20040201;20040229;-999;-999;    -999;   -999;   -999;   16.4;eor
  5593;20040301;20040331;-999;-999;    -999;   -999;   -999;    6.9;eor
  5593;20040401;20040430;-999;-999;    -999;   -999;   -999;    9.8;eor
  5593;20040501;20040531;-999;-999;    -999;   -999;   -999;   29.6;eor
  5593;20040601;20040630;-999;-999;    -999;   -999;   -999;   11.7;eor
  5593;20040701;20040731;-999;-999;    -999;   -999;   -999;   17.7;eor
  5593;20040801;20040831;-999;-999;    -999;   -999;   -999;   10.7;eor
  5593;20040901;20040930;-999;-999;    -999;   -999;   -999;   11.2;eor
  5593;20041001;20041031;-999;-999;    -999;   -999;   -999;    6.7;eor
  5593;20041101;20041130;-999;-999;    -999;   -999;   -999;   31.0;eor
  5593;20041201;20041231;-999;-999;    -999;   -999;   -999;    9.5;eor
  5593;20050101;20050131;-999;-999;    -999;   -999;   -999;   23.7;eor
  5593;20050201;20050228;-999;-999;    -999;   -999;   -999;   14.1;eor
  5593;20050301;20050331;-999;-999;    -999;   -999;   -999;    8.9;eor
  5593;20050401;20050430;-999;-999;    -999;   -999;   -999;   19.0;eor
  5593;20050501;20050531;-999;-999;    -999;   -999;   -999;   22.2;eor
  5593;20050601;20050630;-999;-999;    -999;   -999;   -999;   11.8;eor
  5593;20050701;20050731;-999;-999;    -999;   -999;   -999;   19.3;eor
  5593;20050801;20050831;-999;-999;    -999;   -999;   -999;    9.5;eor
  5593;20050901;20050930;-999;-999;    -999;   -999;   -999;    5.5;eor
  5593;20051001;20051031;-999;-999;    -999;   -999;   -999;   11.7;eor
  5593;20051101;20051130;-999;-999;    -999;   -999;   -999;   13.0;eor
  5593;20051201;20051231;-999;-999;    -999;   -999;   -999;    9.5;eor
  5593;20060101;20060131;-999;-999;    -999;   -999;   -999;    6.1;eor
  5593;20060201;20060228;-999;-999;    -999;   -999;   -999;   15.8;eor
  5593;20060301;20060331;-999;-999;    -999;   -999;   -999;   12.4;eor
  5593;20060401;20060430;-999;-999;    -999;   -999;   -999;   12.8;eor
  5593;20060501;20060531;-999;-999;    -999;   -999;   -999;   24.5;eor
  5593;20060601;20060630;-999;-999;    -999;   -999;   -999;   14.2;eor
  5593;20060701;20060731;-999;-999;    -999;   -999;   -999;   10.6;eor
  5593;20060801;20060831;-999;-999;    -999;   -999;   -999;   12.0;eor
  5593;20060901;20060930;-999;-999;    -999;   -999;   -999;    6.1;eor
  5593;20061001;20061031;-999;-999;    -999;   -999;   -999;    8.5;eor
  5593;20061101;20061130;-999;-999;    -999;   -999;   -999;    6.5;eor
  5593;20061201;20061231;-999;-999;    -999;   -999;   -999;    4.8;eor
  5593;20070101;20070131;-999;-999;    -999;   -999;   -999;   20.8;eor
  5593;20070201;20070228;-999;-999;    -999;   -999;   -999;    8.0;eor
  5593;20070301;20070331;-999;-999;    -999;   -999;   -999;   16.7;eor
  5593;20070401;20070430;-999;-999;    -999;   -999;   -999;    3.5;eor
  5593;20070501;20070531;-999;-999;    -999;   -999;   -999;   21.6;eor
  5593;20070601;20070630;-999;-999;    -999;   -999;   -999;   33.5;eor
  5593;20070701;20070731;-999;-999;    -999;   -999;   -999;   22.1;eor
  5593;20070801;20070831;-999;-999;    -999;   -999;   -999;   11.5;eor
  5593;20070901;20070930;-999;-999;    -999;   -999;   -999;   30.9;eor
  5593;20071001;20071031;-999;-999;    -999;   -999;   -999;    6.1;eor
  5593;20071101;20071130;-999;-999;    -999;   -999;   -999;   10.6;eor
  5593;20071201;20071231;-999;-999;    -999;   -999;   -999;   12.4;eor
  5593;20080101;20080131;-999;-999;    -999;   -999;   -999;   13.2;eor
  5593;20080201;20080229;-999;-999;    -999;   -999;   -999;   14.3;eor
  5593;20080301;20080331;-999;-999;    -999;   -999;   -999;   10.1;eor
  5593;20080401;20080430;-999;-999;    -999;   -999;   -999;   13.8;eor
  5593;20080501;20080531;-999;-999;    -999;   -999;   -999;    4.6;eor
  5593;20080601;20080630;-999;-999;    -999;   -999;   -999;   19.3;eor
  5593;20080701;20080731;-999;-999;    -999;   -999;   -999;   77.8;eor
  5593;20080801;20080831;-999;-999;    -999;   -999;   -999;    7.5;eor
  5593;20080901;20080930;-999;-999;    -999;   -999;   -999;    9.5;eor
  5593;20081001;20081031;-999;-999;    -999;   -999;   -999;    8.1;eor
  5593;20081101;20081130;-999;-999;    -999;   -999;   -999;   13.9;eor
  5593;20081201;20081231;-999;-999;    -999;   -999;   -999;    6.1;eor
  5593;20090101;20090131;-999;-999;    -999;   -999;   -999;   13.6;eor
  5593;20090201;20090228;-999;-999;    -999;   -999;   -999;    8.4;eor
  5593;20090301;20090331;-999;-999;    -999;   -999;   -999;    9.7;eor
  5593;20090401;20090430;-999;-999;    -999;   -999;   -999;    9.9;eor
  5593;20090501;20090531;-999;-999;    -999;   -999;   -999;   16.5;eor
  5593;20090601;20090630;-999;-999;    -999;   -999;   -999;   17.0;eor
  5593;20090701;20090731;-999;-999;    -999;   -999;   -999;   16.2;eor
  5593;20090801;20090831;-999;-999;    -999;   -999;   -999;   26.4;eor
  5593;20090901;20090930;-999;-999;    -999;   -999;   -999;   32.1;eor
  5593;20091001;20091031;-999;-999;    -999;   -999;   -999;   12.1;eor
  5593;20091101;20091130;-999;-999;    -999;   -999;   -999;   14.4;eor
  5593;20091201;20091231;-999;-999;    -999;   -999;   -999;   17.7;eor
  5593;20100101;20100131;-999;-999;    -999;   -999;   -999;    5.9;eor
  5593;20100201;20100228;-999;-999;    -999;   -999;   -999;   10.5;eor
  5593;20100301;20100331;-999;-999;    -999;   -999;   -999;    7.6;eor
  5593;20100401;20100430;-999;-999;    -999;   -999;   -999;    2.0;eor
  5593;20100501;20100531;-999;-999;    -999;   -999;   -999;   14.0;eor
  5593;20100601;20100630;-999;-999;    -999;   -999;   -999;   16.5;eor
  5593;20100701;20100731;-999;-999;    -999;   -999;   -999;   11.4;eor
  5593;20100801;20100831;-999;-999;    -999;   -999;   -999;   21.5;eor
  5593;20100901;20100930;-999;-999;    -999;   -999;   -999;   31.1;eor
  5593;20101001;20101031;-999;-999;    -999;   -999;   -999;    9.5;eor
  5593;20101101;20101130;   7;   2;    95.6;      7;     16;   16.1;eor
  5593;20101201;20101231;   7;   2;    75.2;    102;    868;    9.2;eor
  5593;20110101;20110131;   3;   2;    39.2;      4;    192;    8.5;eor
  5593;20110201;20110228;   3;   2;    16.2;      7;      7;    6.4;eor
  5593;20110301;20110331;   3;   2;    10.7;      0;      0;    5.1;eor
  5593;20110401;20110430;   3;   2;    16.5;      0;      0;    4.1;eor
  5593;20110501;20110531;   3;   2;    24.8;      0;      0;   10.3;eor
  5593;20110601;20110630;   3;   2;    85.9;      0;      0;   15.9;eor
  5593;20110701;20110731;   3;   2;    50.6;      0;      0;   15.6;eor
  5593;20110801;20110831;   3;   2;    66.8;      0;      0;    9.5;eor
  5593;20110901;20110930;   3;   2;    53.3;      0;      0;   29.5;eor
  5593;20111001;20111031;   3;   2;    45.8;      0;      0;   13.4;eor
  5593;20111101;20111130;   3;   2;     2.6;      0;      0;    0.8;eor
  5593;20111201;20111231;   3;   2;    93.0;      6;      7;   19.6;eor
  5593;20120101;20120131;-999;-999;    -999;   -999;   -999;   14.8;eor
  5593;20120201;20120229;   3;   2;    17.2;     16;    101;    5.6;eor
  5593;20120301;20120331;   3;   2;    13.0;      0;      0;    5.3;eor
  5593;20120401;20120430;   3;   2;    35.9;      0;      0;   12.6;eor
  5593;20120501;20120531;   3;   2;    51.7;      0;      0;   24.9;eor
  5593;20120601;20120630;   3;   2;    82.7;      0;      0;   19.6;eor
  5593;20120701;20120731;   3;   2;   113.8;      0;      0;   26.3;eor
  5593;20120801;20120831;   3;   2;    58.9;      0;      0;   14.0;eor
  5593;20120901;20120930;   3;   2;    20.2;      0;      0;    9.4;eor
  5593;20121001;20121031;   3;   2;    42.9;      7;     12;    8.7;eor
  5593;20121101;20121130;   3;   2;    39.8;      0;      0;   10.3;eor
  5593;20121201;20121231;   3;   2;    84.9;     47;    175;   16.4;eor
  5593;20130101;20130131;   3;   2;    52.4;     32;    190;    9.0;eor
  5593;20130201;20130228;   3;   2;    45.8;     45;    123;   11.5;eor
  5593;20130301;20130331;   3;   2;    34.6;     48;    176;    7.8;eor
  5593;20130401;20130430;   3;   2;    57.2;      1;      6;   17.1;eor
  5593;20130501;20130531;   3;   2;   140.0;      0;      0;   23.3;eor
  5593;20130601;20130630;   3;   2;    39.3;      0;      0;   13.7;eor
  5593;20130701;20130731;   3;   2;    44.1;      0;      0;   23.9;eor
  5593;20130801;20130831;   3;   2;    44.6;      0;      0;   22.7;eor
  5593;20130901;20130930;   3;   2;    69.7;      0;      0;   19.7;eor
  5593;20131001;20131031;   3;   2;    95.9;      0;      0;   36.2;eor
  5593;20131101;20131130;   3;   2;    78.5;      0;      0;   23.4;eor
  5593;20131201;20131231;   3;   2;    35.3;      6;      8;    7.8;eor
  5593;20140101;20140131;   3;   2;    41.3;     22;     96;    6.6;eor
  5593;20140201;20140228;   3;   2;    18.8;   -999;     43;    9.5;eor
  5593;20140301;20140331;   3;   2;    10.6;   -999;   -999;    2.4;eor
  5593;20140401;20140430;   3;   2;    33.2;   -999;   -999;    9.8;eor
  5593;20140501;20140531;   3;   2;    76.4;   -999;   -999;   17.0;eor
  5593;20140601;20140630;   3;   2;    55.1;   -999;   -999;   17.0;eor
  5593;20140701;20140731;   3;   2;   111.5;   -999;   -999;   20.3;eor
  5593;20140801;20140831;   3;   2;    82.4;   -999;   -999;   14.7;eor
  5593;20140901;20140930;   3;   2;    27.3;   -999;   -999;    5.3;eor
  5593;20141001;20141031;   3;   2;    64.3;   -999;   -999;   16.8;eor
  5593;20141101;20141130;   3;   2;    14.1;   -999;   -999;    4.0;eor
  5593;20141201;20141231;   3;   2;    52.6;      9;     14;    6.7;eor
