STATIONS_ID; MESS_DATUM_BEGINN; MESS_DATUM_ENDE; QUALITAETS_NIVEAU; ART; NIEDERSCHLAGSHOEHE;NEUSCHNEEHOEHE;SCHNEEHOEHE; max(NIEDERSCHLAGSHOEHE);eor
  1624;18930101;18930131;   5;   2;    45.0;   -999;   -999;-999;eor
  1624;18930201;18930228;   5;   2;    87.0;   -999;   -999;-999;eor
  1624;18930301;18930331;   5;   2;    32.0;   -999;   -999;-999;eor
  1624;18930401;18930430;   5;   2;     1.0;   -999;   -999;-999;eor
  1624;18930501;18930531;   5;   2;    20.0;   -999;   -999;-999;eor
  1624;18930601;18930630;   5;   2;    31.0;   -999;   -999;-999;eor
  1624;18930701;18930731;   5;   2;   114.0;   -999;   -999;-999;eor
  1624;18930801;18930831;   5;   2;    34.0;   -999;   -999;-999;eor
  1624;18930901;18930930;   5;   2;    88.0;   -999;   -999;-999;eor
  1624;18931001;18931031;   5;   2;   117.0;   -999;   -999;-999;eor
  1624;18931101;18931130;   5;   2;    69.0;   -999;   -999;-999;eor
  1624;18931201;18931231;   5;   2;    52.0;   -999;   -999;-999;eor
  1624;18940101;18940131;   5;   2;    70.0;   -999;   -999;-999;eor
  1624;18940201;18940228;   5;   2;    76.0;   -999;   -999;-999;eor
  1624;18940301;18940331;   5;   2;    40.0;   -999;   -999;-999;eor
  1624;18940401;18940430;   5;   2;    15.0;   -999;   -999;-999;eor
  1624;18940501;18940531;   5;   2;    50.0;   -999;   -999;-999;eor
  1624;18940601;18940630;   5;   2;   114.0;   -999;   -999;-999;eor
  1624;18940701;18940731;   5;   2;   113.0;   -999;   -999;-999;eor
  1624;18940801;18940831;   5;   2;   109.0;   -999;   -999;-999;eor
  1624;18940901;18940930;   5;   2;   119.0;   -999;   -999;-999;eor
  1624;18941001;18941031;   5;   2;   144.0;   -999;   -999;-999;eor
  1624;18941101;18941130;   5;   2;    10.0;   -999;   -999;-999;eor
  1624;18941201;18941231;   5;   2;    85.0;   -999;   -999;-999;eor
  1624;18950101;18950131;   5;   2;   105.0;   -999;   -999;-999;eor
  1624;18950201;18950228;   5;   2;    32.0;   -999;   -999;-999;eor
  1624;18950301;18950331;   5;   2;    78.0;   -999;   -999;-999;eor
  1624;18950401;18950430;   5;   2;    55.0;   -999;   -999;-999;eor
  1624;18950501;18950531;   5;   2;    63.0;   -999;   -999;-999;eor
  1624;18950601;18950630;   5;   2;    35.0;   -999;   -999;-999;eor
  1624;18950701;18950731;   5;   2;    55.0;   -999;   -999;-999;eor
  1624;18950801;18950831;   5;   2;    65.0;   -999;   -999;-999;eor
  1624;18950901;18950930;   5;   2;    26.0;   -999;   -999;-999;eor
  1624;18951001;18951031;   5;   2;    85.0;   -999;   -999;-999;eor
  1624;18951101;18951130;   5;   2;   100.0;   -999;   -999;-999;eor
  1624;18951201;18951231;   5;   2;   128.0;   -999;   -999;-999;eor
  1624;18960101;18960131;   5;   2;    52.0;   -999;   -999;-999;eor
  1624;18960201;18960229;   5;   2;    12.0;   -999;   -999;-999;eor
  1624;18960301;18960331;   5;   2;   101.0;   -999;   -999;-999;eor
  1624;18960401;18960430;   5;   2;    92.0;   -999;   -999;-999;eor
  1624;18960501;18960531;   5;   2;    27.0;   -999;   -999;-999;eor
  1624;18960601;18960630;   5;   2;    79.0;   -999;   -999;-999;eor
  1624;18960701;18960731;   5;   2;    84.0;   -999;   -999;-999;eor
  1624;18960801;18960831;   5;   2;   129.0;   -999;   -999;-999;eor
  1624;18960901;18960930;   5;   2;    85.0;   -999;   -999;-999;eor
  1624;18961001;18961031;   5;   2;    66.0;   -999;   -999;-999;eor
  1624;18961101;18961130;   5;   2;    22.0;   -999;   -999;-999;eor
  1624;18961201;18961231;   5;   2;    30.0;   -999;   -999;-999;eor
  1624;18970101;18970131;   5;   2;    60.0;   -999;   -999;-999;eor
  1624;18970201;18970228;   5;   2;    97.0;   -999;   -999;-999;eor
  1624;18970301;18970331;   5;   2;    44.0;   -999;   -999;-999;eor
  1624;18970401;18970430;   5;   2;    82.0;   -999;   -999;-999;eor
  1624;18970501;18970531;   5;   2;   110.0;   -999;   -999;-999;eor
  1624;18970601;18970630;   5;   2;    52.0;   -999;   -999;-999;eor
  1624;18970701;18970731;   5;   2;    43.0;   -999;   -999;-999;eor
  1624;18970801;18970831;   5;   2;   108.0;   -999;   -999;-999;eor
  1624;18970901;18970930;   5;   2;   132.0;   -999;   -999;-999;eor
  1624;18971001;18971031;   5;   2;    24.0;   -999;   -999;-999;eor
  1624;18971101;18971130;   5;   2;    31.0;   -999;   -999;-999;eor
  1624;18971201;18971231;   5;   2;    74.0;   -999;   -999;-999;eor
  1624;18980101;18980131;   5;   2;    54.0;   -999;   -999;-999;eor
  1624;18980201;18980228;   5;   2;    98.0;   -999;   -999;-999;eor
  1624;18980301;18980331;   5;   2;    90.0;   -999;   -999;-999;eor
  1624;18980401;18980430;   5;   2;    95.0;   -999;   -999;-999;eor
  1624;18980501;18980531;   5;   2;   174.0;   -999;   -999;-999;eor
  1624;18980601;18980630;   5;   2;   109.0;   -999;   -999;-999;eor
  1624;18980701;18980731;   5;   2;   138.0;   -999;   -999;-999;eor
  1624;18980801;18980831;   5;   2;    40.0;   -999;   -999;-999;eor
  1624;18980901;18980930;   5;   2;    38.0;   -999;   -999;-999;eor
  1624;18981001;18981031;   5;   2;    62.0;   -999;   -999;-999;eor
  1624;18981101;18981130;   5;   2;    14.0;   -999;   -999;-999;eor
  1624;18981201;18981231;   5;   2;    55.0;   -999;   -999;-999;eor
  1624;18990101;18990131;   5;   2;   118.0;   -999;   -999;-999;eor
  1624;18990201;18990228;   5;   2;    33.0;   -999;   -999;-999;eor
  1624;18990301;18990331;   5;   2;    19.0;   -999;   -999;-999;eor
  1624;18990401;18990430;   5;   2;   110.0;   -999;   -999;-999;eor
  1624;18990501;18990531;   5;   2;    48.0;   -999;   -999;-999;eor
  1624;18990601;18990630;   5;   2;    67.0;   -999;   -999;-999;eor
  1624;18990701;18990731;   5;   2;   142.0;   -999;   -999;-999;eor
  1624;18990801;18990831;   5;   2;    27.0;   -999;   -999;-999;eor
  1624;18990901;18990930;   5;   2;   194.0;   -999;   -999;-999;eor
  1624;18991001;18991031;   5;   2;    54.0;   -999;   -999;-999;eor
  1624;18991101;18991130;   5;   2;    37.0;   -999;   -999;-999;eor
  1624;18991201;18991231;   5;   2;    37.0;   -999;   -999;-999;eor
  1624;19000101;19000131;   5;   2;    99.0;   -999;   -999;-999;eor
  1624;19000201;19000228;   5;   2;    94.0;   -999;   -999;-999;eor
  1624;19000301;19000331;   5;   2;    56.0;   -999;   -999;-999;eor
  1624;19000401;19000430;   5;   2;    42.0;   -999;   -999;-999;eor
  1624;19000501;19000531;   5;   2;    86.0;   -999;   -999;-999;eor
  1624;19000601;19000630;   5;   2;   107.0;   -999;   -999;-999;eor
  1624;19000701;19000731;   5;   2;   130.0;   -999;   -999;-999;eor
  1624;19000801;19000831;   5;   2;    72.0;   -999;   -999;-999;eor
  1624;19000901;19000930;   5;   2;    55.0;   -999;   -999;-999;eor
  1624;19001001;19001031;   5;   2;   113.0;   -999;   -999;-999;eor
  1624;19001101;19001130;   5;   2;    47.0;   -999;   -999;-999;eor
  1624;19001201;19001231;   5;   2;    73.0;   -999;   -999;-999;eor
  1624;19010101;19010131;   5;   2;    97.0;   -999;   -999;-999;eor
  1624;19010201;19010228;   5;   2;    65.0;   -999;   -999;-999;eor
  1624;19010301;19010331;   5;   2;    80.0;   -999;   -999;-999;eor
  1624;19010401;19010430;   5;   2;    81.0;   -999;   -999;-999;eor
  1624;19010501;19010531;   5;   2;    35.0;   -999;   -999;-999;eor
  1624;19010601;19010630;   5;   2;    62.0;   -999;   -999;-999;eor
  1624;19010701;19010731;   5;   2;   120.0;   -999;   -999;-999;eor
  1624;19010801;19010831;   5;   2;   146.0;   -999;   -999;-999;eor
  1624;19010901;19010930;   5;   2;    93.0;   -999;   -999;-999;eor
  1624;19011001;19011031;   5;   2;   127.0;   -999;   -999;-999;eor
  1624;19011101;19011130;   5;   2;    48.0;   -999;   -999;-999;eor
  1624;19011201;19011231;   5;   2;    67.0;   -999;   -999;-999;eor
  1624;19020101;19020131;   5;   2;   115.0;   -999;   -999;-999;eor
  1624;19020201;19020228;   5;   2;    76.0;   -999;   -999;-999;eor
  1624;19020301;19020331;   5;   2;    90.0;   -999;   -999;-999;eor
  1624;19020401;19020430;   5;   2;    30.0;   -999;   -999;-999;eor
  1624;19020501;19020531;   5;   2;    98.0;   -999;   -999;-999;eor
  1624;19020601;19020630;   5;   2;    78.0;   -999;   -999;-999;eor
  1624;19020701;19020731;   5;   2;    68.0;   -999;   -999;-999;eor
  1624;19020801;19020831;   5;   2;   108.0;   -999;   -999;-999;eor
  1624;19020901;19020930;   5;   2;    65.0;   -999;   -999;-999;eor
  1624;19021001;19021031;   5;   2;    51.0;   -999;   -999;-999;eor
  1624;19021101;19021130;   5;   2;    14.0;   -999;   -999;-999;eor
  1624;19021201;19021231;   5;   2;   137.0;   -999;   -999;-999;eor
  1624;19030101;19030131;   5;   2;    70.0;   -999;   -999;-999;eor
  1624;19030201;19030228;   5;   2;    30.0;   -999;   -999;-999;eor
  1624;19030301;19030331;   5;   2;    49.0;   -999;   -999;-999;eor
  1624;19030401;19030430;   5;   2;    71.0;   -999;   -999;-999;eor
  1624;19030501;19030531;   5;   2;    44.0;   -999;   -999;-999;eor
  1624;19030601;19030630;   5;   2;    28.0;   -999;   -999;-999;eor
  1624;19030701;19030731;   5;   2;   127.0;   -999;   -999;-999;eor
  1624;19030801;19030831;   5;   2;    88.0;   -999;   -999;-999;eor
  1624;19030901;19030930;   5;   2;    60.0;   -999;   -999;-999;eor
  1624;19031001;19031031;   5;   2;   130.0;   -999;   -999;-999;eor
  1624;19031101;19031130;   5;   2;   115.0;   -999;   -999;-999;eor
  1624;19031201;19031231;   5;   2;    29.0;   -999;   -999;-999;eor
  1624;19040101;19040131;   5;   2;    60.0;   -999;   -999;-999;eor
  1624;19040201;19040229;   5;   2;   118.0;   -999;   -999;-999;eor
  1624;19040301;19040331;   5;   2;    59.0;   -999;   -999;-999;eor
  1624;19040401;19040430;   5;   2;    34.0;   -999;   -999;-999;eor
  1624;19040501;19040531;   5;   2;    99.0;   -999;   -999;-999;eor
  1624;19040601;19040630;   5;   2;    73.0;   -999;   -999;-999;eor
  1624;19040701;19040731;   5;   2;    16.0;   -999;   -999;-999;eor
  1624;19040801;19040831;   5;   2;    51.0;   -999;   -999;-999;eor
  1624;19040901;19040930;   5;   2;    85.0;   -999;   -999;-999;eor
  1624;19041001;19041031;   5;   2;    58.0;   -999;   -999;-999;eor
  1624;19041101;19041130;   5;   2;    69.0;   -999;   -999;-999;eor
  1624;19041201;19041231;   5;   2;    65.0;   -999;   -999;-999;eor
  1624;19050101;19050131;   5;   2;    38.0;   -999;   -999;-999;eor
  1624;19050201;19050228;   5;   2;    38.0;   -999;   -999;-999;eor
  1624;19050301;19050331;   5;   2;    88.0;   -999;   -999;-999;eor
  1624;19050401;19050430;   5;   2;    53.0;   -999;   -999;-999;eor
  1624;19050501;19050531;   5;   2;    29.0;   -999;   -999;-999;eor
  1624;19050601;19050630;   5;   2;    57.0;   -999;   -999;-999;eor
  1624;19050701;19050731;   5;   2;    69.0;   -999;   -999;-999;eor
  1624;19050801;19050831;   5;   2;    76.0;   -999;   -999;-999;eor
  1624;19050901;19050930;   5;   2;    74.0;   -999;   -999;-999;eor
  1624;19051001;19051031;   5;   2;   124.0;   -999;   -999;-999;eor
  1624;19051101;19051130;   5;   2;    44.0;   -999;   -999;-999;eor
  1624;19051201;19051231;   5;   2;    41.0;   -999;   -999;-999;eor
  1624;19060101;19060131;   5;   2;    95.0;   -999;   -999;-999;eor
  1624;19060201;19060228;   5;   2;    54.0;   -999;   -999;-999;eor
  1624;19060301;19060331;   5;   2;   123.0;   -999;   -999;-999;eor
  1624;19060401;19060430;   5;   2;    32.0;   -999;   -999;-999;eor
  1624;19060501;19060531;   5;   2;   119.0;   -999;   -999;-999;eor
  1624;19060601;19060630;   5;   2;   106.0;   -999;   -999;-999;eor
  1624;19060701;19060731;   5;   2;    94.0;   -999;   -999;-999;eor
  1624;19060801;19060831;   5;   2;    74.0;   -999;   -999;-999;eor
  1624;19060901;19060930;   5;   2;   100.0;   -999;   -999;-999;eor
  1624;19061001;19061031;   5;   2;    47.0;   -999;   -999;-999;eor
  1624;19061101;19061130;   5;   2;    90.0;   -999;   -999;-999;eor
  1624;19061201;19061231;   5;   2;    95.0;   -999;   -999;-999;eor
  1624;19070101;19070131;   5;   2;    61.0;   -999;   -999;-999;eor
  1624;19070201;19070228;   5;   2;    35.0;   -999;   -999;-999;eor
  1624;19070301;19070331;   5;   2;    49.0;   -999;   -999;-999;eor
  1624;19070401;19070430;   5;   2;    38.0;   -999;   -999;-999;eor
  1624;19070501;19070531;   5;   2;   111.0;   -999;   -999;-999;eor
  1624;19070601;19070630;   5;   2;    81.0;   -999;   -999;-999;eor
  1624;19070701;19070731;   5;   2;   116.0;   -999;   -999;-999;eor
  1624;19070801;19070831;   5;   2;    54.0;   -999;   -999;-999;eor
  1624;19070901;19070930;   5;   2;    81.0;   -999;   -999;-999;eor
  1624;19071001;19071031;   5;   2;    55.0;   -999;   -999;-999;eor
  1624;19071101;19071130;   5;   2;    70.0;   -999;   -999;-999;eor
  1624;19071201;19071231;   5;   2;   112.0;   -999;   -999;-999;eor
  1624;19080101;19080131;   5;   2;    33.0;   -999;   -999;-999;eor
  1624;19080201;19080229;   5;   2;    95.0;   -999;   -999;-999;eor
  1624;19080301;19080331;   5;   2;    72.0;   -999;   -999;-999;eor
  1624;19080401;19080430;   5;   2;   100.0;   -999;   -999;-999;eor
  1624;19080501;19080531;   5;   2;   157.0;   -999;   -999;-999;eor
  1624;19080601;19080630;   5;   2;    38.0;   -999;   -999;-999;eor
  1624;19080701;19080731;   5;   2;   144.0;   -999;   -999;-999;eor
  1624;19080801;19080831;   5;   2;   183.0;   -999;   -999;-999;eor
  1624;19080901;19080930;   5;   2;    34.0;   -999;   -999;-999;eor
  1624;19081001;19081031;   5;   2;     3.0;   -999;   -999;-999;eor
  1624;19081101;19081130;   5;   2;    48.0;   -999;   -999;-999;eor
  1624;19081201;19081231;   5;   2;    27.0;   -999;   -999;-999;eor
  1624;19090101;19090131;   5;   2;    47.0;   -999;   -999;-999;eor
  1624;19090201;19090228;   5;   2;   128.0;   -999;   -999;-999;eor
  1624;19090301;19090331;   5;   2;    73.0;   -999;   -999;-999;eor
  1624;19090401;19090430;   5;   2;    95.0;   -999;   -999;-999;eor
  1624;19090501;19090531;   5;   2;    68.0;   -999;   -999;-999;eor
  1624;19090601;19090630;   5;   2;   115.0;   -999;   -999;-999;eor
  1624;19090701;19090731;   5;   2;   169.0;   -999;   -999;-999;eor
  1624;19090801;19090831;   5;   2;    52.0;   -999;   -999;-999;eor
  1624;19090901;19090930;   5;   2;   114.0;   -999;   -999;-999;eor
  1624;19091001;19091031;   5;   2;   100.0;   -999;   -999;-999;eor
  1624;19091101;19091130;   5;   2;   114.0;   -999;   -999;-999;eor
  1624;19091201;19091231;   5;   2;   135.0;   -999;   -999;-999;eor
  1624;19100101;19100131;   5;   2;   103.0;   -999;   -999;-999;eor
  1624;19100201;19100228;   5;   2;   136.0;   -999;   -999;-999;eor
  1624;19100301;19100331;   5;   2;    32.0;   -999;   -999;-999;eor
  1624;19100401;19100430;   5;   2;    77.0;   -999;   -999;-999;eor
  1624;19100501;19100531;   5;   2;    90.0;   -999;   -999;-999;eor
  1624;19100601;19100630;   5;   2;   100.0;   -999;   -999;-999;eor
  1624;19100701;19100731;   5;   2;   112.0;   -999;   -999;-999;eor
  1624;19100801;19100831;   5;   2;   100.0;   -999;   -999;-999;eor
  1624;19100901;19100930;   5;   2;    51.0;   -999;   -999;-999;eor
  1624;19101001;19101031;   5;   2;     3.0;   -999;   -999;-999;eor
  1624;19101101;19101130;   5;   2;   140.0;   -999;   -999;-999;eor
  1624;19101201;19101231;   5;   2;    89.0;   -999;   -999;-999;eor
  1624;19110101;19110131;   5;   2;    16.0;   -999;   -999;-999;eor
  1624;19110201;19110228;   5;   2;   115.0;   -999;   -999;-999;eor
  1624;19110301;19110331;   5;   2;    74.0;   -999;   -999;-999;eor
  1624;19110401;19110430;   5;   2;    69.0;   -999;   -999;-999;eor
  1624;19110501;19110531;   5;   2;   122.0;   -999;   -999;-999;eor
  1624;19110601;19110630;   5;   2;    52.0;   -999;   -999;-999;eor
  1624;19110701;19110731;   5;   2;    87.0;   -999;   -999;-999;eor
  1624;19110801;19110831;   5;   2;    37.0;   -999;   -999;-999;eor
  1624;19110901;19110930;   5;   2;    40.0;   -999;   -999;-999;eor
  1624;19111001;19111031;   5;   2;    32.0;   -999;   -999;-999;eor
  1624;19111101;19111130;   5;   2;    76.0;   -999;   -999;-999;eor
  1624;19111201;19111231;   5;   2;   137.0;   -999;   -999;-999;eor
  1624;19120101;19120131;   5;   2;    63.0;   -999;   -999;-999;eor
  1624;19120201;19120229;   5;   2;    64.0;   -999;   -999;-999;eor
  1624;19120301;19120331;   5;   2;    80.0;   -999;   -999;-999;eor
  1624;19120401;19120430;   5;   2;    36.0;   -999;   -999;-999;eor
  1624;19120501;19120531;   5;   2;    67.0;   -999;   -999;-999;eor
  1624;19120601;19120630;   5;   2;    87.0;   -999;   -999;-999;eor
  1624;19120701;19120731;   5;   2;    34.0;   -999;   -999;-999;eor
  1624;19120801;19120831;   5;   2;   239.0;   -999;   -999;-999;eor
  1624;19120901;19120930;   5;   2;    71.0;   -999;   -999;-999;eor
  1624;19121001;19121031;   5;   2;   132.0;   -999;   -999;-999;eor
  1624;19121101;19121130;   5;   2;    99.0;   -999;   -999;-999;eor
  1624;19121201;19121231;   5;   2;    22.0;   -999;   -999;-999;eor
  1624;19130101;19130131;   5;   2;    36.0;   -999;   -999;-999;eor
  1624;19130201;19130228;   5;   2;    50.0;   -999;   -999;-999;eor
  1624;19130301;19130331;   5;   2;    53.0;   -999;   -999;-999;eor
  1624;19130401;19130430;   5;   2;    68.0;   -999;   -999;-999;eor
  1624;19130501;19130531;   5;   2;    80.0;   -999;   -999;-999;eor
  1624;19130601;19130630;   5;   2;   117.0;   -999;   -999;-999;eor
  1624;19130701;19130731;   5;   2;    68.0;   -999;   -999;-999;eor
  1624;19130801;19130831;   5;   2;    20.0;   -999;   -999;-999;eor
  1624;19130901;19130930;   5;   2;    32.0;   -999;   -999;-999;eor
  1624;19131001;19131031;   5;   2;    27.0;   -999;   -999;-999;eor
  1624;19131101;19131130;   5;   2;   189.0;   -999;   -999;-999;eor
  1624;19131201;19131231;   5;   2;   178.0;   -999;   -999;-999;eor
  1624;19140101;19140131;   5;   2;    39.0;   -999;   -999;-999;eor
  1624;19140201;19140228;   5;   2;    44.0;   -999;   -999;-999;eor
  1624;19140301;19140331;   5;   2;   130.0;   -999;   -999;-999;eor
  1624;19140401;19140430;   5;   2;    30.0;   -999;   -999;-999;eor
  1624;19140501;19140531;   5;   2;   100.0;   -999;   -999;-999;eor
  1624;19140601;19140630;   5;   2;    94.0;   -999;   -999;-999;eor
  1624;19140701;19140731;   5;   2;   183.0;   -999;   -999;-999;eor
  1624;19140801;19140831;   5;   2;    33.0;   -999;   -999;-999;eor
  1624;19140901;19140930;   5;   2;    75.0;   -999;   -999;-999;eor
  1624;19141001;19141031;   5;   2;    64.0;   -999;   -999;-999;eor
  1624;19141101;19141130;   5;   2;    41.0;   -999;   -999;-999;eor
  1624;19141201;19141231;   5;   2;    70.0;   -999;   -999;-999;eor
  1624;19150101;19150131;   5;   2;   124.0;   -999;   -999;-999;eor
  1624;19150201;19150228;   5;   2;    36.0;   -999;   -999;-999;eor
  1624;19150301;19150331;   5;   2;   101.0;   -999;   -999;-999;eor
  1624;19150401;19150430;   5;   2;    51.0;   -999;   -999;-999;eor
  1624;19150501;19150531;   5;   2;    36.0;   -999;   -999;-999;eor
  1624;19150601;19150630;   5;   2;    43.0;   -999;   -999;-999;eor
  1624;19150701;19150731;   5;   2;    72.0;   -999;   -999;-999;eor
  1624;19150801;19150831;   5;   2;   106.0;   -999;   -999;-999;eor
  1624;19150901;19150930;   5;   2;    27.0;   -999;   -999;-999;eor
  1624;19151001;19151031;   5;   2;    21.0;   -999;   -999;-999;eor
  1624;19151101;19151130;   5;   2;    44.0;   -999;   -999;-999;eor
  1624;19151201;19151231;   5;   2;    91.0;   -999;   -999;-999;eor
  1624;19160101;19160131;   5;   2;   111.0;   -999;   -999;-999;eor
  1624;19160201;19160229;   5;   2;    62.0;   -999;   -999;-999;eor
  1624;19160301;19160331;   5;   2;    49.0;   -999;   -999;-999;eor
  1624;19160401;19160430;   5;   2;   105.0;   -999;   -999;-999;eor
  1624;19160501;19160531;   5;   2;   120.0;   -999;   -999;-999;eor
  1624;19160601;19160630;   5;   2;    86.0;   -999;   -999;-999;eor
  1624;19160701;19160731;   5;   2;    73.0;   -999;   -999;-999;eor
  1624;19160801;19160831;   5;   2;   113.0;   -999;   -999;-999;eor
  1624;19160901;19160930;   5;   2;    57.0;   -999;   -999;-999;eor
  1624;19161001;19161031;   5;   2;    67.0;   -999;   -999;-999;eor
  1624;19161101;19161130;   5;   2;    53.0;   -999;   -999;-999;eor
  1624;19161201;19161231;   5;   2;    88.0;   -999;   -999;-999;eor
  1624;19170101;19170131;   5;   2;    44.0;   -999;   -999;-999;eor
  1624;19170201;19170228;   5;   2;    22.0;   -999;   -999;-999;eor
  1624;19170301;19170331;   5;   2;    43.0;   -999;   -999;-999;eor
  1624;19170401;19170430;   5;   2;    71.0;   -999;   -999;-999;eor
  1624;19170501;19170531;   5;   2;    38.0;   -999;   -999;-999;eor
  1624;19170601;19170630;   5;   2;   138.0;   -999;   -999;-999;eor
  1624;19170701;19170731;   5;   2;    43.0;   -999;   -999;-999;eor
  1624;19170801;19170831;   5;   2;   154.0;   -999;   -999;-999;eor
  1624;19170901;19170930;   5;   2;    38.0;   -999;   -999;-999;eor
  1624;19171001;19171031;   5;   2;   121.0;   -999;   -999;-999;eor
  1624;19171101;19171130;   5;   2;   105.0;   -999;   -999;-999;eor
  1624;19171201;19171231;   5;   2;    50.0;   -999;   -999;-999;eor
  1624;19180101;19180131;   5;   2;   110.0;   -999;   -999;-999;eor
  1624;19180201;19180228;   5;   2;    35.0;   -999;   -999;-999;eor
  1624;19180301;19180331;   5;   2;    35.0;   -999;   -999;-999;eor
  1624;19180401;19180430;   5;   2;    42.0;   -999;   -999;-999;eor
  1624;19180501;19180531;   5;   2;    36.0;   -999;   -999;-999;eor
  1624;19180601;19180630;   5;   2;    56.0;   -999;   -999;-999;eor
  1624;19180701;19180731;   5;   2;    85.0;   -999;   -999;-999;eor
  1624;19180801;19180831;   5;   2;    85.0;   -999;   -999;-999;eor
  1624;19180901;19180930;   5;   2;   100.0;   -999;   -999;-999;eor
  1624;19181001;19181031;   5;   2;    70.0;   -999;   -999;-999;eor
  1624;19181101;19181130;   5;   2;    30.0;   -999;   -999;-999;eor
  1624;19181201;19181231;   5;   2;   120.0;   -999;   -999;-999;eor
  1624;19510101;19510131;   5;   2;    81.9;   -999;   -999;   20.4;eor
  1624;19510201;19510228;   5;   2;    57.7;   -999;   -999;   16.5;eor
  1624;19510301;19510331;   5;   2;    89.9;   -999;   -999;   12.8;eor
  1624;19510401;19510430;   5;   2;    54.0;   -999;   -999;   15.8;eor
  1624;19510501;19510531;   5;   2;    68.6;   -999;   -999;   15.1;eor
  1624;19510601;19510630;   5;   2;   134.9;   -999;   -999;   34.3;eor
  1624;19510701;19510731;   5;   2;    74.5;   -999;   -999;   15.8;eor
  1624;19510801;19510831;   5;   2;    94.1;   -999;   -999;   17.6;eor
  1624;19510901;19510930;   5;   2;    55.7;   -999;   -999;   18.4;eor
  1624;19511001;19511031;   5;   2;    33.5;   -999;   -999;   14.2;eor
  1624;19511101;19511130;   5;   2;    92.8;   -999;   -999;   20.8;eor
  1624;19511201;19511231;   5;   2;    69.3;   -999;   -999;   15.9;eor
  1624;19520101;19520131;   5;   2;   133.8;   -999;   -999;   20.9;eor
  1624;19520201;19520229;   5;   2;    66.0;   -999;   -999;   16.0;eor
  1624;19520301;19520331;   5;   2;   121.8;   -999;   -999;   25.5;eor
  1624;19520401;19520430;   5;   2;    17.0;   -999;   -999;    6.5;eor
  1624;19520501;19520531;   5;   2;    81.4;   -999;   -999;   21.6;eor
  1624;19520601;19520630;   5;   2;    42.0;   -999;   -999;   17.3;eor
  1624;19520701;19520731;   5;   2;     7.2;   -999;   -999;    1.8;eor
  1624;19520801;19520831;   5;   2;    82.5;   -999;   -999;   27.2;eor
  1624;19520901;19520930;   5;   2;   116.4;   -999;   -999;   21.7;eor
  1624;19521001;19521031;   5;   2;    96.2;   -999;   -999;   14.6;eor
  1624;19521101;19521130;   5;   2;   114.8;   -999;   -999;   15.5;eor
  1624;19521201;19521231;   5;   2;   109.4;   -999;   -999;   29.4;eor
  1624;19530101;19530131;   5;   2;    70.1;   -999;   -999;   18.4;eor
  1624;19530201;19530228;   5;   2;    60.1;   -999;   -999;    9.9;eor
  1624;19530301;19530331;   5;   2;    10.2;   -999;   -999;    5.2;eor
  1624;19530401;19530430;   5;   2;    58.2;   -999;   -999;    7.8;eor
  1624;19530501;19530531;   5;   2;    83.4;   -999;   -999;   33.3;eor
  1624;19530601;19530630;   5;   2;   125.6;   -999;   -999;   26.4;eor
  1624;19530701;19530731;   5;   2;    94.0;   -999;   -999;   24.0;eor
  1624;19530801;19530831;   5;   2;    26.1;   -999;   -999;    5.5;eor
  1624;19530901;19530930;   5;   2;    24.6;   -999;   -999;    6.7;eor
  1624;19531001;19531031;   5;   2;    53.4;   -999;   -999;   24.9;eor
  1624;19531101;19531130;   5;   2;     7.3;   -999;   -999;    2.8;eor
  1624;19531201;19531231;   5;   2;    35.2;   -999;   -999;    8.2;eor
  1624;19540101;19540131;   5;   2;    86.6;   -999;   -999;   16.6;eor
  1624;19540201;19540228;   5;   2;    51.2;   -999;   -999;   18.1;eor
  1624;19540301;19540331;   5;   2;    22.6;   -999;   -999;    6.8;eor
  1624;19540401;19540430;   5;   2;    83.9;   -999;   -999;   16.0;eor
  1624;19540501;19540531;   5;   2;    39.7;   -999;   -999;   12.3;eor
  1624;19540601;19540630;   5;   2;    44.8;   -999;   -999;   11.7;eor
  1624;19540701;19540731;   5;   2;   170.3;   -999;   -999;   27.6;eor
  1624;19540801;19540831;   5;   2;   121.4;   -999;   -999;   17.9;eor
  1624;19540901;19540930;   5;   2;   131.8;   -999;   -999;   15.4;eor
  1624;19541001;19541031;   5;   2;   101.0;   -999;   -999;   22.1;eor
  1624;19541101;19541130;   5;   2;    41.0;   -999;   -999;    8.8;eor
  1624;19541201;19541231;   5;   2;   112.6;   -999;   -999;   17.5;eor
  1624;19550101;19550131;   5;   2;    64.4;   -999;   -999;   13.1;eor
  1624;19550201;19550228;   5;   2;    79.6;   -999;   -999;   12.3;eor
  1624;19550301;19550331;   5;   2;    40.1;   -999;   -999;    8.2;eor
  1624;19550401;19550430;   5;   2;    50.6;   -999;   -999;   15.6;eor
  1624;19550501;19550531;   5;   2;    99.3;   -999;   -999;   23.2;eor
  1624;19550601;19550630;   5;   2;   135.7;   -999;   -999;   54.2;eor
  1624;19550701;19550731;   5;   2;    89.0;   -999;   -999;   22.8;eor
  1624;19550801;19550831;   5;   2;    74.3;   -999;   -999;   22.9;eor
  1624;19550901;19550930;   5;   2;    87.8;   -999;   -999;   26.2;eor
  1624;19551001;19551031;   5;   2;    48.2;   -999;   -999;   11.0;eor
  1624;19551101;19551130;   5;   2;    16.1;   -999;   -999;    4.7;eor
  1624;19551201;19551231;   5;   2;   119.8;   -999;   -999;   28.4;eor
  1624;19560101;19560131;   5;   2;    98.1;   -999;   -999;   19.5;eor
  1624;19560201;19560229;   5;   2;    25.2;   -999;   -999;    6.1;eor
  1624;19560301;19560331;   5;   2;    37.6;   -999;   -999;   10.3;eor
  1624;19560401;19560430;   5;   2;    84.0;   -999;   -999;   20.7;eor
  1624;19560501;19560531;   5;   2;    53.4;   -999;   -999;   16.4;eor
  1624;19560601;19560630;   5;   2;   142.8;   -999;   -999;   27.1;eor
  1624;19560701;19560731;   5;   2;   193.4;   -999;   -999;   35.3;eor
  1624;19560801;19560831;   5;   2;   150.0;   -999;   -999;   22.8;eor
  1624;19560901;19560930;   5;   2;    82.1;   -999;   -999;   19.5;eor
  1624;19561001;19561031;   5;   2;    88.4;   -999;   -999;   15.6;eor
  1624;19561101;19561130;   5;   2;    65.2;   -999;   -999;   10.6;eor
  1624;19561201;19561231;   5;   2;    74.4;   -999;   -999;   17.1;eor
  1624;19570101;19570131;   5;   2;    57.5;   -999;   -999;    8.9;eor
  1624;19570201;19570228;   5;   2;   117.7;   -999;   -999;   22.4;eor
  1624;19570301;19570331;   5;   2;    85.0;   -999;   -999;   20.3;eor
  1624;19570401;19570430;   5;   2;    29.1;   -999;   -999;    9.3;eor
  1624;19570501;19570531;   5;   2;    66.6;   -999;   -999;   13.4;eor
  1624;19570601;19570630;   5;   2;    59.5;   -999;   -999;   14.1;eor
  1624;19570701;19570731;   5;   2;    90.6;   -999;   -999;   21.0;eor
  1624;19570801;19570831;   5;   2;   109.0;   -999;   -999;   17.0;eor
  1624;19570901;19570930;   5;   2;   185.4;   -999;   -999;   39.1;eor
  1624;19571001;19571031;   5;   2;    27.5;   -999;   -999;   12.8;eor
  1624;19571101;19571130;   5;   2;    39.4;   -999;   -999;    8.0;eor
  1624;19571201;19571231;   5;   2;    80.3;   -999;   -999;   15.7;eor
  1624;19580101;19580131;   5;   2;    96.5;   -999;   -999;   16.0;eor
  1624;19580201;19580228;   5;   2;   102.0;   -999;   -999;   17.3;eor
  1624;19580301;19580331;   5;   2;    61.5;   -999;   -999;   12.3;eor
  1624;19580401;19580430;   5;   2;    58.8;   -999;   -999;   30.0;eor
  1624;19580501;19580531;   5;   2;   133.0;   -999;   -999;   33.2;eor
  1624;19580601;19580630;   5;   2;   179.5;   -999;   -999;   43.9;eor
  1624;19580701;19580731;   5;   2;   123.4;   -999;   -999;   46.5;eor
  1624;19580801;19580831;   5;   2;   139.8;   -999;   -999;   22.7;eor
  1624;19580901;19580930;   5;   2;    84.9;   -999;   -999;   27.2;eor
  1624;19581001;19581031;   5;   2;    63.2;   -999;   -999;   13.3;eor
  1624;19581101;19581130;   5;   2;    28.5;   -999;   -999;    6.0;eor
  1624;19581201;19581231;   5;   2;   124.2;   -999;   -999;   13.6;eor
  1624;19590101;19590131;   5;   2;    93.2;   -999;   -999;   10.7;eor
  1624;19590201;19590228;   5;   2;     4.2;   -999;   -999;    2.5;eor
  1624;19590301;19590331;   5;   2;    42.0;   -999;   -999;   11.0;eor
  1624;19590401;19590430;   5;   2;    43.7;   -999;   -999;   14.2;eor
  1624;19590501;19590531;   5;   2;    44.8;   -999;   -999;   13.7;eor
  1624;19590601;19590630;   5;   2;    64.6;   -999;   -999;   12.8;eor
  1624;19590701;19590731;   5;   2;    67.5;   -999;   -999;   25.5;eor
  1624;19590801;19590831;   5;   2;    58.4;   -999;   -999;   35.7;eor
  1624;19590901;19590930;   5;   2;     6.2;   -999;   -999;    6.2;eor
  1624;19591001;19591031;   5;   2;    81.4;   -999;   -999;   29.7;eor
  1624;19591101;19591130;   5;   2;    46.5;   -999;   -999;   10.0;eor
  1624;19591201;19591231;   5;   2;   114.1;   -999;   -999;   19.8;eor
  1624;19600101;19600131;   5;   2;    97.6;   -999;   -999;   11.5;eor
  1624;19600201;19600229;   5;   2;    53.8;   -999;   -999;   14.0;eor
  1624;19600301;19600331;   5;   2;    28.4;   -999;   -999;    9.0;eor
  1624;19600401;19600430;   5;   2;    48.9;   -999;   -999;    8.0;eor
  1624;19600501;19600531;   5;   2;    74.5;   -999;   -999;   19.3;eor
  1624;19600601;19600630;   5;   2;    30.5;   -999;   -999;    8.8;eor
  1624;19600701;19600731;   5;   2;   118.9;   -999;   -999;   17.0;eor
  1624;19600801;19600831;   5;   2;   121.4;   -999;   -999;   19.9;eor
  1624;19600901;19600930;   5;   2;    79.3;   -999;   -999;   29.0;eor
  1624;19601001;19601031;   5;   2;   195.1;   -999;   -999;   34.9;eor
  1624;19601101;19601130;   5;   2;   131.2;   -999;   -999;   27.8;eor
  1624;19601201;19601231;   5;   2;   130.1;   -999;   -999;   40.1;eor
  1624;19610101;19610131;   5;   2;   138.7;   -999;   -999;   27.9;eor
  1624;19610201;19610228;   5;   2;    76.0;   -999;   -999;   14.5;eor
  1624;19610301;19610331;   5;   2;    42.8;   -999;   -999;   17.0;eor
  1624;19610401;19610430;   5;   2;    96.6;   -999;   -999;   14.5;eor
  1624;19610501;19610531;   5;   2;   115.3;   -999;   -999;   15.5;eor
  1624;19610601;19610630;   5;   2;   170.8;   -999;   -999;   31.0;eor
  1624;19610701;19610731;   5;   2;   159.2;   -999;   -999;   27.0;eor
  1624;19610801;19610831;   5;   2;    87.2;   -999;   -999;   13.9;eor
  1624;19610901;19610930;   5;   2;    89.0;   -999;   -999;   24.5;eor
  1624;19611001;19611031;   5;   2;    96.4;   -999;   -999;   30.5;eor
  1624;19611101;19611130;   5;   2;    81.9;   -999;   -999;   15.2;eor
  1624;19611201;19611231;   5;   2;   121.5;   -999;   -999;   17.0;eor
  1624;19620101;19620131;   5;   2;    94.7;   -999;   -999;   23.4;eor
  1624;19620201;19620228;   5;   2;    81.9;   -999;   -999;   24.1;eor
  1624;19620301;19620331;   5;   2;   104.0;   -999;   -999;   47.2;eor
  1624;19620401;19620430;   5;   2;    71.0;   -999;   -999;   16.4;eor
  1624;19620501;19620531;   5;   2;    90.7;   -999;   -999;   11.2;eor
  1624;19620601;19620630;   5;   2;    50.7;   -999;   -999;   20.0;eor
  1624;19620701;19620731;   5;   2;    82.2;   -999;   -999;   14.4;eor
  1624;19620801;19620831;   5;   2;    62.7;   -999;   -999;   15.8;eor
  1624;19620901;19620930;   5;   2;    64.7;   -999;   -999;   18.7;eor
  1624;19621001;19621031;   5;   2;    13.0;   -999;   -999;    6.7;eor
  1624;19621101;19621130;   5;   2;    21.6;   -999;   -999;    5.1;eor
  1624;19621201;19621231;   5;   2;   110.6;   -999;   -999;   16.7;eor
  1624;19630101;19630131;   5;   2;    29.6;   -999;   -999;    6.7;eor
  1624;19630201;19630228;   5;   2;    21.0;   -999;   -999;    6.7;eor
  1624;19630301;19630331;   5;   2;    86.2;   -999;   -999;   12.0;eor
  1624;19630401;19630430;   5;   2;    30.6;   -999;   -999;    9.6;eor
  1624;19630501;19630531;   5;   2;    44.0;   -999;   -999;   11.7;eor
  1624;19630601;19630630;   5;   2;   139.6;   -999;   -999;   30.4;eor
  1624;19630701;19630731;   5;   2;    64.0;   -999;   -999;   25.8;eor
  1624;19630801;19630831;   5;   2;   191.6;   -999;   -999;   31.2;eor
  1624;19630901;19630930;   5;   2;    51.0;   -999;   -999;   24.3;eor
  1624;19631001;19631031;   5;   2;    56.5;   -999;   -999;   24.0;eor
  1624;19631101;19631130;   5;   2;   185.4;   -999;   -999;   46.6;eor
  1624;19631201;19631231;   5;   2;     7.8;   -999;   -999;    3.5;eor
  1624;19640101;19640131;   5;   2;    30.1;   -999;   -999;    9.7;eor
  1624;19640201;19640229;   5;   2;    34.3;   -999;   -999;    8.3;eor
  1624;19640301;19640331;   5;   2;    40.1;   -999;   -999;   10.8;eor
  1624;19640401;19640430;   5;   2;    71.2;   -999;   -999;   18.1;eor
  1624;19640501;19640531;   5;   2;   114.0;   -999;   -999;   39.5;eor
  1624;19640601;19640630;   5;   2;    47.4;   -999;   -999;   13.8;eor
  1624;19640701;19640731;   5;   2;    23.2;   -999;   -999;    8.1;eor
  1624;19640801;19640831;   5;   2;    57.2;   -999;   -999;   24.1;eor
  1624;19640901;19640930;   5;   2;    56.4;   -999;   -999;   26.2;eor
  1624;19641001;19641031;   5;   2;    85.8;   -999;   -999;   18.7;eor
  1624;19641101;19641130;   5;   2;   118.6;   -999;   -999;   40.0;eor
  1624;19641201;19641231;   5;   2;    67.1;   -999;   -999;   20.9;eor
  1624;19650101;19650131;   5;   2;   144.5;   -999;   -999;   14.4;eor
  1624;19650201;19650228;   5;   2;    57.3;   -999;   -999;    7.4;eor
  1624;19650301;19650331;   5;   2;   108.8;   -999;   -999;   14.9;eor
  1624;19650401;19650430;   5;   2;   161.7;   -999;   -999;   28.0;eor
  1624;19650501;19650531;   5;   2;   105.6;   -999;   -999;   24.9;eor
  1624;19650601;19650630;   5;   2;   101.1;   -999;   -999;   39.2;eor
  1624;19650701;19650731;   5;   2;   166.9;   -999;   -999;   32.3;eor
  1624;19650801;19650831;   5;   2;    53.6;   -999;   -999;   12.0;eor
  1624;19650901;19650930;   5;   2;    60.1;   -999;   -999;    7.5;eor
  1624;19651001;19651031;   5;   2;    19.1;   -999;   -999;    6.2;eor
  1624;19651101;19651130;   5;   2;   162.1;   -999;   -999;   20.8;eor
  1624;19651201;19651231;   5;   2;   244.2;   -999;   -999;   35.1;eor
  1624;19660101;19660131;   5;   2;    64.4;   -999;   -999;   11.1;eor
  1624;19660201;19660228;   5;   2;    69.7;   -999;   -999;   19.6;eor
  1624;19660301;19660331;   5;   2;    97.4;   -999;   -999;   17.5;eor
  1624;19660401;19660430;   5;   2;   152.4;   -999;   -999;   26.1;eor
  1624;19660501;19660531;   5;   2;    86.9;   -999;   -999;   18.3;eor
  1624;19660601;19660630;   5;   2;   184.8;   -999;   -999;   35.3;eor
  1624;19660701;19660731;   5;   2;   176.8;   -999;   -999;   30.8;eor
  1624;19660801;19660831;   5;   2;   142.5;   -999;   -999;   46.8;eor
  1624;19660901;19660930;   5;   2;    22.9;   -999;   -999;    7.5;eor
  1624;19661001;19661031;   5;   2;    98.5;   -999;   -999;   25.8;eor
  1624;19661101;19661130;   5;   2;   143.1;   -999;   -999;   39.5;eor
  1624;19661201;19661231;   5;   2;   208.6;   -999;   -999;   31.8;eor
  1624;19670101;19670131;   5;   2;    58.3;   -999;   -999;    8.9;eor
  1624;19670201;19670228;   5;   2;    96.0;   -999;   -999;   19.1;eor
  1624;19670301;19670331;   5;   2;    78.8;   -999;   -999;   16.0;eor
  1624;19670401;19670430;   5;   2;    56.7;   -999;   -999;   13.8;eor
  1624;19670501;19670531;   5;   2;   116.7;   -999;   -999;   30.2;eor
  1624;19670601;19670630;   5;   2;   102.7;   -999;   -999;   13.5;eor
  1624;19670701;19670731;   5;   2;    34.2;   -999;   -999;   13.2;eor
  1624;19670801;19670831;   5;   2;    96.0;   -999;   -999;   31.0;eor
  1624;19670901;19670930;   5;   2;   132.3;   -999;   -999;   55.0;eor
  1624;19671001;19671031;   5;   2;   125.8;   -999;   -999;   41.9;eor
  1624;19671101;19671130;   5;   2;    68.0;   -999;   -999;   12.2;eor
  1624;19671201;19671231;   5;   2;   173.9;   -999;   -999;   34.5;eor
  1624;19680101;19680131;   5;   2;    90.5;   -999;   -999;   20.1;eor
  1624;19680201;19680229;   5;   2;    61.5;   -999;   -999;   15.0;eor
  1624;19680301;19680331;   5;   2;    80.6;   -999;   -999;   14.6;eor
  1624;19680401;19680430;   5;   2;    91.7;   -999;   -999;   45.9;eor
  1624;19680501;19680531;   5;   2;    71.0;   -999;   -999;   13.6;eor
  1624;19680601;19680630;   5;   2;    93.4;   -999;   -999;   24.7;eor
  1624;19680701;19680731;   5;   2;    71.6;   -999;   -999;   13.1;eor
  1624;19680801;19680831;   5;   2;   169.3;   -999;   -999;   23.9;eor
  1624;19680901;19680930;   5;   2;   139.6;   -999;   -999;   18.0;eor
  1624;19681001;19681031;   5;   2;    84.6;   -999;   -999;   25.8;eor
  1624;19681101;19681130;   5;   2;    30.9;   -999;   -999;    6.0;eor
  1624;19681201;19681231;   5;   2;    45.5;   -999;   -999;    6.9;eor
  1624;19690101;19690131;   5;   2;    65.9;   -999;   -999;   19.7;eor
  1624;19690201;19690228;   5;   2;    56.8;   -999;   -999;    7.8;eor
  1624;19690301;19690331;   5;   2;    71.3;   -999;   -999;   15.5;eor
  1624;19690401;19690430;   5;   2;   105.6;   -999;   -999;   17.0;eor
  1624;19690501;19690531;   5;   2;   117.8;   -999;   -999;   31.0;eor
  1624;19690601;19690630;   5;   2;   124.4;   -999;   -999;   27.2;eor
  1624;19690701;19690731;   5;   2;    80.4;   -999;   -999;   34.8;eor
  1624;19690801;19690831;   5;   2;   179.7;   -999;   -999;   26.6;eor
  1624;19690901;19690930;   5;   2;    43.8;   -999;   -999;   30.7;eor
  1624;19691001;19691031;   5;   2;    21.1;   -999;   -999;    8.8;eor
  1624;19691101;19691130;   5;   2;   104.4;   -999;   -999;   15.4;eor
  1624;19691201;19691231;   5;   2;    27.1;   -999;   -999;    5.5;eor
  1624;19700101;19700131;   5;   2;    71.1;   -999;   -999;   32.9;eor
  1624;19700201;19700228;   5;   2;   152.9;   -999;   -999;   21.8;eor
  1624;19700301;19700331;   5;   2;    75.3;   -999;   -999;   11.1;eor
  1624;19700401;19700430;   5;   2;   124.0;   -999;   -999;   22.0;eor
  1624;19700501;19700531;   5;   2;    78.1;   -999;   -999;   26.2;eor
  1624;19700601;19700630;   5;   2;    57.4;   -999;   -999;   22.1;eor
  1624;19700701;19700731;   5;   2;   120.1;   -999;   -999;   20.8;eor
  1624;19700801;19700831;   5;   2;    92.0;   -999;   -999;   18.7;eor
  1624;19700901;19700930;   5;   2;    82.9;   -999;   -999;   26.4;eor
  1624;19701001;19701031;   5;   2;   100.7;   -999;   -999;   12.6;eor
  1624;19701101;19701130;   5;   2;    86.9;   -999;   -999;   32.3;eor
  1624;19701201;19701231;   5;   2;    78.9;   -999;   -999;   17.0;eor
  1624;19710101;19710131;   5;   2;    98.7;   -999;   -999;   31.1;eor
  1624;19710201;19710228;   5;   2;    55.2;   -999;   -999;    7.5;eor
  1624;19710301;19710331;   5;   2;    39.6;   -999;   -999;   13.5;eor
  1624;19710401;19710430;   5;   2;    97.0;   -999;   -999;   53.4;eor
  1624;19710501;19710531;   5;   2;   162.4;   -999;   -999;   57.9;eor
  1624;19710601;19710630;   5;   2;   172.2;   -999;   -999;   26.5;eor
  1624;19710701;19710731;   5;   2;    10.1;   -999;   -999;    6.0;eor
  1624;19710801;19710831;   5;   2;    80.5;   -999;   -999;   23.8;eor
  1624;19710901;19710930;   5;   2;    57.2;   -999;   -999;   15.8;eor
  1624;19711001;19711031;   5;   2;    37.6;   -999;   -999;   12.9;eor
  1624;19711101;19711130;   5;   2;    94.0;   -999;   -999;   35.0;eor
  1624;19711201;19711231;   5;   2;    50.0;   -999;   -999;   13.1;eor
  1624;19720101;19720131;   5;   2;     9.6;   -999;   -999;    4.1;eor
  1624;19720201;19720229;   5;   2;    17.3;   -999;   -999;   12.8;eor
  1624;19720301;19720331;   5;   2;    47.6;   -999;   -999;   16.1;eor
  1624;19720401;19720430;   5;   2;    78.2;   -999;   -999;   12.3;eor
  1624;19720501;19720531;   5;   2;   138.1;   -999;   -999;   24.0;eor
  1624;19720601;19720630;   5;   2;   204.0;   -999;   -999;   47.6;eor
  1624;19720701;19720731;   5;   2;    65.7;   -999;   -999;   17.9;eor
  1624;19720801;19720831;   5;   2;   150.9;   -999;   -999;   35.7;eor
  1624;19720901;19720930;   5;   2;    73.7;   -999;   -999;   33.6;eor
  1624;19721001;19721031;   5;   2;    41.0;   -999;   -999;   14.2;eor
  1624;19721101;19721130;   5;   2;    85.4;   -999;   -999;   20.0;eor
  1624;19721201;19721231;   5;   2;    14.4;   -999;   -999;   10.7;eor
  1624;19730101;19730131;   5;   2;    42.6;   -999;   -999;   13.1;eor
  1624;19730201;19730228;   5;   2;    89.6;   -999;   -999;   29.3;eor
  1624;19730301;19730331;   5;   2;    32.7;   -999;   -999;   13.2;eor
  1624;19730401;19730430;   5;   2;    75.0;   -999;   -999;   19.7;eor
  1624;19730501;19730531;   5;   2;    74.1;   -999;   -999;   26.0;eor
  1624;19730601;19730630;   5;   2;    54.4;   -999;   -999;   28.4;eor
  1624;19730701;19730731;   5;   2;    89.7;   -999;   -999;   12.2;eor
  1624;19730801;19730831;   5;   2;    49.8;   -999;   -999;   14.2;eor
  1624;19730901;19730930;   5;   2;    62.5;   -999;   -999;   13.1;eor
  1624;19731001;19731031;   5;   2;    89.1;   -999;   -999;   22.7;eor
  1624;19731101;19731130;   5;   2;    63.2;   -999;   -999;   17.0;eor
  1624;19731201;19731231;   5;   2;    93.0;   -999;   -999;   15.2;eor
  1624;19740101;19740131;   5;   2;    66.3;   -999;   -999;   13.1;eor
  1624;19740201;19740228;   5;   2;    47.7;   -999;   -999;   14.8;eor
  1624;19740301;19740331;   5;   2;    49.3;   -999;   -999;   11.2;eor
  1624;19740401;19740430;   5;   2;    15.8;   -999;   -999;   10.0;eor
  1624;19740501;19740531;   5;   2;    74.3;   -999;   -999;   16.1;eor
  1624;19740601;19740630;   5;   2;   103.9;   -999;   -999;   18.1;eor
  1624;19740701;19740731;   5;   2;   104.5;   -999;   -999;   18.1;eor
  1624;19740801;19740831;   5;   2;    85.0;   -999;   -999;   19.2;eor
  1624;19740901;19740930;   5;   2;    52.7;   -999;   -999;   15.6;eor
  1624;19741001;19741031;   5;   2;   177.6;   -999;   -999;   27.2;eor
  1624;19741101;19741130;   5;   2;    70.6;   -999;   -999;    9.8;eor
  1624;19741201;19741231;   5;   2;   200.2;   -999;   -999;   22.2;eor
  1624;19750101;19750131;   5;   2;   102.0;   -999;   -999;   17.3;eor
  1624;19750201;19750228;   5;   2;    23.2;   -999;   -999;   14.3;eor
  1624;19750301;19750331;   5;   2;    57.2;   -999;   -999;   12.0;eor
  1624;19750401;19750430;   5;   2;    95.3;   -999;   -999;   22.6;eor
  1624;19750501;19750531;   5;   2;    57.2;   -999;   -999;   12.3;eor
  1624;19750601;19750630;   5;   2;   101.3;   -999;   -999;   29.5;eor
  1624;19750701;19750731;   5;   2;    44.1;   -999;   -999;   18.0;eor
  1624;19750801;19750831;   5;   2;   112.1;   -999;   -999;   31.2;eor
  1624;19750901;19750930;   5;   2;    71.2;   -999;   -999;   15.3;eor
  1624;19751001;19751031;   5;   2;    63.1;   -999;   -999;   15.2;eor
  1624;19751101;19751130;   5;   2;    69.8;   -999;   -999;   19.1;eor
  1624;19751201;19751231;   5;   2;    37.9;   -999;   -999;   19.1;eor
  1624;19760101;19760131;   5;   2;   107.5;   -999;   -999;   15.2;eor
  1624;19760201;19760229;   5;   2;    24.5;   -999;   -999;    8.6;eor
  1624;19760301;19760331;   5;   2;    34.6;   -999;   -999;   12.9;eor
  1624;19760401;19760430;   5;   2;    17.8;   -999;   -999;    4.8;eor
  1624;19760501;19760531;   5;   2;    49.7;   -999;   -999;   10.4;eor
  1624;19760601;19760630;   5;   2;    40.2;   -999;   -999;   25.9;eor
  1624;19760701;19760731;   5;   2;    62.1;   -999;   -999;   13.0;eor
  1624;19760801;19760831;   5;   2;    20.4;   -999;   -999;    5.8;eor
  1624;19760901;19760930;   5;   2;    48.4;   -999;   -999;   16.6;eor
  1624;19761001;19761031;   5;   2;    32.9;   -999;   -999;    8.8;eor
  1624;19761101;19761130;   5;   2;    98.7;   -999;   -999;   21.1;eor
  1624;19761201;19761231;   5;   2;    57.0;   -999;   -999;    9.1;eor
  1624;19770101;19770131;   5;   2;    86.4;   -999;   -999;   12.4;eor
  1624;19770201;19770228;   5;   2;   110.7;   -999;   -999;   21.0;eor
  1624;19770301;19770331;   5;   2;    42.7;   -999;   -999;   14.0;eor
  1624;19770401;19770430;   5;   2;    68.2;   -999;   -999;    8.2;eor
  1624;19770501;19770531;   5;   2;    18.3;   -999;   -999;    6.2;eor
  1624;19770601;19770630;   5;   2;   101.0;   -999;   -999;   20.2;eor
  1624;19770701;19770731;   5;   2;    76.8;   -999;   -999;   18.4;eor
  1624;19770801;19770831;   5;   2;    85.2;   -999;   -999;   21.6;eor
  1624;19770901;19770930;   5;   2;    18.8;   -999;   -999;    7.3;eor
  1624;19771001;19771031;   5;   2;    90.6;   -999;   -999;   18.6;eor
  1624;19771101;19771130;   5;   2;   150.8;   -999;   -999;   37.7;eor
  1624;19771201;19771231;   5;   2;    58.5;   -999;   -999;   10.1;eor
  1624;19780101;19780131;   5;   2;    46.2;   -999;   -999;    8.1;eor
  1624;19780201;19780228;   5;   2;    29.6;   -999;   -999;    8.5;eor
  1624;19780301;19780331;   5;   2;   108.6;   -999;   -999;   11.5;eor
  1624;19780401;19780430;   5;   2;    13.6;   -999;   -999;    4.3;eor
  1624;19780501;19780531;   5;   2;    95.9;   -999;   -999;   22.3;eor
  1624;19780601;19780630;   5;   2;    71.2;   -999;   -999;   22.7;eor
  1624;19780701;19780731;   5;   2;    74.0;   -999;   -999;   13.8;eor
  1624;19780801;19780831;   5;   2;    70.6;   -999;   -999;   17.4;eor
  1624;19780901;19780930;   5;   2;   103.5;   -999;   -999;   14.4;eor
  1624;19781001;19781031;   5;   2;    32.3;   -999;   -999;    8.9;eor
  1624;19781101;19781130;   5;   2;    15.8;   -999;   -999;    6.3;eor
  1624;19781201;19781231;   5;   2;   159.0;   -999;   -999;   34.2;eor
  1624;19790101;19790131;   5;   2;    61.3;     54;    770;   14.8;eor
  1624;19790201;19790228;   5;   2;    68.3;     21;    568;   14.0;eor
  1624;19790301;19790331;   5;   2;   146.5;     42;    124;   19.8;eor
  1624;19790401;19790430;   5;   2;   104.7;      7;     35;   18.2;eor
  1624;19790501;19790531;   5;   2;    62.9;      1;      1;   16.5;eor
  1624;19790601;19790630;   5;   2;    57.6;      0;      0;   14.0;eor
  1624;19790701;19790731;   5;   2;   116.7;      0;      0;   31.7;eor
  1624;19790801;19790831;   5;   2;    61.0;      0;      0;   17.4;eor
  1624;19790901;19790930;   5;   2;    70.0;      0;      0;   34.0;eor
  1624;19791001;19791031;   5;   2;    23.3;      0;      0;   12.2;eor
  1624;19791101;19791130;   5;   2;    94.8;     23;     66;   18.4;eor
  1624;19791201;19791231;   5;   2;   142.2;     37;     93;   33.4;eor
  1624;19800101;19800131;   5;   2;    78.6;     30;    843;   27.5;eor
  1624;19800201;19800229;   5;   2;    70.1;      6;     21;   17.8;eor
  1624;19800301;19800331;   5;   2;    59.1;      7;     12;   16.6;eor
  1624;19800401;19800430;   5;   2;    75.2;     22;     31;   11.6;eor
  1624;19800501;19800531;   5;   2;    76.0;      0;      0;   34.8;eor
  1624;19800601;19800630;   5;   2;   133.8;      0;      0;   28.0;eor
  1624;19800701;19800731;   5;   2;   218.6;      0;      0;   36.2;eor
  1624;19800801;19800831;   5;   2;    59.6;      0;      0;   12.9;eor
  1624;19800901;19800930;   5;   2;    56.5;      0;      0;   12.6;eor
  1624;19801001;19801031;   5;   2;    73.1;      0;      0;   14.6;eor
  1624;19801101;19801130;   5;   2;    52.6;     28;     56;    7.5;eor
  1624;19801201;19801231;   5;   2;    59.4;     35;    427;   11.6;eor
  1624;19810101;19810131;  10;   2;    58.5;     75;   1044;    7.9;eor
  1624;19810201;19810228;  10;   2;    23.9;     33;    611;    3.8;eor
  1624;19810301;19810331;  10;   2;    82.4;     14;     87;   14.3;eor
  1624;19810401;19810430;  10;   2;    52.1;     20;     20;   24.0;eor
  1624;19810501;19810531;  10;   2;    97.5;      0;      0;   22.7;eor
  1624;19810601;19810630;  10;   2;   120.0;      0;      0;   30.5;eor
  1624;19810701;19810731;  10;   2;    88.6;      0;      0;   13.8;eor
  1624;19810801;19810831;  10;   2;   138.0;      0;      0;   46.8;eor
  1624;19810901;19810930;  10;   2;    54.7;      0;      0;   19.4;eor
  1624;19811001;19811031;  10;   2;   138.8;      0;      0;   21.2;eor
  1624;19811101;19811130;  10;   2;    76.4;     31;     65;   21.1;eor
  1624;19811201;19811231;  10;   2;   134.0;     94;   2049;   19.2;eor
  1624;19820101;19820131;  10;   2;    67.2;     29;    437;   17.6;eor
  1624;19820201;19820228;  10;   2;    15.7;     10;     52;    5.7;eor
  1624;19820301;19820331;  10;   2;    71.3;     13;     71;   19.3;eor
  1624;19820401;19820430;  10;   2;    62.0;     16;     19;   23.9;eor
  1624;19820501;19820531;  10;   2;   111.6;      0;      0;   34.2;eor
  1624;19820601;19820630;  10;   2;    72.1;      0;      0;   20.2;eor
  1624;19820701;19820731;  10;   2;    67.3;      0;      0;   21.7;eor
  1624;19820801;19820831;  10;   2;    40.2;      0;      0;   16.3;eor
  1624;19820901;19820930;  10;   2;    36.1;      0;      0;   18.3;eor
  1624;19821001;19821031;  10;   2;   150.6;      0;      0;   68.6;eor
  1624;19821101;19821130;  10;   2;    49.4;     10;     14;    8.6;eor
  1624;19821201;19821231;  10;   2;   113.3;     34;    110;   21.2;eor
  1624;19830101;19830131;  10;   2;   155.4;     31;     99;   20.8;eor
  1624;19830201;19830228;  10;   2;    40.9;     30;    474;    7.9;eor
  1624;19830301;19830331;  10;   2;    94.0;     22;     68;   13.1;eor
  1624;19830401;19830430;  10;   2;   147.5;     12;     12;   20.2;eor
  1624;19830501;19830531;  10;   2;   202.9;      0;      0;   42.4;eor
  1624;19830601;19830630;  10;   2;    21.7;      0;      0;    7.2;eor
  1624;19830701;19830731;  10;   2;    31.1;      0;      0;   17.3;eor
  1624;19830801;19830831;  10;   2;    64.5;      0;      0;   30.3;eor
  1624;19830901;19830930;  10;   2;    97.0;      0;      0;   18.8;eor
  1624;19831001;19831031;  10;   2;    68.6;      0;      0;   10.4;eor
  1624;19831101;19831130;  10;   2;    53.5;      4;     12;   20.2;eor
  1624;19831201;19831231;  10;   2;    43.2;     10;     89;   12.4;eor
  1624;19840101;19840131;  10;   2;   141.3;     73;    409;   22.4;eor
  1624;19840201;19840229;  10;   2;    85.9;     53;   1011;   35.8;eor
  1624;19840301;19840331;  10;   2;    36.2;     13;    574;   12.6;eor
  1624;19840401;19840430;  10;   2;    41.9;     17;     73;   12.8;eor
  1624;19840501;19840531;  10;   2;   201.2;      0;      0;   31.6;eor
  1624;19840601;19840630;  10;   2;   102.8;      0;      0;   25.3;eor
  1624;19840701;19840731;  10;   2;   105.4;      0;      0;   25.4;eor
  1624;19840801;19840831;  10;   2;    61.3;      0;      0;   27.2;eor
  1624;19840901;19840930;  10;   2;   130.8;      0;      0;   21.6;eor
  1624;19841001;19841031;  10;   2;    72.5;      0;      0;   18.2;eor
  1624;19841101;19841130;  10;   2;    76.1;      0;      0;   28.3;eor
  1624;19841201;19841231;  10;   2;    51.7;     18;     36;   10.4;eor
  1624;19850101;19850131;  10;   2;    55.4;     41;    830;    9.0;eor
  1624;19850201;19850228;  10;   2;    21.5;     18;    280;   11.2;eor
  1624;19850301;19850331;  10;   2;    61.1;     36;    208;   11.2;eor
  1624;19850401;19850430;  10;   2;    62.0;     16;     23;    8.4;eor
  1624;19850501;19850531;  10;   2;    85.7;      5;      5;   28.4;eor
  1624;19850601;19850630;  10;   2;   138.6;      0;      0;   28.8;eor
  1624;19850701;19850731;  10;   2;    83.1;      0;      0;   15.2;eor
  1624;19850801;19850831;  10;   2;    80.5;      0;      0;   17.7;eor
  1624;19850901;19850930;  10;   2;    68.4;      0;      0;   21.3;eor
  1624;19851001;19851031;  10;   2;    23.5;      0;      0;    5.3;eor
  1624;19851101;19851130;  10;   2;    70.1;     27;    149;   15.2;eor
  1624;19851201;19851231;  10;   2;    69.6;      9;     47;   12.3;eor
  1624;19860101;19860131;  10;   2;   123.8;     78;    438;   17.0;eor
  1624;19860201;19860228;  10;   2;    20.0;     37;    606;   12.1;eor
  1624;19860301;19860331;  10;   2;   135.0;     16;    120;   23.3;eor
  1624;19860401;19860430;  10;   2;    63.2;      6;      9;    8.9;eor
  1624;19860501;19860531;  10;   2;    72.4;      0;      0;   22.5;eor
  1624;19860601;19860630;  10;   2;   102.8;      0;      0;   23.3;eor
  1624;19860701;19860731;  10;   2;    68.1;      0;      0;   15.1;eor
  1624;19860801;19860831;  10;   2;    96.9;      0;      0;   34.5;eor
  1624;19860901;19860930;  10;   2;    75.9;      0;      0;   22.6;eor
  1624;19861001;19861031;  10;   2;   104.2;      0;      0;   33.1;eor
  1624;19861101;19861130;  10;   2;    39.6;      0;      0;   17.4;eor
  1624;19861201;19861231;  10;   2;    88.9;     40;    204;   11.3;eor
  1624;19870101;19870131;  10;   2;    62.7;     58;    971;   16.7;eor
  1624;19870201;19870228;  10;   2;    66.6;     20;    434;    9.9;eor
  1624;19870301;19870331;  10;   2;    72.5;     45;    209;   12.9;eor
  1624;19870401;19870430;  10;   2;    27.3;      2;      2;    6.6;eor
  1624;19870501;19870531;  10;   2;   114.6;      0;      0;   22.8;eor
  1624;19870601;19870630;  10;   2;   145.8;      0;      0;   27.6;eor
  1624;19870701;19870731;  10;   2;    97.8;      0;      0;   38.6;eor
  1624;19870801;19870831;  10;   2;    80.5;      0;      0;   21.4;eor
  1624;19870901;19870930;  10;   2;    87.6;      0;      0;   34.4;eor
  1624;19871001;19871031;  10;   2;    74.4;      0;      0;   17.4;eor
  1624;19871101;19871130;  10;   2;    93.0;     10;     33;   13.3;eor
  1624;19871201;19871231;  10;   2;    78.6;      1;     42;   26.8;eor
  1624;19880101;19880131;  10;   2;    96.2;     23;     41;   17.3;eor
  1624;19880201;19880229;  10;   2;   149.9;     69;    581;   17.7;eor
  1624;19880301;19880331;  10;   2;   167.4;     94;   1395;   20.6;eor
  1624;19880401;19880430;  10;   2;    34.9;     10;     14;   10.2;eor
  1624;19880501;19880531;  10;   2;    40.6;      0;      0;   10.1;eor
  1624;19880601;19880630;  10;   2;    59.3;      0;      0;   21.0;eor
  1624;19880701;19880731;  10;   2;   108.6;      0;      0;   20.7;eor
  1624;19880801;19880831;  10;   2;    32.9;      0;      0;    8.1;eor
  1624;19880901;19880930;  10;   2;    58.6;      0;      0;   12.2;eor
  1624;19881001;19881031;  10;   2;    57.2;      0;      0;   23.5;eor
  1624;19881101;19881130;  10;   2;    95.8;     35;    153;   20.5;eor
  1624;19881201;19881231;  10;   2;   135.3;     19;     34;   22.2;eor
  1624;19890101;19890131;  10;   2;    36.1;     15;     23;   12.0;eor
  1624;19890201;19890228;  10;   2;    50.8;     25;     37;    8.9;eor
  1624;19890301;19890331;  10;   2;    72.9;      7;     61;   11.4;eor
  1624;19890401;19890430;  10;   2;   105.5;      1;      1;   30.0;eor
  1624;19890501;19890531;  10;   2;    25.2;      0;      0;    8.2;eor
  1624;19890601;19890630;  10;   2;    60.3;      0;      0;    7.2;eor
  1624;19890701;19890731;  10;   2;   110.7;      0;      0;   31.5;eor
  1624;19890801;19890831;  10;   2;    50.2;      0;      0;   11.2;eor
  1624;19890901;19890930;  10;   2;    61.7;      0;      0;   21.4;eor
  1624;19891001;19891031;  10;   2;    81.8;      0;      0;   22.8;eor
  1624;19891101;19891130;  10;   2;    80.8;     11;     21;   35.3;eor
  1624;19891201;19891231;  10;   2;   164.7;      2;      4;   27.2;eor
  1624;19900101;19900131;  10;   2;    71.4;      7;     14;   31.5;eor
  1624;19900201;19900228;  10;   2;   128.6;     38;    122;   19.3;eor
  1624;19900301;19900331;  10;   2;    42.2;     15;     60;    9.2;eor
  1624;19900401;19900430;  10;   2;    46.5;      0;      0;    7.2;eor
  1624;19900501;19900531;  10;   2;    19.5;      0;      0;    6.6;eor
  1624;19900601;19900630;  10;   2;   138.1;      0;      0;   24.2;eor
  1624;19900701;19900731;  10;   2;    46.9;      0;      0;   19.1;eor
  1624;19900801;19900831;  10;   2;    55.2;      0;      0;   18.0;eor
  1624;19900901;19900930;  10;   2;    85.5;      0;      0;   12.2;eor
  1624;19901001;19901031;  10;   2;    76.9;      0;      0;   36.1;eor
  1624;19901101;19901130;  10;   2;   128.0;     21;      9;   23.8;eor
  1624;19901201;19901231;  10;   2;   103.3;     43;    542;   22.5;eor
  1624;19910101;19910131;   9;   2;    82.1;     14;     25;   15.0;eor
  1624;19910201;19910228;   9;   2;    40.3;     36;    404;   12.9;eor
  1624;19910301;19910331;   9;   2;    32.2;      0;      0;   10.7;eor
  1624;19910401;19910430;   9;   2;    39.6;      0;      0;   20.5;eor
  1624;19910501;19910531;   9;   2;    26.7;      0;      0;    7.3;eor
  1624;19910601;19910630;   9;   2;    87.9;      0;      0;   21.2;eor
  1624;19910701;19910731;   9;   2;    34.0;      0;      0;    8.4;eor
  1624;19910801;19910831;   9;   2;    24.0;      0;      0;    8.6;eor
  1624;19910901;19910930;   9;   2;    45.1;      0;      0;   16.1;eor
  1624;19911001;19911031;   9;   2;    57.4;      1;      1;   13.4;eor
  1624;19911101;19911130;   9;   2;    98.4;      2;      2;   10.6;eor
  1624;19911201;19911231;   9;   2;    73.8;     34;     91;   14.4;eor
  1624;19920101;19920131;   9;   2;    39.9;     22;    197;   15.1;eor
  1624;19920201;19920229;   9;   2;    39.4;     21;    181;    5.8;eor
  1624;19920301;19920331;   9;   2;   144.4;     79;    213;   31.5;eor
  1624;19920401;19920430;   9;   2;    49.6;      5;     30;   15.1;eor
  1624;19920501;19920531;   9;   2;    34.0;      0;      0;    8.7;eor
  1624;19920601;19920630;   9;   2;   154.8;      0;      0;   36.9;eor
  1624;19920701;19920731;   9;   2;    85.0;      0;      0;   25.1;eor
  1624;19920801;19920831;   9;   2;    88.7;      0;      0;   17.6;eor
  1624;19920901;19920930;   9;   2;    47.4;      0;      0;   14.8;eor
  1624;19921001;19921031;   9;   2;    87.3;      0;      0;   24.9;eor
  1624;19921101;19921130;   9;   2;   128.1;     18;     22;   20.3;eor
  1624;19921201;19921231;   9;   2;    56.9;      5;      3;   10.7;eor
  1624;19930101;19930131;   9;   2;   129.7;     15;     59;   24.3;eor
  1624;19930201;19930228;   9;   2;    32.9;     27;    175;    7.9;eor
  1624;19930301;19930331;   9;   2;    33.3;      4;    161;   10.1;eor
  1624;19930401;19930430;   9;   2;    50.0;      0;      0;   13.2;eor
  1624;19930501;19930531;   9;   2;    58.7;      0;      0;   17.6;eor
  1624;19930601;19930630;   9;   2;    50.7;      0;      0;   15.4;eor
  1624;19930701;19930731;   9;   2;    96.0;      0;      0;   15.1;eor
  1624;19930801;19930831;   9;   2;    62.5;      0;      0;   22.5;eor
  1624;19930901;19930930;   9;   2;    81.5;      0;      0;   20.1;eor
  1624;19931001;19931031;   9;   2;    82.1;      0;      0;   39.2;eor
  1624;19931101;19931130;   9;   2;    44.4;      4;     38;   16.3;eor
  1624;19931201;19931231;   9;   2;   264.2;     58;    225;   40.3;eor
  1624;19940101;19940131;   9;   2;   141.9;     19;     42;   19.5;eor
  1624;19940201;19940228;   9;   2;    47.9;     19;     87;   10.1;eor
  1624;19940301;19940331;   9;   2;   120.5;     17;     28;   18.8;eor
  1624;19940401;19940430;   9;   2;   130.8;     13;     19;   49.0;eor
  1624;19940501;19940531;   9;   2;    93.4;      0;      0;   22.1;eor
  1624;19940601;19940630;   9;   2;    74.8;      0;      0;   16.2;eor
  1624;19940701;19940731;   9;   2;   110.6;      0;      0;   45.5;eor
  1624;19940801;19940831;   9;   2;    82.3;      0;      0;   23.3;eor
  1624;19940901;19940930;   9;   2;    91.6;      0;      0;   26.9;eor
  1624;19941001;19941031;   9;   2;    85.9;      0;      0;   12.7;eor
  1624;19941101;19941130;   9;   2;    74.6;      0;      0;   18.8;eor
  1624;19941201;19941231;   9;   2;   115.4;      8;     19;   19.5;eor
  1624;19950101;19950131;   9;   2;   201.3;     74;    419;   38.6;eor
  1624;19950201;19950228;   9;   2;   100.9;     14;     47;   11.2;eor
  1624;19950301;19950331;   9;   2;    98.3;     47;    148;   17.0;eor
  1624;19950401;19950430;   9;   2;    78.9;      0;      6;   18.8;eor
  1624;19950501;19950531;   9;   2;   123.3;      0;      0;   35.5;eor
  1624;19950601;19950630;   9;   2;    47.8;      0;      0;   13.1;eor
  1624;19950701;19950731;   9;   2;   101.9;      0;      0;   33.6;eor
  1624;19950801;19950831;   9;   2;    50.2;      0;      0;   14.9;eor
  1624;19950901;19950930;   9;   2;   136.5;      0;      0;   22.1;eor
  1624;19951001;19951031;   9;   2;    16.4;      0;      0;    3.1;eor
  1624;19951101;19951130;   9;   2;    46.9;      7;     24;    9.6;eor
  1624;19951201;19951231;   9;   2;    77.9;     34;    133;   28.8;eor
  1624;19960101;19960131;   9;   2;     5.9;     11;    110;    3.5;eor
  1624;19960201;19960229;   9;   2;    73.4;     71;    771;   17.6;eor
  1624;19960301;19960331;   9;   2;    28.5;     27;    647;    6.4;eor
  1624;19960401;19960430;   9;   2;    24.7;      7;     35;   14.7;eor
  1624;19960501;19960531;   9;   2;   108.3;      0;      0;   11.1;eor
  1624;19960601;19960630;   9;   2;   100.1;      0;      0;   39.4;eor
  1624;19960701;19960731;   9;   2;   144.6;      0;      0;   28.4;eor
  1624;19960801;19960831;   9;   2;   105.1;      0;      0;   20.6;eor
  1624;19960901;19960930;   9;   2;    64.9;      0;      0;   21.4;eor
  1624;19961001;19961031;   9;   2;   107.0;      0;      0;   24.4;eor
  1624;19961101;19961130;   9;   2;    99.8;     34;     87;   21.6;eor
  1624;19961201;19961231;   9;   2;    32.5;     13;    220;    7.8;eor
  1624;19970101;19970131;   9;   2;    22.7;      9;     74;    6.2;eor
  1624;19970201;19970228;   9;   2;   106.6;     18;     52;   25.2;eor
  1624;19970301;19970331;   9;   2;    58.2;      8;     14;    7.4;eor
  1624;19970401;19970430;   9;   2;    26.9;      3;      3;    6.4;eor
  1624;19970501;19970531;   9;   2;    80.7;      1;      1;   21.6;eor
  1624;19970601;19970630;   9;   2;   105.4;      0;      0;   25.4;eor
  1624;19970701;19970731;   9;   2;   105.1;      0;      0;   23.7;eor
  1624;19970801;19970831;   9;   2;    26.0;      0;      0;   10.2;eor
  1624;19970901;19970930;   9;   2;    21.7;      0;      0;    7.1;eor
  1624;19971001;19971031;   9;   2;    91.8;      0;      0;   23.3;eor
  1624;19971101;19971130;   9;   2;    70.8;      0;      0;   21.9;eor
  1624;19971201;19971231;   9;   2;    86.1;     21;     80;   14.3;eor
  1624;19980101;19980131;   9;   2;    68.4;     21;    192;   11.6;eor
  1624;19980201;19980228;   9;   2;    16.9;      2;    156;    7.7;eor
  1624;19980301;19980331;   9;   2;    69.4;     13;     14;   13.4;eor
  1624;19980401;19980430;   9;   2;    91.7;      0;      0;   20.2;eor
  1624;19980501;19980531;   9;   2;    60.0;      0;      0;   20.5;eor
  1624;19980601;19980630;   9;   2;    67.8;      0;      0;   15.8;eor
  1624;19980701;19980731;   9;   2;   107.0;      0;      0;   20.3;eor
  1624;19980801;19980831;   9;   2;    89.8;      0;      0;   39.6;eor
  1624;19980901;19980930;   9;   2;   178.1;      0;      0;   39.5;eor
  1624;19981001;19981031;   9;   2;   276.9;      0;      0;   35.7;eor
  1624;19981101;19981130;   9;   2;    88.8;     22;    232;   15.3;eor
  1624;19981201;19981231;   9;   2;    69.4;     15;    235;   18.2;eor
  1624;19990101;19990131;   9;   2;   104.8;     40;    170;   16.6;eor
  1624;19990201;19990228;   9;   2;    75.8;     75;    434;   13.8;eor
  1624;19990301;19990331;   9;   2;    88.4;      6;      8;   12.5;eor
  1624;19990401;19990430;   9;   2;    67.2;      5;      0;    8.8;eor
  1624;19990501;19990531;   9;   2;    51.4;      0;      0;    8.9;eor
  1624;19990601;19990630;   9;   2;    99.4;      0;      0;   25.5;eor
  1624;19990701;19990731;   9;   2;   116.6;      0;      0;   23.8;eor
  1624;19990801;19990831;   9;   2;    77.7;      0;      0;   18.6;eor
  1624;19990901;19990930;   9;   2;    50.2;      0;      0;   15.6;eor
  1624;19991001;19991031;   9;   2;    64.4;      0;      0;   12.6;eor
  1624;19991101;19991130;   9;   2;    71.0;     16;     77;   17.1;eor
  1624;19991201;19991231;   9;   2;   170.8;     43;    175;   35.3;eor
  1624;20000101;20000131;   9;   2;    75.5;     18;    141;   18.6;eor
  1624;20000201;20000229;   9;   2;   127.9;     40;    134;   18.5;eor
  1624;20000301;20000331;   9;   2;   104.1;     20;     50;   19.0;eor
  1624;20000401;20000430;   9;   2;    61.0;      0;      0;   28.6;eor
  1624;20000501;20000531;   9;   2;    55.5;      0;      0;    8.7;eor
  1624;20000601;20000630;   9;   2;    45.6;      0;      0;   19.0;eor
  1624;20000701;20000731;   9;   2;   179.7;      0;      0;   32.6;eor
  1624;20000801;20000831;   9;   2;    67.3;      0;      0;   20.8;eor
  1624;20000901;20000930;   9;   2;   147.9;      0;      0;   24.0;eor
  1624;20001001;20001031;   9;   2;    86.5;      0;      0;   21.8;eor
  1624;20001101;20001130;   9;   2;    78.1;      0;      0;   14.3;eor
  1624;20001201;20001231;   9;   2;    73.0;     17;     36;   21.8;eor
  1624;20010101;20010131;   9;   2;   105.7;     27;     80;   30.3;eor
  1624;20010201;20010228;   9;   2;    74.2;     31;    156;   14.4;eor
  1624;20010301;20010331;   9;   2;   138.6;     12;    130;   13.1;eor
  1624;20010401;20010430;   9;   2;    78.9;      7;      7;    9.4;eor
  1624;20010501;20010531;   9;   2;    36.2;      0;      0;   10.6;eor
  1624;20010601;20010630;   9;   2;   132.2;      0;      0;   19.3;eor
  1624;20010701;20010731;   9;   2;    67.0;      0;      0;   21.8;eor
  1624;20010801;20010831;   9;   2;    67.7;      0;      0;   19.3;eor
  1624;20010901;20010930;   9;   2;   156.0;      0;      0;   25.1;eor
  1624;20011001;20011031;   9;   2;    61.4;      0;      0;   16.9;eor
  1624;20011101;20011130;   9;   2;   120.5;     14;     31;   23.6;eor
  1624;20011201;20011231;   9;   2;   111.2;     49;    296;   16.2;eor
  1624;20020101;20020131;   9;   2;    81.3;      3;    618;   24.6;eor
  1624;20020201;20020228;   9;   2;   231.3;     27;     63;   40.3;eor
  1624;20020301;20020331;   9;   2;    58.6;      2;      5;   24.4;eor
  1624;20020401;20020430;   9;   2;    61.3;      0;      0;   11.4;eor
  1624;20020501;20020531;   9;   2;    93.7;      0;      0;   18.9;eor
  1624;20020601;20020630;   9;   2;    80.3;      0;      0;   28.5;eor
  1624;20020701;20020731;   9;   2;    94.0;      0;      0;   26.7;eor
  1624;20020801;20020831;   9;   2;    61.5;      0;      0;   11.1;eor
  1624;20020901;20020930;   9;   2;    56.4;      0;      0;   19.3;eor
  1624;20021001;20021031;   9;   2;   208.4;      0;      0;   29.6;eor
  1624;20021201;20021231;   9;   2;    74.0;      6;      9;   22.9;eor
