STATIONS_ID; MESS_DATUM_BEGINN; MESS_DATUM_ENDE; QUALITAETS_NIVEAU; ART; NIEDERSCHLAGSHOEHE;NEUSCHNEEHOEHE;SCHNEEHOEHE; max(NIEDERSCHLAGSHOEHE);eor
  3923;19110101;19110131;   5;   2;    20.0;   -999;   -999;-999;eor
  3923;19110201;19110228;   5;   2;    32.0;   -999;   -999;-999;eor
  3923;19110301;19110331;   5;   2;    24.0;   -999;   -999;-999;eor
  3923;19110401;19110430;   5;   2;    50.0;   -999;   -999;-999;eor
  3923;19110501;19110531;   5;   2;    78.0;   -999;   -999;-999;eor
  3923;19110601;19110630;   5;   2;   150.0;   -999;   -999;-999;eor
  3923;19110701;19110731;   5;   2;    56.0;   -999;   -999;-999;eor
  3923;19110801;19110831;   5;   2;    77.0;   -999;   -999;-999;eor
  3923;19110901;19110930;   5;   2;    90.0;   -999;   -999;-999;eor
  3923;19111001;19111031;   5;   2;    51.0;   -999;   -999;-999;eor
  3923;19111101;19111130;   5;   2;    52.0;   -999;   -999;-999;eor
  3923;19111201;19111231;   5;   2;    48.0;   -999;   -999;-999;eor
  3923;19120101;19120131;   5;   2;    83.0;   -999;   -999;-999;eor
  3923;19120201;19120229;   5;   2;    30.0;   -999;   -999;-999;eor
  3923;19120301;19120331;   5;   2;    64.0;   -999;   -999;-999;eor
  3923;19120401;19120430;   5;   2;    41.0;   -999;   -999;-999;eor
  3923;19120501;19120531;   5;   2;   159.0;   -999;   -999;-999;eor
  3923;19120601;19120630;   5;   2;   132.0;   -999;   -999;-999;eor
  3923;19120701;19120731;   5;   2;   126.0;   -999;   -999;-999;eor
  3923;19120801;19120831;   5;   2;   168.0;   -999;   -999;-999;eor
  3923;19120901;19120930;   5;   2;   110.0;   -999;   -999;-999;eor
  3923;19121001;19121031;   5;   2;    66.0;   -999;   -999;-999;eor
  3923;19121101;19121130;   5;   2;    40.0;   -999;   -999;-999;eor
  3923;19121201;19121231;   5;   2;    23.0;   -999;   -999;-999;eor
  3923;19130101;19130131;   5;   2;    51.0;   -999;   -999;-999;eor
  3923;19130201;19130228;   5;   2;    19.0;   -999;   -999;-999;eor
  3923;19130301;19130331;   5;   2;    47.0;   -999;   -999;-999;eor
  3923;19130401;19130430;   5;   2;    57.0;   -999;   -999;-999;eor
  3923;19130501;19130531;   5;   2;    80.0;   -999;   -999;-999;eor
  3923;19130601;19130630;   5;   2;   115.0;   -999;   -999;-999;eor
  3923;19130701;19130731;   5;   2;   173.0;   -999;   -999;-999;eor
  3923;19130801;19130831;   5;   2;   102.0;   -999;   -999;-999;eor
  3923;19130901;19130930;   5;   2;    88.0;   -999;   -999;-999;eor
  3923;19131001;19131031;   5;   2;    27.0;   -999;   -999;-999;eor
  3923;19131101;19131130;   5;   2;    73.0;   -999;   -999;-999;eor
  3923;19131201;19131231;   5;   2;    48.0;   -999;   -999;-999;eor
  3923;19140101;19140131;   5;   2;    52.0;   -999;   -999;-999;eor
  3923;19140201;19140228;   5;   2;    17.0;   -999;   -999;-999;eor
  3923;19140301;19140331;   5;   2;    84.0;   -999;   -999;-999;eor
  3923;19140401;19140430;   5;   2;    63.0;   -999;   -999;-999;eor
  3923;19140501;19140531;   5;   2;   148.0;   -999;   -999;-999;eor
  3923;19140601;19140630;   5;   2;    98.0;   -999;   -999;-999;eor
  3923;19140701;19140731;   5;   2;   172.0;   -999;   -999;-999;eor
  3923;19140801;19140831;   5;   2;    52.0;   -999;   -999;-999;eor
  3923;19140901;19140930;   5;   2;    88.0;   -999;   -999;-999;eor
  3923;19141001;19141031;   5;   2;    24.0;   -999;   -999;-999;eor
  3923;19141101;19141130;   5;   2;    49.0;   -999;   -999;-999;eor
  3923;19141201;19141231;   5;   2;    25.0;   -999;   -999;-999;eor
  3923;19150101;19150131;   5;   2;    48.0;   -999;   -999;-999;eor
  3923;19150201;19150228;   5;   2;    19.0;   -999;   -999;-999;eor
  3923;19150301;19150331;   5;   2;    69.0;   -999;   -999;-999;eor
  3923;19150401;19150430;   5;   2;    72.0;   -999;   -999;-999;eor
  3923;19150501;19150531;   5;   2;    87.0;   -999;   -999;-999;eor
  3923;19150601;19150630;   5;   2;    73.0;   -999;   -999;-999;eor
  3923;19150701;19150731;   5;   2;   119.0;   -999;   -999;-999;eor
  3923;19150801;19150831;   5;   2;   122.0;   -999;   -999;-999;eor
  3923;19150901;19150930;   5;   2;    69.0;   -999;   -999;-999;eor
  3923;19151001;19151031;   5;   2;    53.0;   -999;   -999;-999;eor
  3923;19151101;19151130;   5;   2;    29.0;   -999;   -999;-999;eor
  3923;19151201;19151231;   5;   2;    70.0;   -999;   -999;-999;eor
  3923;19160101;19160131;   5;   2;    32.0;   -999;   -999;-999;eor
  3923;19160201;19160229;   5;   2;    48.0;   -999;   -999;-999;eor
  3923;19160301;19160331;   5;   2;    62.0;   -999;   -999;-999;eor
  3923;19160401;19160430;   5;   2;    35.0;   -999;   -999;-999;eor
  3923;19160501;19160531;   5;   2;    90.0;   -999;   -999;-999;eor
  3923;19160601;19160630;   5;   2;   148.0;   -999;   -999;-999;eor
  3923;19160701;19160731;   5;   2;   159.0;   -999;   -999;-999;eor
  3923;19160801;19160831;   5;   2;    91.0;   -999;   -999;-999;eor
  3923;19160901;19160930;   5;   2;   121.0;   -999;   -999;-999;eor
  3923;19161001;19161031;   5;   2;    66.0;   -999;   -999;-999;eor
  3923;19161101;19161130;   5;   2;    38.0;   -999;   -999;-999;eor
  3923;19161201;19161231;   5;   2;    49.0;   -999;   -999;-999;eor
  3923;19170101;19170131;   5;   2;    48.0;   -999;   -999;-999;eor
  3923;19170201;19170228;   5;   2;    15.0;   -999;   -999;-999;eor
  3923;19170301;19170331;   5;   2;    46.0;   -999;   -999;-999;eor
  3923;19170401;19170430;   5;   2;    78.0;   -999;   -999;-999;eor
  3923;19170501;19170531;   5;   2;    40.0;   -999;   -999;-999;eor
  3923;19170601;19170630;   5;   2;    67.0;   -999;   -999;-999;eor
  3923;19170701;19170731;   5;   2;   108.0;   -999;   -999;-999;eor
  3923;19170801;19170831;   5;   2;   166.0;   -999;   -999;-999;eor
  3923;19170901;19170930;   5;   2;    83.0;   -999;   -999;-999;eor
  3923;19171001;19171031;   5;   2;   147.0;   -999;   -999;-999;eor
  3923;19171101;19171130;   5;   2;    42.0;   -999;   -999;-999;eor
  3923;19171201;19171231;   5;   2;    19.0;   -999;   -999;-999;eor
  3923;19180101;19180131;   5;   2;    32.0;   -999;   -999;-999;eor
  3923;19180201;19180228;   5;   2;    13.0;   -999;   -999;-999;eor
  3923;19180301;19180331;   5;   2;     9.0;   -999;   -999;-999;eor
  3923;19180401;19180430;   5;   2;   106.0;   -999;   -999;-999;eor
  3923;19180501;19180531;   5;   2;    56.0;   -999;   -999;-999;eor
  3923;19180601;19180630;   5;   2;   110.0;   -999;   -999;-999;eor
  3923;19180701;19180731;   5;   2;   132.0;   -999;   -999;-999;eor
  3923;19180801;19180831;   5;   2;    89.0;   -999;   -999;-999;eor
  3923;19180901;19180930;   5;   2;    83.0;   -999;   -999;-999;eor
  3923;19181001;19181031;   5;   2;    28.0;   -999;   -999;-999;eor
  3923;19181101;19181130;   5;   2;    40.0;   -999;   -999;-999;eor
  3923;19181201;19181231;   5;   2;   118.0;   -999;   -999;-999;eor
  3923;19190101;19190131;   5;   2;    25.0;   -999;   -999;-999;eor
  3923;19190201;19190228;   5;   2;    37.0;   -999;   -999;-999;eor
  3923;19190301;19190331;   5;   2;   101.0;   -999;   -999;-999;eor
  3923;19190401;19190430;   5;   2;    89.0;   -999;   -999;-999;eor
  3923;19190501;19190531;   5;   2;    26.0;   -999;   -999;-999;eor
  3923;19190601;19190630;   5;   2;   130.0;   -999;   -999;-999;eor
  3923;19190701;19190731;   5;   2;   180.0;   -999;   -999;-999;eor
  3923;19190801;19190831;   5;   2;    80.0;   -999;   -999;-999;eor
  3923;19190901;19190930;   5;   2;    26.0;   -999;   -999;-999;eor
  3923;19191001;19191031;   5;   2;    54.0;   -999;   -999;-999;eor
  3923;19191101;19191130;   5;   2;    71.0;   -999;   -999;-999;eor
  3923;19191201;19191231;   5;   2;   144.0;   -999;   -999;-999;eor
  3923;19200101;19200131;   5;   2;    95.0;   -999;   -999;-999;eor
  3923;19200201;19200229;   5;   2;    35.0;   -999;   -999;-999;eor
  3923;19200301;19200331;   5;   2;    59.0;   -999;   -999;-999;eor
  3923;19200401;19200430;   5;   2;    91.0;   -999;   -999;-999;eor
  3923;19200501;19200531;   5;   2;   161.0;   -999;   -999;-999;eor
  3923;19200601;19200630;   5;   2;    88.0;   -999;   -999;-999;eor
  3923;19200701;19200731;   5;   2;   244.0;   -999;   -999;-999;eor
  3923;19200801;19200831;   5;   2;    59.0;   -999;   -999;-999;eor
  3923;19200901;19200930;   5;   2;   116.0;   -999;   -999;-999;eor
  3923;19201001;19201031;   5;   2;     1.0;   -999;   -999;-999;eor
  3923;19201101;19201130;   5;   2;     7.0;   -999;   -999;-999;eor
  3923;19201201;19201231;   5;   2;    33.0;   -999;   -999;-999;eor
  3923;19210101;19210131;   5;   2;    63.0;   -999;   -999;-999;eor
  3923;19210201;19210228;   5;   2;    21.0;   -999;   -999;-999;eor
  3923;19210301;19210331;   5;   2;    27.0;   -999;   -999;-999;eor
  3923;19210401;19210430;   5;   2;    64.0;   -999;   -999;-999;eor
  3923;19210501;19210531;   5;   2;   117.0;   -999;   -999;-999;eor
  3923;19210601;19210630;   5;   2;    92.0;   -999;   -999;-999;eor
  3923;19210701;19210731;   5;   2;    38.0;   -999;   -999;-999;eor
  3923;19210801;19210831;   5;   2;    80.0;   -999;   -999;-999;eor
  3923;19210901;19210930;   5;   2;    51.0;   -999;   -999;-999;eor
  3923;19211001;19211031;   5;   2;    56.0;   -999;   -999;-999;eor
  3923;19211101;19211130;   5;   2;   106.0;   -999;   -999;-999;eor
  3923;19211201;19211231;   5;   2;    35.0;   -999;   -999;-999;eor
  3923;19220101;19220131;   5;   2;    71.0;   -999;   -999;-999;eor
  3923;19220201;19220228;   5;   2;    56.0;   -999;   -999;-999;eor
  3923;19220301;19220331;   5;   2;    73.0;   -999;   -999;-999;eor
  3923;19220401;19220430;   5;   2;   117.0;   -999;   -999;-999;eor
  3923;19220501;19220531;   5;   2;    75.0;   -999;   -999;-999;eor
  3923;19220601;19220630;   5;   2;   130.0;   -999;   -999;-999;eor
  3923;19220701;19220731;   5;   2;   208.0;   -999;   -999;-999;eor
  3923;19220801;19220831;   5;   2;   124.0;   -999;   -999;-999;eor
  3923;19220901;19220930;   5;   2;   192.0;   -999;   -999;-999;eor
  3923;19221001;19221031;   5;   2;   132.0;   -999;   -999;-999;eor
  3923;19221101;19221130;   5;   2;    69.0;   -999;   -999;-999;eor
  3923;19221201;19221231;   5;   2;    39.0;   -999;   -999;-999;eor
  3923;19230101;19230131;   5;   2;    68.0;   -999;   -999;-999;eor
  3923;19230201;19230228;   5;   2;    78.0;   -999;   -999;-999;eor
  3923;19230301;19230331;   5;   2;    28.0;   -999;   -999;-999;eor
  3923;19230401;19230430;   5;   2;    65.0;   -999;   -999;-999;eor
  3923;19230501;19230531;   5;   2;    68.0;   -999;   -999;-999;eor
  3923;19230601;19230630;   5;   2;    92.0;   -999;   -999;-999;eor
  3923;19230701;19230731;   5;   2;    46.0;   -999;   -999;-999;eor
  3923;19230801;19230831;   5;   2;    53.0;   -999;   -999;-999;eor
  3923;19230901;19230930;   5;   2;    54.0;   -999;   -999;-999;eor
  3923;19231001;19231031;   5;   2;   101.0;   -999;   -999;-999;eor
  3923;19231101;19231130;   5;   2;   102.0;   -999;   -999;-999;eor
  3923;19231201;19231231;   5;   2;    88.0;   -999;   -999;-999;eor
  3923;19240101;19240131;   5;   2;    14.0;   -999;   -999;-999;eor
  3923;19240201;19240229;   5;   2;    13.0;   -999;   -999;-999;eor
  3923;19240301;19240331;   5;   2;     8.0;   -999;   -999;-999;eor
  3923;19240401;19240430;   5;   2;   106.0;   -999;   -999;-999;eor
  3923;19240501;19240531;   5;   2;   110.0;   -999;   -999;-999;eor
  3923;19240601;19240630;   5;   2;   192.0;   -999;   -999;-999;eor
  3923;19240701;19240731;   5;   2;   251.0;   -999;   -999;-999;eor
  3923;19240801;19240831;   5;   2;   159.0;   -999;   -999;-999;eor
  3923;19240901;19240930;   5;   2;    97.0;   -999;   -999;-999;eor
  3923;19241001;19241031;   5;   2;    17.0;   -999;   -999;-999;eor
  3923;19241101;19241130;   5;   2;    39.0;   -999;   -999;-999;eor
  3923;19241201;19241231;   5;   2;    35.0;   -999;   -999;-999;eor
  3923;19250101;19250131;   5;   2;    32.0;   -999;   -999;-999;eor
  3923;19250201;19250228;   5;   2;    26.0;   -999;   -999;-999;eor
  3923;19250301;19250331;   5;   2;    61.0;   -999;   -999;-999;eor
  3923;19250401;19250430;   5;   2;    90.0;   -999;   -999;-999;eor
  3923;19250501;19250531;   5;   2;    66.0;   -999;   -999;-999;eor
  3923;19250601;19250630;   5;   2;    91.0;   -999;   -999;-999;eor
  3923;19250701;19250731;   5;   2;   137.0;   -999;   -999;-999;eor
  3923;19250801;19250831;   5;   2;   141.0;   -999;   -999;-999;eor
  3923;19250901;19250930;   5;   2;    69.0;   -999;   -999;-999;eor
  3923;19251001;19251031;   5;   2;    50.0;   -999;   -999;-999;eor
  3923;19251101;19251130;   5;   2;    45.0;   -999;   -999;-999;eor
  3923;19251201;19251231;   5;   2;    75.0;   -999;   -999;-999;eor
  3923;19260101;19260131;   5;   2;    44.0;   -999;   -999;-999;eor
  3923;19260201;19260228;   5;   2;    27.0;   -999;   -999;-999;eor
  3923;19260301;19260331;   5;   2;    49.0;   -999;   -999;-999;eor
  3923;19260401;19260430;   5;   2;    44.0;   -999;   -999;-999;eor
  3923;19260501;19260531;   5;   2;   106.0;   -999;   -999;-999;eor
  3923;19260601;19260630;   5;   2;   233.0;   -999;   -999;-999;eor
  3923;19260701;19260731;   5;   2;   182.0;   -999;   -999;-999;eor
  3923;19260801;19260831;   5;   2;    52.0;   -999;   -999;-999;eor
  3923;19260901;19260930;   5;   2;    34.0;   -999;   -999;-999;eor
  3923;19261001;19261031;   5;   2;    93.0;   -999;   -999;-999;eor
  3923;19261101;19261130;   5;   2;    41.0;   -999;   -999;-999;eor
  3923;19261201;19261231;   5;   2;    45.0;   -999;   -999;-999;eor
  3923;19270101;19270131;   5;   2;    58.0;   -999;   -999;-999;eor
  3923;19270201;19270228;   5;   2;    39.0;   -999;   -999;-999;eor
  3923;19270301;19270331;   5;   2;    51.0;   -999;   -999;-999;eor
  3923;19270401;19270430;   5;   2;   128.0;   -999;   -999;-999;eor
  3923;19270501;19270531;   5;   2;    98.0;   -999;   -999;-999;eor
  3923;19270601;19270630;   5;   2;    93.0;   -999;   -999;-999;eor
  3923;19270701;19270731;   5;   2;    78.0;   -999;   -999;-999;eor
  3923;19270801;19270831;   5;   2;   137.0;   -999;   -999;-999;eor
  3923;19270901;19270930;   5;   2;   182.0;   -999;   -999;-999;eor
  3923;19271001;19271031;   5;   2;    23.0;   -999;   -999;-999;eor
  3923;19271101;19271130;   5;   2;    51.0;   -999;   -999;-999;eor
  3923;19271201;19271231;   5;   2;    15.0;   -999;   -999;-999;eor
  3923;19280101;19280131;   5;   2;    46.0;   -999;   -999;-999;eor
  3923;19280201;19280229;   5;   2;    65.0;   -999;   -999;-999;eor
  3923;19280301;19280331;   5;   2;    36.0;   -999;   -999;-999;eor
  3923;19280401;19280430;   5;   2;    45.0;   -999;   -999;-999;eor
  3923;19280501;19280531;   5;   2;    82.0;   -999;   -999;-999;eor
  3923;19280601;19280630;   5;   2;   120.0;   -999;   -999;-999;eor
  3923;19280701;19280731;   5;   2;    34.0;   -999;   -999;-999;eor
  3923;19280801;19280831;   5;   2;   187.0;   -999;   -999;-999;eor
  3923;19280901;19280930;   5;   2;    21.0;   -999;   -999;-999;eor
  3923;19281001;19281031;   5;   2;    69.0;   -999;   -999;-999;eor
  3923;19281101;19281130;   5;   2;    84.0;   -999;   -999;-999;eor
  3923;19281201;19281231;   5;   2;    55.0;   -999;   -999;-999;eor
  3923;19290101;19290131;   5;   2;    58.0;   -999;   -999;-999;eor
  3923;19290201;19290228;   5;   2;    18.0;   -999;   -999;-999;eor
  3923;19290301;19290331;   5;   2;     9.0;   -999;   -999;-999;eor
  3923;19290401;19290430;   5;   2;    58.0;   -999;   -999;-999;eor
  3923;19290501;19290531;   5;   2;    61.0;   -999;   -999;-999;eor
  3923;19290601;19290630;   5;   2;    91.0;   -999;   -999;-999;eor
  3923;19290701;19290731;   5;   2;    60.0;   -999;   -999;-999;eor
  3923;19290801;19290831;   5;   2;   135.0;   -999;   -999;-999;eor
  3923;19290901;19290930;   5;   2;    22.0;   -999;   -999;-999;eor
  3923;19291001;19291031;   5;   2;    58.0;   -999;   -999;-999;eor
  3923;19291101;19291130;   5;   2;    41.0;   -999;   -999;-999;eor
  3923;19291201;19291231;   5;   2;    71.0;   -999;   -999;-999;eor
  3923;19300101;19300131;   5;   2;    29.0;   -999;   -999;-999;eor
  3923;19300201;19300228;   5;   2;    19.0;   -999;   -999;-999;eor
  3923;19300301;19300331;   5;   2;    39.0;   -999;   -999;-999;eor
  3923;19300401;19300430;   5;   2;    86.0;   -999;   -999;-999;eor
  3923;19300501;19300531;   5;   2;   179.0;   -999;   -999;-999;eor
  3923;19300601;19300630;   5;   2;    42.0;   -999;   -999;-999;eor
  3923;19300701;19300731;   5;   2;   185.0;   -999;   -999;-999;eor
  3923;19300801;19300831;   5;   2;   169.0;   -999;   -999;-999;eor
  3923;19300901;19300930;   5;   2;    58.0;   -999;   -999;-999;eor
  3923;19301001;19301031;   5;   2;   124.0;   -999;   -999;-999;eor
  3923;19301101;19301130;   5;   2;    71.0;   -999;   -999;-999;eor
  3923;19301201;19301231;   5;   2;    38.0;   -999;   -999;-999;eor
  3923;19310101;19310131;   5;   2;    71.0;   -999;   -999;-999;eor
  3923;19310201;19310228;   5;   2;    55.0;   -999;   -999;-999;eor
  3923;19310301;19310331;   5;   2;    81.0;   -999;   -999;-999;eor
  3923;19310401;19310430;   5;   2;    82.0;   -999;   -999;-999;eor
  3923;19310501;19310531;   5;   2;    82.0;   -999;   -999;-999;eor
  3923;19310601;19310630;   5;   2;   113.0;   -999;   -999;-999;eor
  3923;19310701;19310731;   5;   2;   146.0;   -999;   -999;-999;eor
  3923;19310801;19310831;   5;   2;   165.0;   -999;   -999;-999;eor
  3923;19310901;19310930;   5;   2;   103.0;   -999;   -999;-999;eor
  3923;19311001;19311031;   5;   2;    84.0;   -999;   -999;-999;eor
  3923;19311101;19311130;   5;   2;    19.0;   -999;   -999;-999;eor
  3923;19311201;19311231;   5;   2;    27.0;   -999;   -999;-999;eor
  3923;19320101;19320131;   5;   2;    49.0;   -999;   -999;-999;eor
  3923;19320201;19320229;   5;   2;    15.0;   -999;   -999;-999;eor
  3923;19320301;19320331;   5;   2;    57.0;   -999;   -999;-999;eor
  3923;19320401;19320430;   5;   2;    56.0;   -999;   -999;-999;eor
  3923;19320501;19320531;   5;   2;    99.0;   -999;   -999;-999;eor
  3923;19320601;19320630;   5;   2;    88.0;   -999;   -999;-999;eor
  3923;19320701;19320731;   5;   2;   201.0;   -999;   -999;-999;eor
  3923;19320801;19320831;   5;   2;    86.0;   -999;   -999;-999;eor
  3923;19320901;19320930;   5;   2;    71.0;   -999;   -999;-999;eor
  3923;19321001;19321031;   5;   2;    84.0;   -999;   -999;-999;eor
  3923;19321101;19321130;   5;   2;    70.0;   -999;   -999;-999;eor
  3923;19321201;19321231;   5;   2;    13.0;   -999;   -999;-999;eor
  3923;19330101;19330131;   5;   2;    40.0;   -999;   -999;-999;eor
  3923;19330201;19330228;   5;   2;    43.0;   -999;   -999;-999;eor
  3923;19330301;19330331;   5;   2;    43.0;   -999;   -999;-999;eor
  3923;19330401;19330430;   5;   2;    56.0;   -999;   -999;-999;eor
  3923;19330501;19330531;   5;   2;   229.0;   -999;   -999;-999;eor
  3923;19330601;19330630;   5;   2;   147.0;   -999;   -999;-999;eor
  3923;19330701;19330731;   5;   2;    90.0;   -999;   -999;-999;eor
  3923;19330801;19330831;   5;   2;    69.0;   -999;   -999;-999;eor
  3923;19330901;19330930;   5;   2;   115.0;   -999;   -999;-999;eor
  3923;19331001;19331031;   5;   2;    84.0;   -999;   -999;-999;eor
  3923;19331101;19331130;   5;   2;    38.0;   -999;   -999;-999;eor
  3923;19331201;19331231;   5;   2;    21.0;   -999;   -999;-999;eor
  3923;19340101;19340131;   5;   2;    41.0;   -999;   -999;-999;eor
  3923;19340201;19340228;   5;   2;     5.0;   -999;   -999;-999;eor
  3923;19340301;19340331;   5;   2;    38.0;   -999;   -999;-999;eor
  3923;19340401;19340430;   5;   2;    14.0;   -999;   -999;-999;eor
  3923;19340501;19340531;   5;   2;    24.0;   -999;   -999;-999;eor
  3923;19340601;19340630;   5;   2;   155.0;   -999;   -999;-999;eor
  3923;19340701;19340731;   5;   2;   104.0;   -999;   -999;-999;eor
  3923;19340801;19340831;   5;   2;   131.0;   -999;   -999;-999;eor
  3923;19340901;19340930;   5;   2;   121.0;   -999;   -999;-999;eor
  3923;19341001;19341031;   5;   2;    65.0;   -999;   -999;-999;eor
  3923;19341101;19341130;   5;   2;    19.0;   -999;   -999;-999;eor
  3923;19341201;19341231;   5;   2;    41.0;   -999;   -999;-999;eor
  3923;19350101;19350131;   5;   2;    40.0;   -999;   -999;-999;eor
  3923;19350201;19350228;   5;   2;   102.0;   -999;   -999;-999;eor
  3923;19350301;19350331;   5;   2;    56.0;   -999;   -999;-999;eor
  3923;19350401;19350430;   5;   2;   117.0;   -999;   -999;-999;eor
  3923;19350501;19350531;   5;   2;   149.0;   -999;   -999;-999;eor
  3923;19350601;19350630;   5;   2;    90.0;   -999;   -999;-999;eor
  3923;19350701;19350731;   5;   2;    68.0;   -999;   -999;-999;eor
  3923;19350801;19350831;   5;   2;   114.0;   -999;   -999;-999;eor
  3923;19350901;19350930;   5;   2;    51.0;   -999;   -999;-999;eor
  3923;19351001;19351031;   5;   2;   124.0;   -999;   -999;-999;eor
  3923;19351101;19351130;   5;   2;    28.0;   -999;   -999;-999;eor
  3923;19351201;19351231;   5;   2;    65.0;   -999;   -999;-999;eor
  3923;19360101;19360131;   5;   2;   114.0;   -999;   -999;-999;eor
  3923;19360201;19360229;   5;   2;    42.0;   -999;   -999;-999;eor
  3923;19360301;19360331;   5;   2;    34.0;   -999;   -999;-999;eor
  3923;19360401;19360430;   5;   2;    60.0;   -999;   -999;-999;eor
  3923;19360501;19360531;   5;   2;   118.0;   -999;   -999;-999;eor
  3923;19360601;19360630;   5;   2;   224.0;   -999;   -999;-999;eor
  3923;19360701;19360731;   5;   2;   135.0;   -999;   -999;-999;eor
  3923;19360801;19360831;   5;   2;    98.0;   -999;   -999;-999;eor
  3923;19360901;19360930;   5;   2;   136.0;   -999;   -999;-999;eor
  3923;19361001;19361031;   5;   2;    85.0;   -999;   -999;-999;eor
  3923;19361101;19361130;   5;   2;    33.0;   -999;   -999;-999;eor
  3923;19361201;19361231;   5;   2;    31.0;   -999;   -999;-999;eor
  3923;19370101;19370131;   5;   2;    41.0;   -999;   -999;-999;eor
  3923;19370201;19370228;   5;   2;    84.0;   -999;   -999;-999;eor
  3923;19370301;19370331;   5;   2;    40.0;   -999;   -999;-999;eor
  3923;19370401;19370430;   5;   2;    61.0;   -999;   -999;-999;eor
  3923;19370501;19370531;   5;   2;    59.0;   -999;   -999;-999;eor
  3923;19370601;19370630;   5;   2;   181.0;   -999;   -999;-999;eor
  3923;19370701;19370731;   5;   2;    92.0;   -999;   -999;-999;eor
  3923;19370801;19370831;   5;   2;   107.0;   -999;   -999;-999;eor
  3923;19370901;19370930;   5;   2;   185.0;   -999;   -999;-999;eor
  3923;19371001;19371031;   5;   2;    47.0;   -999;   -999;-999;eor
  3923;19371101;19371130;   5;   2;    46.0;   -999;   -999;-999;eor
  3923;19371201;19371231;   5;   2;    46.0;   -999;   -999;-999;eor
  3923;19380101;19380131;   5;   2;    72.0;   -999;   -999;-999;eor
  3923;19380201;19380228;   5;   2;    23.0;   -999;   -999;-999;eor
  3923;19380301;19380331;   5;   2;    33.0;   -999;   -999;-999;eor
  3923;19380401;19380430;   5;   2;    51.0;   -999;   -999;-999;eor
  3923;19380501;19380531;   5;   2;    80.0;   -999;   -999;-999;eor
  3923;19380601;19380630;   5;   2;   164.0;   -999;   -999;-999;eor
  3923;19380701;19380731;   5;   2;   137.0;   -999;   -999;-999;eor
  3923;19380801;19380831;   5;   2;   126.0;   -999;   -999;-999;eor
  3923;19380901;19380930;   5;   2;    93.0;   -999;   -999;-999;eor
  3923;19381001;19381031;   5;   2;    54.0;   -999;   -999;-999;eor
  3923;19381101;19381130;   5;   2;    23.0;   -999;   -999;-999;eor
  3923;19381201;19381231;   5;   2;    27.0;   -999;   -999;-999;eor
  3923;19390101;19390131;   5;   2;    24.0;   -999;   -999;-999;eor
  3923;19390201;19390228;   5;   2;    21.0;   -999;   -999;-999;eor
  3923;19390301;19390331;   5;   2;   106.0;   -999;   -999;-999;eor
  3923;19390401;19390430;   5;   2;    26.0;   -999;   -999;-999;eor
  3923;19390501;19390531;   5;   2;   243.0;   -999;   -999;-999;eor
  3923;19390601;19390630;   5;   2;    97.0;   -999;   -999;-999;eor
  3923;19390701;19390731;   5;   2;   145.0;   -999;   -999;-999;eor
  3923;19390801;19390831;   5;   2;   130.0;   -999;   -999;-999;eor
  3923;19390901;19390930;   5;   2;   163.0;   -999;   -999;-999;eor
  3923;19391001;19391031;   5;   2;   154.0;   -999;   -999;-999;eor
  3923;19391101;19391130;   5;   2;    91.0;   -999;   -999;-999;eor
  3923;19391201;19391231;   5;   2;    82.0;   -999;   -999;-999;eor
  3923;19400101;19400131;   5;   2;    36.0;   -999;   -999;-999;eor
  3923;19400201;19400229;   5;   2;    51.0;   -999;   -999;-999;eor
  3923;19400301;19400331;   5;   2;    76.0;   -999;   -999;-999;eor
  3923;19400401;19400430;   5;   2;    29.0;   -999;   -999;-999;eor
  3923;19400501;19400531;   5;   2;   201.0;   -999;   -999;-999;eor
  3923;19400601;19400630;   5;   2;   104.0;   -999;   -999;-999;eor
  3923;19400701;19400731;   5;   2;   143.0;   -999;   -999;-999;eor
  3923;19400801;19400831;   5;   2;   140.0;   -999;   -999;-999;eor
  3923;19400901;19400930;   5;   2;   185.0;   -999;   -999;-999;eor
  3923;19401001;19401031;   5;   2;    46.0;   -999;   -999;-999;eor
  3923;19401101;19401130;   5;   2;    86.0;   -999;   -999;-999;eor
  3923;19401201;19401231;   5;   2;    31.0;   -999;   -999;-999;eor
  3923;19410101;19410131;   5;   2;    67.9;   -999;   -999;   16.2;eor
  3923;19410201;19410228;   5;   2;    36.4;   -999;   -999;   10.1;eor
  3923;19410301;19410331;   5;   2;    46.8;   -999;   -999;   15.4;eor
  3923;19410401;19410430;   5;   2;    67.8;   -999;   -999;   16.4;eor
  3923;19410501;19410531;   5;   2;    88.9;   -999;   -999;   17.5;eor
  3923;19410601;19410630;   5;   2;    90.2;   -999;   -999;   23.2;eor
  3923;19410701;19410731;   5;   2;   208.2;   -999;   -999;   50.2;eor
  3923;19410801;19410831;   5;   2;   170.1;   -999;   -999;   26.0;eor
  3923;19410901;19410930;   5;   2;    23.0;   -999;   -999;    6.1;eor
  3923;19411001;19411031;   5;   2;   114.7;   -999;   -999;   28.1;eor
  3923;19411101;19411130;   5;   2;    30.8;   -999;   -999;    8.1;eor
  3923;19411201;19411231;   5;   2;    42.0;   -999;   -999;   11.5;eor
  3923;19420101;19420131;   5;   2;    62.0;   -999;   -999;   13.8;eor
  3923;19420201;19420228;   5;   2;    33.1;   -999;   -999;    7.1;eor
  3923;19420301;19420331;   5;   2;    56.9;   -999;   -999;   20.2;eor
  3923;19420401;19420430;   5;   2;    38.8;   -999;   -999;    8.9;eor
  3923;19420501;19420531;   5;   2;    83.6;   -999;   -999;   12.3;eor
  3923;19420601;19420630;   5;   2;    83.6;   -999;   -999;   27.8;eor
  3923;19420701;19420731;   5;   2;   105.7;   -999;   -999;   22.1;eor
  3923;19420801;19420831;   5;   2;    65.1;   -999;   -999;   29.0;eor
  3923;19420901;19420930;   5;   2;    50.2;   -999;   -999;   39.2;eor
  3923;19421001;19421031;   5;   2;    51.8;   -999;   -999;   12.5;eor
  3923;19421101;19421130;   5;   2;    33.4;   -999;   -999;    7.1;eor
  3923;19421201;19421231;   5;   2;    28.7;   -999;   -999;   19.1;eor
  3923;19430101;19430131;   5;   2;    34.2;   -999;   -999;   10.2;eor
  3923;19430201;19430228;   5;   2;    28.9;   -999;   -999;    8.4;eor
  3923;19430301;19430331;   5;   2;    37.2;   -999;   -999;   14.8;eor
  3923;19430401;19430430;   5;   2;    53.4;   -999;   -999;   18.8;eor
  3923;19430501;19430531;   5;   2;    40.3;   -999;   -999;    8.2;eor
  3923;19430601;19430630;   5;   2;   190.4;   -999;   -999;   66.0;eor
  3923;19430701;19430731;   5;   2;   130.0;   -999;   -999;   18.7;eor
  3923;19430801;19430831;   5;   2;    37.9;   -999;   -999;   12.5;eor
  3923;19430901;19430930;   5;   2;   116.5;   -999;   -999;   21.5;eor
  3923;19431001;19431031;   5;   2;     1.0;   -999;   -999;    1.0;eor
  3923;19431101;19431130;   5;   2;    53.5;   -999;   -999;   13.0;eor
  3923;19431201;19431231;   5;   2;    38.4;   -999;   -999;   11.0;eor
  3923;19440101;19440131;   5;   2;    53.8;   -999;   -999;    8.0;eor
  3923;19440201;19440229;   5;   2;    93.4;   -999;   -999;   15.6;eor
  3923;19440301;19440331;   5;   2;    84.2;   -999;   -999;   16.5;eor
  3923;19440401;19440430;   5;   2;    70.9;   -999;   -999;   20.5;eor
  3923;19440501;19440531;   5;   2;    96.7;   -999;   -999;   35.3;eor
  3923;19440601;19440630;   5;   2;   159.1;   -999;   -999;   31.5;eor
  3923;19440701;19440731;   5;   2;   196.7;   -999;   -999;   60.0;eor
  3923;19440801;19440831;   5;   2;   131.8;   -999;   -999;   32.1;eor
  3923;19440901;19440930;   5;   2;   134.8;   -999;   -999;   36.8;eor
  3923;19441001;19441031;   5;   2;    67.0;   -999;   -999;   21.2;eor
  3923;19441101;19441130;   5;   2;   178.2;   -999;   -999;   56.7;eor
  3923;19441201;19441231;   5;   2;    57.0;   -999;   -999;   31.2;eor
  3923;19450101;19450131;   5;   2;    39.5;   -999;   -999;    6.8;eor
  3923;19450201;19450228;   5;   2;    58.8;   -999;   -999;   14.6;eor
  3923;19450301;19450331;   5;   2;    74.1;   -999;   -999;   20.0;eor
  3923;19450401;19450430;   5;   2;    94.2;   -999;   -999;   16.8;eor
  3923;19450501;19450531;   5;   2;   122.8;   -999;   -999;   58.2;eor
  3923;19450601;19450630;   5;   2;    92.6;   -999;   -999;   23.8;eor
  3923;19450701;19450731;   5;   2;    51.4;   -999;   -999;   10.0;eor
  3923;19450801;19450831;   5;   2;    99.9;   -999;   -999;   18.1;eor
  3923;19450901;19450930;   5;   2;   133.0;   -999;   -999;   35.8;eor
  3923;19451001;19451031;   5;   2;    50.1;   -999;   -999;    9.3;eor
  3923;19451101;19451130;   5;   2;    28.7;   -999;   -999;    9.2;eor
  3923;19451201;19451231;   5;   2;    83.7;   -999;   -999;   18.0;eor
  3923;19460101;19460131;   5;   2;    37.1;   -999;   -999;   13.0;eor
  3923;19460201;19460228;   5;   2;    69.7;   -999;   -999;    8.3;eor
  3923;19460301;19460331;   5;   2;    22.9;   -999;   -999;   11.9;eor
  3923;19460401;19460430;   5;   2;    42.8;   -999;   -999;   31.1;eor
  3923;19460501;19460531;   5;   2;   112.0;   -999;   -999;   26.2;eor
  3923;19460601;19460630;   5;   2;   137.0;   -999;   -999;   40.5;eor
  3923;19460701;19460731;   5;   2;   235.9;   -999;   -999;   52.0;eor
  3923;19460801;19460831;   5;   2;   126.2;   -999;   -999;   37.3;eor
  3923;19460901;19460930;   5;   2;    51.4;   -999;   -999;   21.5;eor
  3923;19461001;19461031;   5;   2;    66.2;   -999;   -999;   14.2;eor
  3923;19461101;19461130;   5;   2;    35.3;   -999;   -999;   18.3;eor
  3923;19461201;19461231;   5;   2;    35.0;   -999;   -999;   15.3;eor
  3923;19470101;19470131;   5;   2;    39.2;     24;    292;   10.0;eor
  3923;19470201;19470228;   5;   2;    36.4;     34;    237;    8.1;eor
  3923;19470301;19470331;   5;   2;    93.4;     13;     50;   19.0;eor
  3923;19470401;19470430;   5;   2;    53.4;      0;      0;   19.0;eor
  3923;19470501;19470531;   5;   2;    64.8;      0;      0;   21.8;eor
  3923;19470601;19470630;   5;   2;    67.0;      0;      0;   26.0;eor
  3923;19470701;19470731;   5;   2;   111.5;      0;      0;   23.2;eor
  3923;19470801;19470831;   5;   2;    19.5;      0;      0;   14.5;eor
  3923;19470901;19470930;   5;   2;    23.2;      0;      0;   15.0;eor
  3923;19471001;19471031;   5;   2;    22.5;      0;      0;    8.0;eor
  3923;19471101;19471130;   5;   2;   162.3;     10;     31;   51.1;eor
  3923;19471201;19471231;   5;   2;    71.1;     28;    105;   19.0;eor
  3923;19480101;19480131;   5;   2;    78.5;      5;     65;   22.0;eor
  3923;19480201;19480229;   5;   2;    55.1;      3;      3;   11.8;eor
  3923;19480301;19480331;   5;   2;    54.5;      0;      0;   31.5;eor
  3923;19480401;19480430;   5;   2;    36.9;      0;      0;   12.5;eor
  3923;19480501;19480531;   5;   2;    64.8;      0;      0;   31.2;eor
  3923;19480601;19480630;   5;   2;   189.6;      0;      0;   38.5;eor
  3923;19480701;19480731;   5;   2;   149.0;      0;      0;   25.0;eor
  3923;19480801;19480831;   5;   2;   175.2;      0;      0;   82.0;eor
  3923;19480901;19480930;   5;   2;    57.2;      0;      0;   20.0;eor
  3923;19481001;19481031;   5;   2;    19.1;      0;      0;    4.5;eor
  3923;19481101;19481130;   5;   2;    34.9;      0;      0;   10.5;eor
  3923;19481201;19481231;   5;   2;    12.5;      1;      8;    7.2;eor
  3923;19490101;19490131;   5;   2;    35.9;     20;    112;    8.2;eor
  3923;19490201;19490228;   5;   2;    22.7;     13;     86;    7.5;eor
  3923;19490301;19490331;   5;   2;    44.9;     22;    124;   10.2;eor
  3923;19490401;19490430;   5;   2;   100.6;      3;      5;   29.0;eor
  3923;19490501;19490531;   5;   2;   211.9;      0;      0;   48.9;eor
  3923;19490601;19490630;   5;   2;    48.5;      0;      0;   12.0;eor
  3923;19490701;19490731;   5;   2;    42.5;      0;      0;   19.1;eor
  3923;19490801;19490831;   5;   2;    95.7;      0;      0;   16.2;eor
  3923;19490901;19490930;   5;   2;    44.8;      0;      0;    9.2;eor
  3923;19491001;19491031;   5;   2;    16.1;      0;      0;   11.1;eor
  3923;19491101;19491130;   5;   2;    54.2;      3;      3;   14.0;eor
  3923;19491201;19491231;   5;   2;   112.4;     20;    100;   23.5;eor
  3923;19500101;19500131;   5;   2;    55.6;     21;    103;   14.0;eor
  3923;19500201;19500228;   5;   2;    72.5;     10;     15;   15.5;eor
  3923;19500301;19500331;   5;   2;    31.8;      2;     36;    7.5;eor
  3923;19500401;19500430;   5;   2;   127.4;      0;      0;   26.0;eor
  3923;19500501;19500531;   5;   2;    41.9;      0;      0;   17.0;eor
  3923;19500601;19500630;   5;   2;    79.6;      0;      0;   14.3;eor
  3923;19500701;19500731;   5;   2;   123.7;      0;      0;   44.3;eor
  3923;19500801;19500831;   5;   2;   143.2;      0;      0;   23.0;eor
  3923;19500901;19500930;   5;   2;   112.2;      0;      0;   23.9;eor
  3923;19501001;19501031;   5;   2;    21.5;      5;     10;    8.5;eor
  3923;19501101;19501130;   5;   2;   149.1;     25;     55;   42.1;eor
  3923;19501201;19501231;   5;   2;    32.2;     25;    337;    7.1;eor
  3923;19510101;19510131;   5;   2;    96.3;     23;    273;   29.0;eor
  3923;19510201;19510228;   5;   2;    76.6;     29;     54;   17.2;eor
  3923;19510301;19510331;   5;   2;    85.2;     20;     50;   23.1;eor
  3923;19510401;19510430;   5;   2;    31.8;      0;      0;    8.7;eor
  3923;19510501;19510531;   5;   2;    81.7;      0;      0;   22.2;eor
  3923;19510601;19510630;   5;   2;   139.5;      0;      0;   24.8;eor
  3923;19510701;19510731;   5;   2;   187.4;      0;      0;   39.3;eor
  3923;19510801;19510831;   5;   2;   124.2;      0;      0;   45.2;eor
  3923;19510901;19510930;   5;   2;    59.8;      0;      0;   22.2;eor
  3923;19511001;19511031;   5;   2;    18.7;      0;      0;    8.1;eor
  3923;19511101;19511130;   5;   2;    45.0;      0;      0;   12.8;eor
  3923;19511201;19511231;   5;   2;    36.0;     15;     41;    7.1;eor
  3923;19520101;19520131;   5;   2;    57.7;     46;    330;   17.2;eor
  3923;19520201;19520229;   5;   2;    65.9;     74;   1346;   18.5;eor
  3923;19520301;19520331;   5;   2;    82.6;      0;     70;   16.0;eor
  3923;19520401;19520430;   5;   2;    34.4;     12;     12;   12.3;eor
  3923;19520501;19520531;   5;   2;    81.2;      0;      0;   18.6;eor
  3923;19520601;19520630;   5;   2;    94.0;      0;      0;   30.2;eor
  3923;19520701;19520731;   5;   2;    32.0;      0;      0;   15.6;eor
  3923;19520801;19520831;   5;   2;    70.5;      0;      0;   18.1;eor
  3923;19520901;19520930;   5;   2;   137.7;      0;      0;   26.1;eor
  3923;19521001;19521031;   5;   2;   113.0;      0;      0;   20.2;eor
  3923;19521101;19521130;   5;   2;   132.8;     45;    248;   25.0;eor
  3923;19521201;19521231;   5;   2;    57.6;     26;    122;   14.5;eor
  3923;19530101;19530131;   5;   2;    21.4;     22;    387;    4.5;eor
  3923;19530201;19530228;   5;   2;    33.1;     56;    609;   14.0;eor
  3923;19530301;19530331;   5;   2;    17.7;      6;      6;    5.1;eor
  3923;19530401;19530430;   5;   2;   109.2;      2;      2;   40.0;eor
  3923;19530501;19530531;   5;   2;    83.0;      0;      0;   29.3;eor
  3923;19530601;19530630;   5;   2;   163.6;      0;      0;   26.4;eor
  3923;19530701;19530731;   5;   2;   227.1;      0;      0;   69.2;eor
  3923;19530801;19530831;   5;   2;    46.7;      0;      0;   26.0;eor
  3923;19530901;19530930;   5;   2;    40.6;      0;      0;   21.3;eor
  3923;19531001;19531031;   5;   2;    42.3;      0;      0;   22.5;eor
  3923;19531101;19531130;   5;   2;    16.5;      0;      0;   10.5;eor
  3923;19531201;19531231;   5;   2;    26.3;     14;     32;    6.2;eor
  3923;19540101;19540131;   5;   2;    69.5;     48;    520;   22.5;eor
  3923;19540201;19540228;   5;   2;    39.5;     12;     66;   13.3;eor
  3923;19540301;19540331;   5;   2;    19.9;      4;      4;    6.1;eor
  3923;19540401;19540430;   5;   2;    77.2;      6;      6;   20.2;eor
  3923;19540501;19540531;   5;   2;   114.5;      0;      0;   48.3;eor
  3923;19540601;19540630;   5;   2;    94.4;      0;      0;   16.3;eor
  3923;19540701;19540731;   5;   2;   212.7;      0;      0;   42.3;eor
  3923;19540801;19540831;   5;   2;    97.1;      0;      0;   18.8;eor
  3923;19540901;19540930;   5;   2;   139.4;      0;      0;   37.3;eor
  3923;19541001;19541031;   5;   2;    66.3;      0;      0;   23.6;eor
  3923;19541101;19541130;   5;   2;    24.3;      2;      8;    9.0;eor
  3923;19541201;19541231;   5;   2;    69.1;     22;     32;   11.1;eor
  3923;19550101;19550131;   5;   2;   101.6;     16;    100;   37.4;eor
  3923;19550201;19550228;   5;   2;    77.6;     61;    538;   18.9;eor
  3923;19550301;19550331;   5;   2;    49.3;     34;    839;   21.1;eor
  3923;19550401;19550430;   5;   2;    78.4;      4;      4;   18.4;eor
  3923;19550501;19550531;   5;   2;   110.4;      0;      0;   21.0;eor
  3923;19550601;19550630;   5;   2;   104.7;      0;      0;   21.0;eor
  3923;19550701;19550731;   5;   2;   267.7;      0;      0;   33.3;eor
  3923;19550801;19550831;   5;   2;    30.9;      0;      0;    7.8;eor
  3923;19550901;19550930;   5;   2;   117.3;      0;      0;   30.3;eor
  3923;19551001;19551031;   5;   2;    48.3;      0;      0;   15.0;eor
  3923;19551101;19551130;   5;   2;    20.9;     14;     72;   10.1;eor
  3923;19551201;19551231;   5;   2;    90.1;     30;    106;   15.2;eor
  3923;19560101;19560131;   5;   2;    72.0;     34;     38;   23.5;eor
  3923;19560201;19560229;   5;   2;    23.6;     36;   1312;    4.5;eor
  3923;19560301;19560331;   5;   2;    75.6;     10;     67;   17.6;eor
  3923;19560401;19560430;   5;   2;    67.7;     16;     22;   22.0;eor
  3923;19560501;19560531;   5;   2;   141.1;      0;      0;   31.5;eor
  3923;19560601;19560630;   5;   2;   139.6;      0;      0;   30.5;eor
  3923;19560701;19560731;   5;   2;   137.6;      0;      0;   31.1;eor
  3923;19560801;19560831;   5;   2;   166.4;      0;      0;   28.0;eor
  3923;19560901;19560930;   5;   2;    52.2;      0;      0;   26.5;eor
  3923;19561001;19561031;   5;   2;   110.8;     14;     22;   20.7;eor
  3923;19561101;19561130;   5;   2;    48.6;      2;      2;   11.6;eor
  3923;19561201;19561231;   5;   2;    25.6;     22;    138;    5.0;eor
  3923;19570101;19570131;   5;   2;    27.4;     24;    388;    6.0;eor
  3923;19570201;19570228;   5;   2;   104.6;      8;      8;   51.9;eor
  3923;19570301;19570331;   5;   2;    56.2;      0;      0;   30.0;eor
  3923;19570401;19570430;   5;   2;    56.0;      0;      0;   14.0;eor
  3923;19570501;19570531;   5;   2;    62.3;     10;     10;   11.8;eor
  3923;19570601;19570630;   5;   2;   172.9;      0;      0;   26.4;eor
  3923;19570701;19570731;   5;   2;   242.3;      0;      0;   50.8;eor
  3923;19570801;19570831;   5;   2;   138.1;      0;      0;   61.2;eor
  3923;19570901;19570930;   5;   2;    67.3;      0;      0;   17.8;eor
  3923;19571001;19571031;   5;   2;    16.7;      0;      0;    6.0;eor
  3923;19571101;19571130;   5;   2;    14.6;      0;      0;    9.0;eor
  3923;19571201;19571231;   5;   2;    22.0;      4;      4;    5.2;eor
  3923;19580101;19580131;   5;   2;    70.2;     36;    324;   19.6;eor
  3923;19580201;19580228;   5;   2;   151.8;     42;    204;   36.8;eor
  3923;19580301;19580331;   5;   2;    31.4;     32;    270;    7.0;eor
  3923;19580401;19580430;   5;   2;    75.5;     20;     24;   12.5;eor
  3923;19580501;19580531;   5;   2;    65.3;      0;      0;   16.8;eor
  3923;19580601;19580630;   5;   2;    98.3;      0;      0;   22.4;eor
  3923;19580701;19580731;   5;   2;   112.4;      0;      0;   17.4;eor
  3923;19580801;19580831;   5;   2;    72.4;      0;      0;   21.6;eor
  3923;19580901;19580930;   5;   2;    59.3;      0;      0;   18.8;eor
  3923;19581001;19581031;   5;   2;   126.0;      0;      0;   26.6;eor
  3923;19581101;19581130;   5;   2;    39.9;      0;      0;    8.5;eor
  3923;19581201;19581231;   5;   2;    51.3;     30;     82;   16.0;eor
  3923;19590101;19590131;   5;   2;    84.2;     84;    536;   22.5;eor
  3923;19590201;19590228;   5;   2;    13.7;      6;    124;    8.3;eor
  3923;19590301;19590331;   5;   2;    42.3;      0;      0;   22.4;eor
  3923;19590401;19590430;   5;   2;    52.5;      0;      0;   30.3;eor
  3923;19590501;19590531;   5;   2;   112.8;      0;      0;   44.6;eor
  3923;19590601;19590630;   5;   2;   160.1;      0;      0;   54.7;eor
  3923;19590701;19590731;   5;   2;    87.8;      0;      0;   23.1;eor
  3923;19590801;19590831;   5;   2;   102.3;      0;      0;   30.1;eor
  3923;19590901;19590930;   5;   2;    22.5;      0;      0;   10.0;eor
  3923;19591001;19591031;   5;   2;    44.4;      4;      4;   19.5;eor
  3923;19591101;19591130;   5;   2;    38.8;      4;      4;   23.5;eor
  3923;19591201;19591231;   5;   2;    35.2;      2;      2;    9.4;eor
  3923;19600101;19600131;   5;   2;    52.5;     32;    252;   17.6;eor
  3923;19600201;19600229;   5;   2;    50.7;     14;     38;   18.9;eor
  3923;19600301;19600331;   5;   2;    51.2;     18;     26;   14.8;eor
  3923;19600401;19600430;   5;   2;    51.3;      0;      0;   16.8;eor
  3923;19600501;19600531;   5;   2;   127.7;      0;      0;   22.1;eor
  3923;19600601;19600630;   5;   2;   147.3;      0;      0;   51.8;eor
  3923;19600701;19600731;   5;   2;   125.7;      0;      0;   35.0;eor
  3923;19600801;19600831;   5;   2;   114.5;      0;      0;   28.1;eor
  3923;19600901;19600930;   5;   2;    64.7;      0;      0;   21.2;eor
  3923;19601001;19601031;   5;   2;   123.7;      0;      0;   27.5;eor
  3923;19601101;19601130;   5;   2;    36.9;      0;      0;    9.2;eor
  3923;19601201;19601231;   5;   2;    56.2;     25;    229;   17.0;eor
  3923;19610101;19610131;   5;   2;    43.2;     34;    426;   12.7;eor
  3923;19610201;19610228;   5;   2;    32.6;      6;     10;    8.7;eor
  3923;19610301;19610331;   5;   2;    60.2;     16;     21;   14.8;eor
  3923;19610401;19610430;   5;   2;    55.7;      0;      0;   13.0;eor
  3923;19610501;19610531;   5;   2;   172.7;      0;      0;   27.4;eor
  3923;19610601;19610630;   5;   2;   132.0;      0;      0;   41.2;eor
  3923;19610701;19610731;   5;   2;    82.2;      0;      0;   11.2;eor
  3923;19610801;19610831;   5;   2;    95.1;      0;      0;   28.1;eor
  3923;19610901;19610930;   5;   2;    36.5;      0;      0;   19.1;eor
  3923;19611001;19611031;   5;   2;    29.0;      0;      0;   10.5;eor
  3923;19611101;19611130;   5;   2;    32.4;     10;     22;   11.3;eor
  3923;19611201;19611231;   5;   2;   111.6;     16;     96;   29.5;eor
  3923;19620101;19620131;   5;   2;   107.1;     70;    444;   33.4;eor
  3923;19620201;19620228;   5;   2;    45.7;     38;    198;   11.8;eor
  3923;19620301;19620331;   5;   2;    52.2;     16;     30;   12.1;eor
  3923;19620401;19620430;   5;   2;    44.1;     12;     12;    9.2;eor
  3923;19620501;19620531;   5;   2;   151.5;      0;      0;   30.1;eor
  3923;19620601;19620630;   5;   2;    66.3;      4;      4;   24.4;eor
  3923;19620701;19620731;   5;   2;    88.8;      0;      0;   24.4;eor
  3923;19620801;19620831;   5;   2;    77.5;      0;      0;   14.1;eor
  3923;19620901;19620930;   5;   2;    69.7;      0;      0;   22.7;eor
  3923;19621001;19621031;   5;   2;    17.4;      0;      0;    5.1;eor
  3923;19621101;19621130;   5;   2;    30.7;     14;     74;   10.0;eor
  3923;19621201;19621231;   5;   2;    88.0;     50;    441;   17.2;eor
  3923;19630101;19630131;   5;   2;    37.0;     44;    996;    7.4;eor
  3923;19630201;19630228;   5;   2;    21.8;     21;   1260;   10.3;eor
  3923;19630301;19630331;   5;   2;    59.0;      6;    192;   16.9;eor
  3923;19630401;19630430;   5;   2;    58.4;      6;     14;   14.1;eor
  3923;19630501;19630531;   5;   2;   125.0;      0;      0;   25.8;eor
  3923;19630601;19630630;   5;   2;    94.6;      0;      0;   20.0;eor
  3923;19630701;19630731;   5;   2;   116.8;      0;      0;   39.4;eor
  3923;19630801;19630831;   5;   2;   150.1;      0;      0;   58.5;eor
  3923;19630901;19630930;   5;   2;    87.9;      0;      0;   20.8;eor
  3923;19631001;19631031;   5;   2;    35.8;      0;      0;   20.1;eor
  3923;19631101;19631130;   5;   2;    80.8;      0;      0;   14.9;eor
  3923;19631201;19631231;   5;   2;    18.5;     14;    150;   12.5;eor
  3923;19640101;19640131;   5;   2;    21.2;     30;    222;    6.8;eor
  3923;19640201;19640229;   5;   2;    24.2;     22;    108;    4.1;eor
  3923;19640301;19640331;   5;   2;    89.2;     42;    128;   18.3;eor
  3923;19640401;19640430;   5;   2;    78.1;      2;      2;   17.5;eor
  3923;19640501;19640531;   5;   2;   141.1;      0;      0;   41.2;eor
  3923;19640601;19640630;   5;   2;    86.2;      0;      0;   21.5;eor
  3923;19640701;19640731;   5;   2;    29.5;      0;      0;   17.2;eor
  3923;19640801;19640831;   5;   2;   126.5;      0;      0;   20.4;eor
  3923;19640901;19640930;   5;   2;    54.1;      0;      0;   12.0;eor
  3923;19641001;19641031;   5;   2;    94.6;      0;      0;   14.1;eor
  3923;19641101;19641130;   5;   2;    80.6;     20;     26;   23.2;eor
  3923;19641201;19641231;   5;   2;    38.0;     40;    274;   18.9;eor
  3923;19650101;19650131;   5;   2;    40.2;     26;    146;    6.5;eor
  3923;19650201;19650228;   5;   2;    45.8;     90;   1056;    8.5;eor
  3923;19650301;19650331;   5;   2;    58.6;     30;    870;   10.9;eor
  3923;19650401;19650430;   5;   2;   150.2;     30;     56;   23.0;eor
  3923;19650501;19650531;   5;   2;   183.7;      0;      0;   22.8;eor
  3923;19650601;19650630;   5;   2;   271.2;      0;      0;  113.8;eor
  3923;19650701;19650731;   5;   2;   137.2;      0;      0;   22.6;eor
  3923;19650801;19650831;   5;   2;    56.9;      0;      0;   16.2;eor
  3923;19650901;19650930;   5;   2;   119.6;      0;      0;   36.8;eor
  3923;19651001;19651031;   5;   2;     7.5;      0;      0;    4.0;eor
  3923;19651101;19651130;   5;   2;    90.7;     18;     48;   20.3;eor
  3923;19651201;19651231;   5;   2;   108.8;     28;     39;   13.7;eor
  3923;19660101;19660131;   5;   2;    46.9;     34;    298;   15.1;eor
  3923;19660201;19660228;   5;   2;    72.9;      0;      0;   23.0;eor
  3923;19660301;19660331;   5;   2;    64.6;     34;     56;    8.7;eor
  3923;19660401;19660430;   5;   2;    77.6;      0;      0;   17.4;eor
  3923;19660501;19660531;   5;   2;   145.0;      0;      0;   35.2;eor
  3923;19660601;19660630;   5;   2;   158.0;      0;      0;   44.6;eor
  3923;19660701;19660731;   5;   2;   181.4;      0;      0;   31.6;eor
  3923;19660801;19660831;   5;   2;   136.7;      0;      0;   20.1;eor
  3923;19660901;19660930;   5;   2;    31.4;      0;      0;   12.8;eor
  3923;19661001;19661031;   5;   2;    97.3;      6;      6;   24.0;eor
  3923;19661101;19661130;   5;   2;    47.7;     36;     90;   11.4;eor
  3923;19661201;19661231;   5;   2;    90.1;     30;     98;   23.1;eor
  3923;19670101;19670131;   5;   2;    71.8;     20;    152;   17.0;eor
  3923;19670201;19670228;   5;   2;    39.0;      8;     46;   11.1;eor
  3923;19670301;19670331;   5;   2;    91.0;      8;     10;   12.5;eor
  3923;19670401;19670430;   5;   2;    79.2;      8;      8;   25.8;eor
  3923;19670501;19670531;   5;   2;   142.2;      4;      4;   27.8;eor
  3923;19670601;19670630;   5;   2;   144.1;      0;      0;   35.2;eor
  3923;19670701;19670731;   5;   2;   148.1;      0;      0;   64.4;eor
  3923;19670801;19670831;   5;   2;   103.2;      0;      0;   18.8;eor
  3923;19670901;19670930;   5;   2;   177.1;      0;      0;   37.1;eor
  3923;19671001;19671031;   5;   2;    41.0;      0;      0;   17.8;eor
  3923;19671101;19671130;   5;   2;    38.8;      4;      4;   19.1;eor
  3923;19671201;19671231;   5;   2;    49.2;     32;    168;   10.0;eor
  3923;19680101;19680131;   5;   2;    94.1;    110;    620;   22.1;eor
  3923;19680201;19680229;   5;   2;    58.0;     12;     58;   14.2;eor
  3923;19680301;19680331;   5;   2;    31.7;     26;     54;    5.8;eor
  3923;19680401;19680430;   5;   2;    66.1;      6;     10;   24.5;eor
  3923;19680501;19680531;   5;   2;    81.1;      0;      0;   21.1;eor
  3923;19680601;19680630;   5;   2;   170.6;      0;      0;   61.2;eor
  3923;19680701;19680731;   5;   2;   107.8;      0;      0;   41.9;eor
  3923;19680801;19680831;   5;   2;   192.6;      0;      0;   48.8;eor
  3923;19680901;19680930;   5;   2;   138.1;      0;      0;   55.2;eor
  3923;19681001;19681031;   5;   2;    68.3;      0;      0;   43.3;eor
  3923;19681101;19681130;   5;   2;    22.3;      6;     22;   10.3;eor
  3923;19681201;19681231;   5;   2;    27.4;     34;    158;    6.2;eor
  3923;19690101;19690131;   5;   2;    30.6;     28;    708;    7.0;eor
  3923;19690201;19690228;   5;   2;    35.5;     50;    574;    8.6;eor
  3923;19690301;19690331;   5;   2;    49.2;     24;     64;   15.3;eor
  3923;19690401;19690430;   5;   2;    69.0;     26;     30;   12.3;eor
  3923;19690501;19690531;   5;   2;    58.5;      0;      0;   14.1;eor
  3923;19690601;19690630;   5;   2;   196.9;      0;      0;   31.6;eor
  3923;19690701;19690731;   5;   2;   124.5;      0;      0;   32.8;eor
  3923;19690801;19690831;   5;   2;   204.8;      0;      0;   42.1;eor
  3923;19690901;19690930;   5;   2;    20.5;      0;      0;   10.0;eor
  3923;19691001;19691031;   5;   2;    32.7;      0;      0;   22.0;eor
  3923;19691101;19691130;   5;   2;    92.5;     40;    144;   17.6;eor
  3923;19691201;19691231;   5;   2;    72.7;     56;   1218;   19.0;eor
  3923;19700101;19700131;   5;   2;    59.3;      6;    586;   24.4;eor
  3923;19700201;19700228;   5;   2;   168.2;     82;    368;   17.2;eor
  3923;19700301;19700331;   5;   2;    58.6;     48;    729;   13.2;eor
  3923;19700401;19700430;   5;   2;   119.4;     30;     44;   18.7;eor
  3923;19700501;19700531;   5;   2;   111.0;      0;      0;   19.1;eor
  3923;19700601;19700630;   5;   2;   119.6;      0;      0;   44.2;eor
  3923;19700701;19700731;   5;   2;   102.2;      0;      0;   18.4;eor
  3923;19700801;19700831;   5;   2;   255.6;      0;      0;   65.2;eor
  3923;19700901;19700930;   5;   2;    83.0;      0;      0;   23.4;eor
  3923;19701001;19701031;   5;   2;    63.8;      0;      0;   12.7;eor
  3923;19701101;19701130;   5;   2;    64.5;      0;      0;   15.4;eor
  3923;19701201;19701231;   5;   2;    38.2;   -999;   -999;    8.8;eor
  3923;19710101;19710131;   5;   2;    11.8;      4;    308;    2.5;eor
  3923;19710201;19710228;   5;   2;    53.3;     64;    241;    8.8;eor
  3923;19710301;19710331;   5;   2;    52.8;     50;    514;   13.1;eor
  3923;19710401;19710430;   5;   2;    57.2;      0;      0;   29.0;eor
  3923;19710501;19710531;   5;   2;    85.4;      0;      0;   21.2;eor
  3923;19710601;19710630;   5;   2;   239.9;      0;      0;   69.3;eor
  3923;19710701;19710731;   5;   2;   115.4;      0;      0;   44.8;eor
  3923;19710801;19710831;   5;   2;   103.3;      0;      0;   26.2;eor
  3923;19710901;19710930;   5;   2;    52.6;      0;      0;   33.6;eor
  3923;19711001;19711031;   5;   2;    17.7;      0;      0;   12.2;eor
  3923;19711101;19711130;   5;   2;    77.6;     12;     41;   15.8;eor
  3923;19711201;19711231;   5;   2;    30.5;     13;     34;   14.1;eor
  3923;19720101;19720131;   5;   2;    20.4;     20;    105;    7.5;eor
  3923;19720201;19720229;   5;   2;     9.8;      2;     54;    5.2;eor
  3923;19720301;19720331;   5;   2;    28.0;      0;      0;   13.5;eor
  3923;19720401;19720430;   5;   2;   111.7;     10;     14;   20.4;eor
  3923;19720501;19720531;   5;   2;    56.0;      0;      0;   12.4;eor
  3923;19720601;19720630;   5;   2;    90.7;      0;      0;   17.1;eor
  3923;19720701;19720731;   5;   2;    97.9;      0;      0;   29.8;eor
  3923;19720801;19720831;   5;   2;   106.2;      0;      0;   48.5;eor
  3923;19720901;19720930;   5;   2;    31.8;      0;      0;   15.6;eor
  3923;19721001;19721031;   5;   2;    43.1;      4;      6;   12.6;eor
  3923;19721101;19721130;   5;   2;   196.7;     24;     58;   37.4;eor
  3923;19721201;19721231;   5;   2;     8.7;      4;      4;    3.6;eor
  3923;19730101;19730131;   5;   2;    35.5;     14;     28;   10.6;eor
  3923;19730201;19730228;   5;   2;    52.7;     66;    207;   11.0;eor
  3923;19730301;19730331;   5;   2;    39.1;     28;    262;    6.0;eor
  3923;19730401;19730430;   5;   2;    88.8;     42;     94;   11.8;eor
  3923;19730501;19730531;   5;   2;    53.9;      0;      0;    7.9;eor
  3923;19730601;19730630;   5;   2;   160.7;      0;      0;   63.0;eor
  3923;19730701;19730731;   5;   2;   130.4;      0;      0;   28.7;eor
  3923;19730801;19730831;   5;   2;    58.0;      0;      0;   26.8;eor
  3923;19730901;19730930;   5;   2;    58.8;      0;      0;   10.8;eor
  3923;19731001;19731031;   5;   2;   134.4;      0;      0;   63.8;eor
  3923;19731101;19731130;   5;   2;   105.2;     40;     96;   24.9;eor
  3923;19731201;19731231;   5;   2;    43.0;     22;    138;    7.0;eor
  3923;19740101;19740131;   5;   2;    40.3;      2;      2;   15.3;eor
  3923;19740201;19740228;   5;   2;    69.5;     29;     73;   21.9;eor
  3923;19740301;19740331;   5;   2;    37.9;      6;     25;   18.2;eor
  3923;19740401;19740430;   5;   2;    55.5;      8;     10;   11.4;eor
  3923;19740501;19740531;   5;   2;   106.8;      0;      0;   27.4;eor
  3923;19740601;19740630;   5;   2;   155.9;      0;      0;   53.4;eor
  3923;19740701;19740731;   5;   2;   131.4;      0;      0;   44.2;eor
  3923;19740801;19740831;   5;   2;   126.5;      0;      0;   27.7;eor
  3923;19740901;19740930;   5;   2;    88.8;      0;      0;   21.2;eor
  3923;19741001;19741031;   5;   2;   105.3;      2;      2;   16.6;eor
  3923;19741101;19741130;   5;   2;    95.8;     15;     21;   19.8;eor
  3923;19741201;19741231;   5;   2;    95.4;     25;     92;   23.7;eor
  3923;19750101;19750131;   5;   2;    40.9;      1;      1;   12.6;eor
  3923;19750201;19750228;   5;   2;    25.7;     12;     35;   14.6;eor
  3923;19750301;19750331;   5;   2;    49.4;     46;     80;   15.2;eor
  3923;19750401;19750430;   5;   2;    66.6;     33;     58;   17.9;eor
  3923;19750501;19750531;   5;   2;    93.2;      0;      0;   21.9;eor
  3923;19750601;19750630;   5;   2;   159.1;      0;      0;   22.4;eor
  3923;19750701;19750731;   5;   2;   152.4;      0;      0;   38.2;eor
  3923;19750801;19750831;   5;   2;   211.4;      0;      0;   38.3;eor
  3923;19750901;19750930;   5;   2;   134.0;      0;      0;   56.0;eor
  3923;19751001;19751031;   5;   2;    69.6;      0;      0;   27.1;eor
  3923;19751101;19751130;   5;   2;    62.0;     14;     33;   12.4;eor
  3923;19751201;19751231;   5;   2;    18.8;     26;    155;   11.8;eor
  3923;19760101;19760131;   5;   2;    68.3;     27;    101;   13.3;eor
  3923;19760201;19760229;   5;   2;    17.9;      6;     69;    4.5;eor
  3923;19760301;19760331;   5;   2;    27.5;      7;      7;   10.2;eor
  3923;19760401;19760430;   5;   2;    79.5;     17;     25;   24.6;eor
  3923;19760501;19760531;   5;   2;    91.3;      0;      0;   18.1;eor
  3923;19760601;19760630;   5;   2;   107.8;      0;      0;   63.3;eor
  3923;19760701;19760731;   5;   2;   138.9;      0;      0;   25.5;eor
  3923;19760801;19760831;   5;   2;   118.2;      0;      0;   62.4;eor
  3923;19760901;19760930;   5;   2;   105.3;      0;      0;   24.6;eor
  3923;19761001;19761031;   5;   2;    42.2;      0;      0;   14.5;eor
  3923;19761101;19761130;   5;   2;    56.1;      5;     10;   12.4;eor
  3923;19761201;19761231;   5;   2;    66.9;     47;    388;   18.8;eor
  3923;19770101;19770131;   5;   2;    43.1;     36;    649;    7.3;eor
  3923;19770201;19770228;   5;   2;   101.4;     10;     17;   17.4;eor
  3923;19770301;19770331;   5;   2;    46.0;     12;     26;   12.9;eor
  3923;19770401;19770430;   5;   2;   122.1;     29;     46;   21.0;eor
  3923;19770501;19770531;   5;   2;    52.3;      0;      0;   12.9;eor
  3923;19770601;19770630;   5;   2;   111.9;      0;      0;   26.9;eor
  3923;19770701;19770731;   5;   2;   140.2;      0;      0;   40.5;eor
  3923;19770801;19770831;   5;   2;   164.3;      0;      0;   56.3;eor
  3923;19770901;19770930;   5;   2;    87.2;      0;      0;   26.0;eor
  3923;19771001;19771031;   5;   2;    42.6;      0;      0;   12.8;eor
  3923;19771101;19771130;   5;   2;    97.4;     39;     89;   14.9;eor
  3923;19771201;19771231;   5;   2;    59.9;     12;     47;   31.4;eor
  3923;19780101;19780131;   5;   2;    43.0;     38;    215;    8.1;eor
  3923;19780201;19780228;   5;   2;   102.7;    108;    827;   31.9;eor
  3923;19780301;19780331;   5;   2;   100.4;     19;    104;   33.0;eor
  3923;19780401;19780430;   5;   2;    39.5;      8;      8;   13.1;eor
  3923;19780501;19780531;   5;   2;   136.9;      0;      0;   31.8;eor
  3923;19780601;19780630;   5;   2;   111.5;      0;      0;   16.0;eor
  3923;19780701;19780731;   5;   2;   102.6;      0;      0;   16.0;eor
  3923;19780801;19780831;   5;   2;   200.4;      0;      0;   76.4;eor
  3923;19780901;19780930;   5;   2;    96.6;      0;      0;   20.7;eor
  3923;19781001;19781031;   5;   2;    86.7;      0;      0;   16.0;eor
  3923;19781101;19781130;   5;   2;    21.3;     17;     45;    9.3;eor
  3923;19781201;19781231;   5;   2;    46.3;     12;    132;   18.9;eor
  3923;19790101;19790131;   5;   2;    65.3;     92;    311;   16.9;eor
  3923;19790201;19790228;   5;   2;    81.1;     32;     92;   18.2;eor
  3923;19790301;19790331;   5;   2;    82.4;     17;     20;   15.9;eor
  3923;19790401;19790430;   5;   2;   147.0;     50;     88;   26.2;eor
  3923;19790501;19790531;   5;   2;    53.3;     13;     13;   13.0;eor
  3923;19790601;19790630;   5;   2;   295.3;      0;      0;  112.8;eor
  3923;19790701;19790731;   5;   2;    86.1;      0;      0;   18.6;eor
  3923;19790801;19790831;   5;   2;    95.5;      0;      0;   19.3;eor
  3923;19790901;19790930;   5;   2;   141.0;      0;      0;   54.0;eor
  3923;19791001;19791031;   5;   2;    18.2;      0;      0;    8.0;eor
  3923;19791101;19791130;   5;   2;   168.1;     16;     61;   71.3;eor
  3923;19791201;19791231;   5;   2;    57.3;     26;    130;   13.9;eor
  3923;19800101;19800131;   5;   2;    61.9;     45;    326;   16.9;eor
  3923;19800201;19800229;   5;   2;    43.1;      1;      1;   19.4;eor
  3923;19800301;19800331;   5;   2;    63.8;     19;     55;   17.5;eor
  3923;19800401;19800430;   5;   2;   138.6;     34;     44;   25.7;eor
  3923;19800501;19800531;   5;   2;    74.3;      0;      0;   14.8;eor
  3923;19800601;19800630;   5;   2;   168.7;      0;      0;   27.5;eor
  3923;19800701;19800731;   5;   2;   124.3;      0;      0;   19.3;eor
  3923;19800801;19800831;   5;   2;    72.4;      0;      0;   23.9;eor
  3923;19800901;19800930;   5;   2;    65.8;      0;      0;   43.9;eor
  3923;19801001;19801031;   5;   2;    80.0;      0;      0;   18.9;eor
  3923;19801101;19801130;   5;   2;    57.5;     29;     59;   14.4;eor
  3923;19801201;19801231;   5;   2;    55.7;     44;    374;    7.6;eor
  3923;19810101;19810131;  10;   2;    65.9;     55;    418;   11.4;eor
  3923;19810201;19810228;  10;   2;    32.7;     17;     88;    8.5;eor
  3923;19810301;19810331;  10;   2;    64.5;      3;      3;   15.7;eor
  3923;19810401;19810430;  10;   2;    19.6;      1;      1;    4.7;eor
  3923;19810501;19810531;  10;   2;   123.0;      0;      0;   43.6;eor
  3923;19810601;19810630;  10;   2;    73.5;      0;      0;   18.4;eor
  3923;19810701;19810731;  10;   2;   161.2;      0;      0;   54.7;eor
  3923;19810801;19810831;  10;   2;   129.4;      0;      0;   71.7;eor
  3923;19810901;19810930;  10;   2;   189.3;      0;      0;   54.5;eor
  3923;19811001;19811031;  10;   2;   206.3;      6;      6;   31.7;eor
  3923;19811101;19811130;  10;   2;    66.7;     12;     17;   17.2;eor
  3923;19811201;19811231;  10;   2;   124.4;     78;    535;   36.2;eor
  3923;19820101;19820131;  10;   2;   135.7;     67;    665;   53.4;eor
  3923;19820201;19820228;  10;   2;    12.5;      8;     42;    4.1;eor
  3923;19820301;19820331;  10;   2;    41.0;      6;      6;    5.5;eor
  3923;19820401;19820430;  10;   2;    40.8;      0;      0;   13.8;eor
  3923;19820501;19820531;  10;   2;    67.4;      0;      0;   16.2;eor
  3923;19820601;19820630;  10;   2;   128.1;      0;      0;   20.5;eor
  3923;19820701;19820731;  10;   2;   243.5;      0;      0;   47.7;eor
  3923;19820801;19820831;  10;   2;   194.7;      0;      0;   33.9;eor
  3923;19820901;19820930;  10;   2;    58.7;      0;      0;   28.0;eor
  3923;19821001;19821031;  10;   2;    50.0;      0;      0;   19.2;eor
  3923;19821101;19821130;  10;   2;    32.0;      5;      5;    6.3;eor
  3923;19821201;19821231;  10;   2;   108.1;     23;     39;   18.9;eor
  3923;19830101;19830131;  10;   2;    66.4;     17;     42;   11.1;eor
  3923;19830201;19830228;  10;   2;    46.5;     16;    190;   11.0;eor
  3923;19830301;19830331;  10;   2;    49.8;     14;     17;   12.2;eor
  3923;19830401;19830430;  10;   2;    78.3;      0;      0;   14.7;eor
  3923;19830501;19830531;  10;   2;   102.9;      0;      0;   17.2;eor
  3923;19830601;19830630;  10;   2;   134.9;      0;      0;   26.7;eor
  3923;19830701;19830731;  10;   2;    40.3;      0;      0;   19.6;eor
  3923;19830801;19830831;  10;   2;   139.4;      0;      0;   32.9;eor
  3923;19830901;19830930;  10;   2;   108.1;      0;      0;   36.8;eor
  3923;19831001;19831031;  10;   2;    40.0;      0;      0;    9.3;eor
  3923;19831101;19831130;  10;   2;    60.4;      1;      1;   26.2;eor
  3923;19831201;19831231;  10;   2;    49.2;     18;    122;   12.4;eor
  3923;19840101;19840131;  10;   2;    59.4;     39;    114;    9.6;eor
  3923;19840201;19840229;  10;   2;    40.7;     23;    163;    8.0;eor
  3923;19840301;19840331;  10;   2;    31.6;     15;    152;    7.1;eor
  3923;19840401;19840430;  10;   2;    63.6;      7;      7;   16.1;eor
  3923;19840501;19840531;  10;   2;   117.8;      0;      0;   20.0;eor
  3923;19840601;19840630;  10;   2;   117.2;      0;      0;   38.5;eor
  3923;19840701;19840731;  10;   2;   122.7;      0;      0;   29.0;eor
  3923;19840801;19840831;  10;   2;   103.6;      0;      0;   19.2;eor
  3923;19840901;19840930;  10;   2;   226.4;      0;      0;   65.0;eor
  3923;19841001;19841031;  10;   2;    13.7;      0;      0;    7.0;eor
  3923;19841101;19841130;  10;   2;    36.5;      0;      0;   15.9;eor
  3923;19841201;19841231;  10;   2;    57.8;      6;      8;   32.2;eor
  3923;19850101;19850131;  10;   2;    73.2;     40;    392;   15.1;eor
  3923;19850201;19850228;  10;   2;    49.0;     19;    109;   13.4;eor
  3923;19850301;19850331;  10;   2;    50.5;     40;    137;   23.6;eor
  3923;19850401;19850430;  10;   2;    77.8;     21;     21;   17.2;eor
  3923;19850501;19850531;  10;   2;   163.8;      2;      2;   28.0;eor
  3923;19850601;19850630;  10;   2;   126.7;      0;      0;   26.4;eor
  3923;19850701;19850731;  10;   2;    70.5;      0;      0;   22.5;eor
  3923;19850801;19850831;  10;   2;   159.0;      0;      0;   46.1;eor
  3923;19850901;19850930;  10;   2;    46.6;      0;      0;   17.5;eor
  3923;19851001;19851031;  10;   2;     7.0;      0;      0;    2.5;eor
  3923;19851101;19851130;  10;   2;   140.2;     55;    220;   23.6;eor
  3923;19851201;19851231;  10;   2;    36.7;      9;     15;   11.0;eor
  3923;19860101;19860131;  10;   2;   120.8;     54;    200;   28.6;eor
  3923;19860201;19860228;  10;   2;    28.7;     39;    422;   19.3;eor
  3923;19860301;19860331;  10;   2;    58.4;      2;    195;   18.5;eor
  3923;19860401;19860430;  10;   2;   105.6;     34;     53;   17.3;eor
  3923;19860501;19860531;  10;   2;   125.8;      0;      0;   21.0;eor
  3923;19860601;19860630;  10;   2;   114.6;      0;      0;   30.9;eor
  3923;19860701;19860731;  10;   2;   120.2;      0;      0;   29.1;eor
  3923;19860801;19860831;  10;   2;   103.3;      0;      0;   21.7;eor
  3923;19860901;19860930;  10;   2;    32.5;      0;      0;   14.0;eor
  3923;19861001;19861031;  10;   2;    73.0;      0;      0;   24.5;eor
  3923;19861101;19861130;  10;   2;    30.2;      0;      0;   11.0;eor
  3923;19861201;19861231;  10;   2;    57.1;     36;    130;   24.3;eor
  3923;19870101;19870131;  10;   2;    54.8;     34;    341;   16.0;eor
  3923;19870201;19870228;  10;   2;    70.5;     28;    223;   14.3;eor
  3923;19870301;19870331;  10;   2;    57.6;     29;     61;   17.5;eor
  3923;19870401;19870430;  10;   2;    67.8;      0;      0;   21.3;eor
  3923;19870501;19870531;  10;   2;   157.2;      0;      0;   29.4;eor
  3923;19870601;19870630;  10;   2;   133.8;      0;      0;   18.6;eor
  3923;19870701;19870731;  10;   2;   159.5;      0;      0;   20.4;eor
  3923;19870801;19870831;  10;   2;    84.7;      0;      0;   15.4;eor
  3923;19870901;19870930;  10;   2;   133.5;      0;      0;   38.8;eor
  3923;19871001;19871031;  10;   2;    17.2;      0;      0;    7.0;eor
  3923;19871101;19871130;  10;   2;    70.9;      2;      5;   15.4;eor
  3923;19871201;19871231;  10;   2;    79.0;      2;     14;   26.9;eor
  3923;19880101;19880131;  10;   2;    35.9;      6;      7;    5.4;eor
  3923;19880201;19880229;  10;   2;    66.8;     55;    135;   12.8;eor
  3923;19880301;19880331;  10;   2;   142.8;     91;    627;   17.3;eor
  3923;19880401;19880430;  10;   2;    60.4;      2;      2;   22.0;eor
  3923;19880501;19880531;  10;   2;    85.0;      0;      0;   38.0;eor
  3923;19880601;19880630;  10;   2;   129.2;      0;      0;   44.0;eor
  3923;19880701;19880731;  10;   2;    89.9;      0;      0;   21.2;eor
  3923;19880801;19880831;  10;   2;   124.3;      0;      0;   41.9;eor
  3923;19880901;19880930;  10;   2;    55.5;      0;      0;   14.6;eor
  3923;19881001;19881031;  10;   2;    51.8;      0;      0;   15.6;eor
  3923;19881101;19881130;  10;   2;    59.3;     30;    120;   15.7;eor
  3923;19881201;19881231;  10;   2;   138.6;     47;    136;   50.6;eor
  3923;19890101;19890131;  10;   2;    10.0;      0;      0;    4.9;eor
  3923;19890201;19890228;  10;   2;    53.8;      0;      0;   17.0;eor
  3923;19890301;19890331;  10;   2;    36.8;      1;      1;   10.6;eor
  3923;19890401;19890430;  10;   2;   130.5;      0;      0;   40.5;eor
  3923;19890501;19890531;  10;   2;    40.8;      0;      0;   13.5;eor
  3923;19890601;19890630;  10;   2;    74.4;      0;      0;   16.7;eor
  3923;19890701;19890731;  10;   2;   164.2;      0;      0;   26.1;eor
  3923;19890801;19890831;  10;   2;   151.8;      0;      0;   47.4;eor
  3923;19890901;19890930;  10;   2;    94.5;      0;      0;   21.4;eor
  3923;19891001;19891031;  10;   2;    58.2;      0;      0;   15.3;eor
  3923;19891101;19891130;  10;   2;    55.8;      2;     10;   15.8;eor
  3923;19891201;19891231;  10;   2;    62.3;      0;     12;   11.3;eor
  3923;19900101;19900131;  10;   2;    52.5;     20;    147;   24.9;eor
  3923;19900201;19900228;  10;   2;   103.6;     10;     10;   46.9;eor
  3923;19900301;19900331;  10;   2;    76.4;      1;      1;   24.4;eor
  3923;19900401;19900430;  10;   2;    87.8;      0;      0;   12.9;eor
  3923;19900501;19900531;  10;   2;    58.0;      0;      0;   16.3;eor
  3923;19900601;19900630;  10;   2;   204.1;      0;      0;   30.5;eor
  3923;19900701;19900731;  10;   2;   148.7;      0;      0;   53.3;eor
  3923;19900801;19900831;  10;   2;   111.1;      0;      0;   39.3;eor
  3923;19900901;19900930;  10;   2;    94.8;      0;      0;   36.2;eor
  3923;19901001;19901031;  10;   2;    95.8;      0;      0;   26.5;eor
  3923;19901101;19901130;  10;   2;    82.5;     11;     20;   12.5;eor
  3923;19901201;19901231;  10;   2;    71.3;     45;    294;   17.5;eor
  3923;19910101;19910131;   9;   2;    48.8;     15;    127;   11.3;eor
  3923;19910201;19910228;   9;   2;    15.3;     18;    210;    3.9;eor
  3923;19910301;19910331;   9;   2;    40.3;      0;      0;   12.4;eor
  3923;19910401;19910430;   9;   2;    62.9;     16;     16;   14.0;eor
  3923;19910501;19910531;   9;   2;   101.5;      0;      0;   48.4;eor
  3923;19910601;19910630;   9;   2;   178.6;      0;      0;   62.0;eor
  3923;19910701;19910731;   9;   2;   114.8;      0;      0;   27.8;eor
  3923;19910801;19910831;   9;   2;    37.6;      0;      0;   17.9;eor
  3923;19910901;19910930;   9;   2;    66.5;      0;      0;   27.4;eor
  3923;19911001;19911031;   9;   2;    21.3;      0;      0;    7.6;eor
  3923;19911101;19911130;   9;   2;    71.3;     14;     30;   22.9;eor
  3923;19911201;19911231;   9;   2;    60.1;      9;     37;   13.0;eor
  3923;19920101;19920131;   9;   2;     8.3;      9;     47;    4.6;eor
  3923;19920201;19920229;   9;   2;    83.2;     33;    111;   18.4;eor
  3923;19920301;19920331;   9;   2;    95.4;      9;      9;   20.3;eor
  3923;19920401;19920430;   9;   2;    76.4;      4;      4;   15.2;eor
  3923;19920501;19920531;   9;   2;     9.4;      0;      0;    5.4;eor
  3923;19920601;19920630;   9;   2;   133.3;      0;      0;   23.5;eor
  3923;19920701;19920731;   9;   2;   116.0;      0;      0;   16.5;eor
  3923;19920801;19920831;   9;   2;   109.3;      0;      0;   32.7;eor
  3923;19920901;19920930;   9;   2;    67.1;      0;      0;   15.7;eor
  3923;19921001;19921031;   9;   2;   145.9;     10;     10;   40.4;eor
  3923;19921101;19921130;   9;   2;   175.3;      0;      0;   24.4;eor
  3923;19921201;19921231;   9;   2;    69.0;      8;     31;   16.5;eor
  3923;19930101;19930131;   9;   2;    61.9;      3;      7;   12.7;eor
  3923;19930201;19930228;   9;   2;    25.0;     28;    113;    8.0;eor
  3923;19930301;19930331;   9;   2;    33.8;     16;    128;    6.0;eor
  3923;19930401;19930430;   9;   2;    44.9;      0;      0;    9.4;eor
  3923;19930501;19930531;   9;   2;    88.9;      0;      0;   19.8;eor
  3923;19930601;19930630;   9;   2;   152.8;      0;      0;   30.7;eor
  3923;19930701;19930731;   9;   2;   240.9;      0;      0;   52.3;eor
  3923;19930801;19930831;   9;   2;   157.2;      0;      0;   30.2;eor
  3923;19930901;19930930;   9;   2;    79.3;      0;      0;   19.6;eor
  3923;19931001;19931031;   9;   2;   112.0;      8;      8;   40.4;eor
  3923;19931101;19931130;   9;   2;    42.4;     18;    112;   17.2;eor
  3923;19931201;19931231;   9;   2;    84.8;      9;     28;   13.6;eor
  3923;19940101;19940131;   9;   2;    83.3;     22;     53;   13.6;eor
  3923;19940201;19940228;   9;   2;    41.3;     18;     88;   10.1;eor
  3923;19940301;19940331;   9;   2;    98.2;      0;      0;   19.0;eor
  3923;19940401;19940430;   9;   2;   150.0;      2;      2;   46.6;eor
  3923;19940501;19940531;   9;   2;   104.5;      0;      0;   15.9;eor
  3923;19940601;19940630;   9;   2;    48.8;      0;      0;    8.5;eor
  3923;19940701;19940731;   9;   2;   120.4;      0;      0;   33.0;eor
  3923;19940801;19940831;   9;   2;    88.7;      0;      0;   35.9;eor
  3923;19940901;19940930;   9;   2;   105.2;      0;      0;   22.6;eor
  3923;19941001;19941031;   9;   2;    41.5;      1;      1;   10.8;eor
  3923;19941101;19941130;   9;   2;    71.9;      0;      0;   34.5;eor
  3923;19941201;19941231;   9;   2;    97.3;     15;     59;   19.8;eor
  3923;19950101;19950131;   9;   2;    65.9;     27;    202;   14.7;eor
  3923;19950201;19950228;   9;   2;    81.5;      2;      2;   16.3;eor
  3923;19950301;19950331;   9;   2;    90.7;     37;     68;   25.8;eor
  3923;19950401;19950430;   9;   2;    93.5;      4;      4;   16.3;eor
  3923;19950501;19950531;   9;   2;   106.5;      0;      0;   32.0;eor
  3923;19950601;19950630;   9;   2;   220.1;      0;      0;   41.5;eor
  3923;19950701;19950731;   9;   2;    74.3;      0;      0;   13.5;eor
  3923;19950801;19950831;   9;   2;   134.9;      0;      0;   33.5;eor
  3923;19950901;19950930;   9;   2;    52.5;      0;      0;   16.2;eor
  3923;19951001;19951031;   9;   2;    22.1;      0;      0;   10.7;eor
  3923;19951101;19951130;   9;   2;    98.0;     25;     60;   35.4;eor
  3923;19951201;19951231;   9;   2;    99.3;     35;    110;   32.2;eor
  3923;19960101;19960131;   9;   2;     5.7;      0;     59;    3.6;eor
  3923;19960201;19960229;   9;   2;    39.3;     41;    138;    8.0;eor
  3923;19960301;19960331;   9;   2;    67.6;     17;     42;   19.2;eor
  3923;19960401;19960430;   9;   2;    54.5;     19;     39;   16.4;eor
  3923;19960501;19960531;   9;   2;   120.6;      0;      0;   29.5;eor
  3923;19960601;19960630;   9;   2;    69.5;      0;      0;   15.5;eor
  3923;19960701;19960731;   9;   2;   127.7;      0;      0;   34.2;eor
  3923;19960801;19960831;   9;   2;   204.0;      0;      0;   70.5;eor
  3923;19960901;19960930;   9;   2;    81.9;      0;      0;   27.8;eor
  3923;19961001;19961031;   9;   2;    95.8;      0;      0;   14.4;eor
  3923;19961101;19961130;   9;   2;    99.0;     31;     49;   16.0;eor
  3923;19961201;19961231;   9;   2;    61.5;     21;    104;   20.4;eor
  3923;19970101;19970131;   9;   2;     1.4;      1;    252;    1.4;eor
  3923;19970201;19970228;   9;   2;    78.5;      7;     13;   23.1;eor
  3923;19970301;19970331;   9;   2;    66.1;      6;      6;   13.7;eor
  3923;19970401;19970430;   9;   2;    54.4;      2;      2;    6.5;eor
  3923;19970501;19970531;   9;   2;    21.7;      0;      0;    6.0;eor
  3923;19970601;19970630;   9;   2;   135.7;      0;      0;   17.0;eor
  3923;19970701;19970731;   9;   2;   153.6;      0;      0;   31.2;eor
  3923;19970801;19970831;   9;   2;    38.9;      0;      0;   23.2;eor
  3923;19970901;19970930;   9;   2;    26.8;      0;      0;    9.9;eor
  3923;19971001;19971031;   9;   2;    82.4;      0;      0;   26.3;eor
  3923;19971101;19971130;   9;   2;    16.8;      0;      0;    4.2;eor
  3923;19971201;19971231;   9;   2;    97.6;     39;     94;   24.9;eor
  3923;19980101;19980131;   9;   2;    45.3;     10;     63;    8.8;eor
  3923;19980201;19980228;   9;   2;    38.9;      1;     26;   21.1;eor
  3923;19980301;19980331;   9;   2;    97.4;     62;    132;   27.4;eor
  3923;19980401;19980430;   9;   2;    43.0;     10;     10;   14.8;eor
  3923;19980501;19980531;   9;   2;    42.3;      0;      0;   15.4;eor
  3923;19980601;19980630;   9;   2;   131.1;      0;      0;   47.4;eor
  3923;19980701;19980731;   9;   2;   108.6;      0;      0;   17.1;eor
  3923;19980801;19980831;   9;   2;    53.3;      0;      0;   14.9;eor
  3923;19980901;19980930;   9;   2;   119.5;      0;      0;   29.9;eor
  3923;19981001;19981031;   9;   2;   131.9;      0;      0;   26.1;eor
  3923;19981101;19981130;   9;   2;    95.5;     10;     40;   20.1;eor
  3923;19981201;19981231;   9;   2;    31.4;     35;    149;    7.7;eor
  3923;19990101;19990131;   9;   2;    50.1;     29;     61;   11.1;eor
  3923;19990201;19990228;   9;   2;   117.1;     97;    441;   18.3;eor
  3923;19990301;19990331;   9;   2;    49.9;      3;      3;   12.9;eor
  3923;19990401;19990430;   9;   2;   108.4;     16;     18;   14.0;eor
  3923;19990501;19990531;   9;   2;   236.9;      0;      0;   96.0;eor
  3923;19990601;19990630;   9;   2;   138.4;      0;      0;   20.7;eor
  3923;19990701;19990731;   9;   2;   112.5;      0;      0;   17.6;eor
  3923;19990801;19990831;   9;   2;    83.2;      0;      0;   23.0;eor
  3923;19990901;19990930;   9;   2;    79.8;      0;      0;   13.4;eor
  3923;19991001;19991031;   9;   2;    36.0;      0;      0;   14.4;eor
  3923;19991101;19991130;   9;   2;    93.1;     41;    157;   33.0;eor
  3923;19991201;19991231;   9;   2;   129.9;     60;    168;   21.2;eor
  3923;20000101;20000131;   9;   2;    34.4;     22;    145;    6.2;eor
  3923;20000201;20000229;   9;   2;    91.7;     26;     55;   15.1;eor
  3923;20000301;20000331;   9;   2;   123.8;      2;      2;   34.1;eor
  3923;20000401;20000430;   9;   2;    48.6;      1;      1;   21.6;eor
  3923;20000501;20000531;   9;   2;   140.0;      0;      0;   24.4;eor
  3923;20000601;20000630;   9;   2;   107.8;      0;      0;   42.8;eor
  3923;20000701;20000731;   9;   2;   178.1;      0;      0;   21.5;eor
  3923;20000801;20000831;   9;   2;   181.5;      0;      0;   49.3;eor
  3923;20000901;20000930;   9;   2;   138.9;      0;      0;   48.5;eor
  3923;20001001;20001031;   9;   2;    85.0;      0;      0;   14.4;eor
  3923;20001101;20001130;   9;   2;    62.1;      0;      0;    9.1;eor
  3923;20001201;20001231;   9;   2;    29.7;      3;      3;    7.3;eor
  3923;20010101;20010131;   9;   2;    57.8;     22;    106;   20.0;eor
  3923;20010201;20010228;   9;   2;    57.1;     39;     89;   15.2;eor
  3923;20010301;20010331;   9;   2;   130.0;      5;     27;   21.3;eor
  3923;20010401;20010430;   9;   2;    99.4;     19;     29;   13.1;eor
  3923;20010501;20010531;   9;   2;    61.7;      0;      0;   23.3;eor
  3923;20010601;20010630;   9;   2;   150.5;      0;      0;   29.9;eor
  3923;20010701;20010731;   9;   2;    72.7;      0;      0;   29.2;eor
  3923;20010801;20010831;   9;   2;    99.9;      0;      0;   33.5;eor
  3923;20010901;20010930;   9;   2;   129.7;      0;      0;   26.8;eor
  3923;20011001;20011031;   9;   2;    38.8;      0;      0;   13.1;eor
  3923;20011101;20011130;   9;   2;    98.5;     21;     39;   15.4;eor
  3923;20011201;20011231;   9;   2;    58.1;     46;    182;   14.1;eor
  3923;20020101;20020131;   9;   2;    11.4;      2;    117;    4.6;eor
  3923;20020201;20020228;   9;   2;    71.0;      9;      9;   14.9;eor
  3923;20020301;20020331;   9;   2;    73.1;      1;      1;   34.4;eor
  3923;20020401;20020430;   9;   2;    43.6;      0;      0;   17.9;eor
  3923;20020501;20020531;   9;   2;   118.5;      0;      0;   38.3;eor
  3923;20020601;20020630;   9;   2;   116.2;      0;      0;   45.5;eor
  3923;20020701;20020731;   9;   2;   138.8;      0;      0;   27.2;eor
  3923;20020801;20020831;   9;   2;   321.4;      0;      0;   69.4;eor
  3923;20020901;20020930;   9;   2;   175.1;      5;      5;   42.8;eor
  3923;20021001;20021031;   9;   2;   103.7;      0;      0;   26.7;eor
  3923;20021101;20021130;   9;   2;   131.4;      0;      0;   21.2;eor
  3923;20021201;20021231;   9;   2;    62.2;      0;      0;   16.9;eor
  3923;20030101;20030131;   9;   2;    57.5;     28;     56;    8.2;eor
  3923;20030201;20030228;   9;   2;    40.3;     41;    627;   15.0;eor
  3923;20030301;20030331;   9;   2;    20.1;      0;     15;    9.6;eor
  3923;20030401;20030430;   9;   2;    36.9;      1;      1;   11.7;eor
  3923;20030501;20030531;   9;   2;   125.4;      0;      0;   17.3;eor
  3923;20030601;20030630;   9;   2;   106.8;      0;      0;   62.5;eor
  3923;20030701;20030731;   9;   2;   129.3;      0;      0;   30.4;eor
  3923;20030801;20030831;   9;   2;    45.8;      0;      0;   17.3;eor
  3923;20030901;20030930;   9;   2;    38.1;      0;      0;    9.3;eor
  3923;20031001;20031031;   9;   2;   132.2;      9;      9;   44.2;eor
  3923;20031101;20031130;   9;   2;    43.7;      3;      3;   18.3;eor
  3923;20031201;20031231;   9;   2;    42.4;     22;     51;    9.4;eor
  3923;20040101;20040131;   9;   2;   110.5;     54;    270;   31.7;eor
  3923;20040201;20040229;   9;   2;    30.8;     42;    175;    8.6;eor
  3923;20040301;20040331;   9;   2;    54.7;     36;    229;   21.4;eor
  3923;20040401;20040430;   9;   2;    49.1;      0;      0;    8.7;eor
  3923;20040501;20040531;   9;   2;    85.2;      0;      0;   17.7;eor
  3923;20040601;20040630;   9;   2;   118.6;      0;      0;   29.8;eor
  3923;20040701;20040731;   9;   2;   138.9;      0;      0;   26.1;eor
  3923;20040801;20040831;   9;   2;    47.8;      0;      0;   14.9;eor
  3923;20040901;20040930;   9;   2;    74.8;      0;      0;   17.3;eor
  3923;20041001;20041031;   9;   2;    79.2;      0;      0;   21.9;eor
  3923;20041101;20041130;   9;   2;    37.4;      3;      3;    6.8;eor
  3923;20041201;20041231;   9;   2;    50.1;     44;    126;   21.7;eor
  3923;20050101;20050131;   9;   2;    56.1;     38;    157;   12.7;eor
  3923;20050201;20050228;   9;   2;    69.4;    102;    728;   13.8;eor
  3923;20050301;20050331;   9;   2;    58.8;     25;    490;   15.3;eor
  3923;20050401;20050430;   9;   2;   106.4;      0;      0;   22.2;eor
  3923;20050501;20050531;   9;   2;    78.2;      0;      0;   13.6;eor
  3923;20050601;20050630;   9;   2;    72.4;      0;      0;   25.2;eor
  3923;20050701;20050731;   9;   2;   156.5;      0;      0;   27.9;eor
  3923;20050801;20050831;   9;   2;   167.4;      0;      0;   54.5;eor
  3923;20050901;20050930;   9;   2;    44.3;      0;      0;   15.1;eor
  3923;20051001;20051031;   9;   2;    52.0;      0;      0;   23.4;eor
  3923;20051101;20051130;   9;   2;    38.6;     22;    113;    8.2;eor
  3923;20051201;20051231;   9;   2;    54.9;     40;    208;   11.8;eor
