STATIONS_ID; MESS_DATUM_BEGINN; MESS_DATUM_ENDE; QUALITAETS_NIVEAU; ART; NIEDERSCHLAGSHOEHE;NEUSCHNEEHOEHE;SCHNEEHOEHE; max(NIEDERSCHLAGSHOEHE);eor
  2854;18910101;18910131;   5;   2;    88.0;   -999;   -999;-999;eor
  2854;18910201;18910228;   5;   2;     8.0;   -999;   -999;-999;eor
  2854;18910301;18910331;   5;   2;    85.0;   -999;   -999;-999;eor
  2854;18910401;18910430;   5;   2;    73.0;   -999;   -999;-999;eor
  2854;18910501;18910531;   5;   2;    40.0;   -999;   -999;-999;eor
  2854;18910601;18910630;   5;   2;   142.0;   -999;   -999;-999;eor
  2854;18910701;18910731;   5;   2;   146.0;   -999;   -999;-999;eor
  2854;18910801;18910831;   5;   2;    95.0;   -999;   -999;-999;eor
  2854;18910901;18910930;   5;   2;    22.0;   -999;   -999;-999;eor
  2854;18911001;18911031;   5;   2;    36.0;   -999;   -999;-999;eor
  2854;18911101;18911130;   5;   2;    26.0;   -999;   -999;-999;eor
  2854;18911201;18911231;   5;   2;    87.0;   -999;   -999;-999;eor
  2854;18920101;18920131;   5;   2;    72.0;   -999;   -999;-999;eor
  2854;18920201;18920229;   5;   2;    41.0;   -999;   -999;-999;eor
  2854;18920301;18920331;   5;   2;    45.0;   -999;   -999;-999;eor
  2854;18920401;18920430;   5;   2;    30.0;   -999;   -999;-999;eor
  2854;18920501;18920531;   5;   2;    49.0;   -999;   -999;-999;eor
  2854;18920601;18920630;   5;   2;    79.0;   -999;   -999;-999;eor
  2854;18920701;18920731;   5;   2;    42.0;   -999;   -999;-999;eor
  2854;18920801;18920831;   5;   2;    46.0;   -999;   -999;-999;eor
  2854;18920901;18920930;   5;   2;    39.0;   -999;   -999;-999;eor
  2854;18921001;18921031;   5;   2;    49.0;   -999;   -999;-999;eor
  2854;18921101;18921130;   5;   2;    18.0;   -999;   -999;-999;eor
  2854;18921201;18921231;   5;   2;    64.0;   -999;   -999;-999;eor
  2854;18930101;18930131;   5;   2;    29.0;   -999;   -999;-999;eor
  2854;18930201;18930228;   5;   2;   123.0;   -999;   -999;-999;eor
  2854;18930301;18930331;   5;   2;    61.0;   -999;   -999;-999;eor
  2854;18930401;18930430;   5;   2;     4.0;   -999;   -999;-999;eor
  2854;18930501;18930531;   5;   2;    26.0;   -999;   -999;-999;eor
  2854;18930601;18930630;   5;   2;    13.0;   -999;   -999;-999;eor
  2854;18930701;18930731;   5;   2;    60.0;   -999;   -999;-999;eor
  2854;18930801;18930831;   5;   2;    52.0;   -999;   -999;-999;eor
  2854;18930901;18930930;   5;   2;    54.0;   -999;   -999;-999;eor
  2854;18931001;18931031;   5;   2;   111.0;   -999;   -999;-999;eor
  2854;18931101;18931130;   5;   2;    77.0;   -999;   -999;-999;eor
  2854;18931201;18931231;   5;   2;    50.0;   -999;   -999;-999;eor
  2854;18940101;18940131;   5;   2;    44.0;   -999;   -999;-999;eor
  2854;18940201;18940228;   5;   2;    75.0;   -999;   -999;-999;eor
  2854;18940301;18940331;   5;   2;    79.0;   -999;   -999;-999;eor
  2854;18940401;18940430;   5;   2;    26.0;   -999;   -999;-999;eor
  2854;18940501;18940531;   5;   2;    22.0;   -999;   -999;-999;eor
  2854;18940601;18940630;   5;   2;   128.0;   -999;   -999;-999;eor
  2854;18940701;18940731;   5;   2;    99.0;   -999;   -999;-999;eor
  2854;18940801;18940831;   5;   2;    99.0;   -999;   -999;-999;eor
  2854;18940901;18940930;   5;   2;    86.0;   -999;   -999;-999;eor
  2854;18941001;18941031;   5;   2;    94.0;   -999;   -999;-999;eor
  2854;18941101;18941130;   5;   2;    38.0;   -999;   -999;-999;eor
  2854;18941201;18941231;   5;   2;    91.0;   -999;   -999;-999;eor
  2854;18950101;18950131;   5;   2;    80.0;   -999;   -999;-999;eor
  2854;18950201;18950228;   5;   2;    20.0;   -999;   -999;-999;eor
  2854;18950301;18950331;   5;   2;    56.0;   -999;   -999;-999;eor
  2854;18950401;18950430;   5;   2;    39.0;   -999;   -999;-999;eor
  2854;18950501;18950531;   5;   2;    62.0;   -999;   -999;-999;eor
  2854;18950601;18950630;   5;   2;    49.0;   -999;   -999;-999;eor
  2854;18950701;18950731;   5;   2;   149.0;   -999;   -999;-999;eor
  2854;18950801;18950831;   5;   2;    90.0;   -999;   -999;-999;eor
  2854;18950901;18950930;   5;   2;    25.0;   -999;   -999;-999;eor
  2854;18951001;18951031;   5;   2;   104.0;   -999;   -999;-999;eor
  2854;18951101;18951130;   5;   2;    71.0;   -999;   -999;-999;eor
  2854;18951201;18951231;   5;   2;    92.0;   -999;   -999;-999;eor
  2854;18960101;18960131;   5;   2;    53.0;   -999;   -999;-999;eor
  2854;18960201;18960229;   5;   2;    22.0;   -999;   -999;-999;eor
  2854;18960301;18960331;   5;   2;   115.0;   -999;   -999;-999;eor
  2854;18960401;18960430;   5;   2;    75.0;   -999;   -999;-999;eor
  2854;18960501;18960531;   5;   2;    24.0;   -999;   -999;-999;eor
  2854;18960601;18960630;   5;   2;    41.0;   -999;   -999;-999;eor
  2854;18960701;18960731;   5;   2;    95.0;   -999;   -999;-999;eor
  2854;18960801;18960831;   5;   2;   150.0;   -999;   -999;-999;eor
  2854;18960901;18960930;   5;   2;    89.0;   -999;   -999;-999;eor
  2854;18961001;18961031;   5;   2;    59.0;   -999;   -999;-999;eor
  2854;18961101;18961130;   5;   2;    23.0;   -999;   -999;-999;eor
  2854;18961201;18961231;   5;   2;    46.0;   -999;   -999;-999;eor
  2854;18970101;18970131;   5;   2;    35.0;   -999;   -999;-999;eor
  2854;18970201;18970228;   5;   2;    46.0;   -999;   -999;-999;eor
  2854;18970301;18970331;   5;   2;    96.0;   -999;   -999;-999;eor
  2854;18970401;18970430;   5;   2;    75.0;   -999;   -999;-999;eor
  2854;18970501;18970531;   5;   2;    89.0;   -999;   -999;-999;eor
  2854;18970601;18970630;   5;   2;    38.0;   -999;   -999;-999;eor
  2854;18970701;18970731;   5;   2;    82.0;   -999;   -999;-999;eor
  2854;18970801;18970831;   5;   2;    63.0;   -999;   -999;-999;eor
  2854;18970901;18970930;   5;   2;    83.0;   -999;   -999;-999;eor
  2854;18971001;18971031;   5;   2;    36.0;   -999;   -999;-999;eor
  2854;18971101;18971130;   5;   2;    40.0;   -999;   -999;-999;eor
  2854;18971201;18971231;   5;   2;    69.0;   -999;   -999;-999;eor
  2854;18980101;18980131;   5;   2;    33.0;   -999;   -999;-999;eor
  2854;18980201;18980228;   5;   2;   115.0;   -999;   -999;-999;eor
  2854;18980301;18980331;   5;   2;   111.0;   -999;   -999;-999;eor
  2854;18980401;18980430;   5;   2;    32.0;   -999;   -999;-999;eor
  2854;18980501;18980531;   5;   2;   131.0;   -999;   -999;-999;eor
  2854;18980601;18980630;   5;   2;    56.0;   -999;   -999;-999;eor
  2854;18980701;18980731;   5;   2;   142.0;   -999;   -999;-999;eor
  2854;18980801;18980831;   5;   2;    55.0;   -999;   -999;-999;eor
  2854;18980901;18980930;   5;   2;    14.0;   -999;   -999;-999;eor
  2854;18981001;18981031;   5;   2;    50.0;   -999;   -999;-999;eor
  2854;18981101;18981130;   5;   2;    14.0;   -999;   -999;-999;eor
  2854;18981201;18981231;   5;   2;    68.0;   -999;   -999;-999;eor
  2854;18990101;18990131;   5;   2;   103.0;   -999;   -999;-999;eor
  2854;18990201;18990228;   5;   2;    37.0;   -999;   -999;-999;eor
  2854;18990301;18990331;   5;   2;    18.0;   -999;   -999;-999;eor
  2854;18990401;18990430;   5;   2;    67.0;   -999;   -999;-999;eor
  2854;18990501;18990531;   5;   2;   129.0;   -999;   -999;-999;eor
  2854;18990601;18990630;   5;   2;     6.0;   -999;   -999;-999;eor
  2854;18990701;18990731;   5;   2;   136.0;   -999;   -999;-999;eor
  2854;18990801;18990831;   5;   2;    11.0;   -999;   -999;-999;eor
  2854;18990901;18990930;   5;   2;   120.0;   -999;   -999;-999;eor
  2854;18991001;18991031;   5;   2;    24.0;   -999;   -999;-999;eor
  2854;18991101;18991130;   5;   2;    44.0;   -999;   -999;-999;eor
  2854;18991201;18991231;   5;   2;    48.0;   -999;   -999;-999;eor
  2854;19000101;19000131;   5;   2;    86.0;   -999;   -999;-999;eor
  2854;19000201;19000228;   5;   2;    56.0;   -999;   -999;-999;eor
  2854;19000301;19000331;   5;   2;    13.0;   -999;   -999;-999;eor
  2854;19000401;19000430;   5;   2;    31.0;   -999;   -999;-999;eor
  2854;19000501;19000531;   5;   2;    21.0;   -999;   -999;-999;eor
  2854;19000601;19000630;   5;   2;   153.0;   -999;   -999;-999;eor
  2854;19000701;19000731;   5;   2;    72.0;   -999;   -999;-999;eor
  2854;19000801;19000831;   5;   2;    83.0;   -999;   -999;-999;eor
  2854;19000901;19000930;   5;   2;    23.0;   -999;   -999;-999;eor
  2854;19001001;19001031;   5;   2;   105.0;   -999;   -999;-999;eor
  2854;19001101;19001130;   5;   2;    27.0;   -999;   -999;-999;eor
  2854;19001201;19001231;   5;   2;    72.0;   -999;   -999;-999;eor
  2854;19010101;19010131;   5;   2;    88.0;   -999;   -999;-999;eor
  2854;19010201;19010228;   5;   2;    49.0;   -999;   -999;-999;eor
  2854;19010301;19010331;   5;   2;    67.0;   -999;   -999;-999;eor
  2854;19010401;19010430;   5;   2;    84.0;   -999;   -999;-999;eor
  2854;19010501;19010531;   5;   2;    22.0;   -999;   -999;-999;eor
  2854;19010601;19010630;   5;   2;    37.0;   -999;   -999;-999;eor
  2854;19010701;19010731;   5;   2;    64.0;   -999;   -999;-999;eor
  2854;19010801;19010831;   5;   2;    65.0;   -999;   -999;-999;eor
  2854;19010901;19010930;   5;   2;    99.0;   -999;   -999;-999;eor
  2854;19011001;19011031;   5;   2;   109.0;   -999;   -999;-999;eor
  2854;19011101;19011130;   5;   2;   146.0;   -999;   -999;-999;eor
  2854;19011201;19011231;   5;   2;    76.0;   -999;   -999;-999;eor
  2854;19020101;19020131;   5;   2;    92.0;   -999;   -999;-999;eor
  2854;19020201;19020228;   5;   2;    24.0;   -999;   -999;-999;eor
  2854;19020301;19020331;   5;   2;    75.0;   -999;   -999;-999;eor
  2854;19020401;19020430;   5;   2;    29.0;   -999;   -999;-999;eor
  2854;19020501;19020531;   5;   2;   121.0;   -999;   -999;-999;eor
  2854;19020601;19020630;   5;   2;    66.0;   -999;   -999;-999;eor
  2854;19020701;19020731;   5;   2;   103.0;   -999;   -999;-999;eor
  2854;19020801;19020831;   5;   2;    95.0;   -999;   -999;-999;eor
  2854;19020901;19020930;   5;   2;    54.0;   -999;   -999;-999;eor
  2854;19021001;19021031;   5;   2;    93.0;   -999;   -999;-999;eor
  2854;19021101;19021130;   5;   2;     4.0;   -999;   -999;-999;eor
  2854;19021201;19021231;   5;   2;    73.0;   -999;   -999;-999;eor
  2854;19030101;19030131;   5;   2;    56.0;   -999;   -999;-999;eor
  2854;19030201;19030228;   5;   2;    66.0;   -999;   -999;-999;eor
  2854;19030301;19030331;   5;   2;    60.0;   -999;   -999;-999;eor
  2854;19030401;19030430;   5;   2;   108.0;   -999;   -999;-999;eor
  2854;19030501;19030531;   5;   2;   101.0;   -999;   -999;-999;eor
  2854;19030601;19030630;   5;   2;    30.0;   -999;   -999;-999;eor
  2854;19030701;19030731;   5;   2;   129.0;   -999;   -999;-999;eor
  2854;19030801;19030831;   5;   2;    85.0;   -999;   -999;-999;eor
  2854;19030901;19030930;   5;   2;    66.0;   -999;   -999;-999;eor
  2854;19031001;19031031;   5;   2;    75.0;   -999;   -999;-999;eor
  2854;19031101;19031130;   5;   2;    81.0;   -999;   -999;-999;eor
  2854;19031201;19031231;   5;   2;    15.0;   -999;   -999;-999;eor
  2854;19040101;19040131;   5;   2;    63.0;   -999;   -999;-999;eor
  2854;19040201;19040229;   5;   2;    87.0;   -999;   -999;-999;eor
  2854;19040301;19040331;   5;   2;    41.0;   -999;   -999;-999;eor
  2854;19040401;19040430;   5;   2;    35.0;   -999;   -999;-999;eor
  2854;19040501;19040531;   5;   2;    57.0;   -999;   -999;-999;eor
  2854;19040601;19040630;   5;   2;   122.0;   -999;   -999;-999;eor
  2854;19040701;19040731;   5;   2;    12.0;   -999;   -999;-999;eor
  2854;19040801;19040831;   5;   2;    38.0;   -999;   -999;-999;eor
  2854;19040901;19040930;   5;   2;    43.0;   -999;   -999;-999;eor
  2854;19041001;19041031;   5;   2;    36.0;   -999;   -999;-999;eor
  2854;19041101;19041130;   5;   2;   106.0;   -999;   -999;-999;eor
  2854;19041201;19041231;   5;   2;    56.0;   -999;   -999;-999;eor
  2854;19050101;19050131;   5;   2;    60.0;   -999;   -999;-999;eor
  2854;19050201;19050228;   5;   2;    48.0;   -999;   -999;-999;eor
  2854;19050301;19050331;   5;   2;    76.0;   -999;   -999;-999;eor
  2854;19050401;19050430;   5;   2;    51.0;   -999;   -999;-999;eor
  2854;19050501;19050531;   5;   2;    12.0;   -999;   -999;-999;eor
  2854;19050601;19050630;   5;   2;    97.0;   -999;   -999;-999;eor
  2854;19050701;19050731;   5;   2;   177.0;   -999;   -999;-999;eor
  2854;19050801;19050831;   5;   2;    65.0;   -999;   -999;-999;eor
  2854;19050901;19050930;   5;   2;    54.0;   -999;   -999;-999;eor
  2854;19051001;19051031;   5;   2;   128.0;   -999;   -999;-999;eor
  2854;19051101;19051130;   5;   2;    44.0;   -999;   -999;-999;eor
  2854;19051201;19051231;   5;   2;    41.0;   -999;   -999;-999;eor
  2854;19060101;19060131;   5;   2;   113.0;   -999;   -999;-999;eor
  2854;19060201;19060228;   5;   2;    43.0;   -999;   -999;-999;eor
  2854;19060301;19060331;   5;   2;    71.0;   -999;   -999;-999;eor
  2854;19060401;19060430;   5;   2;    27.0;   -999;   -999;-999;eor
  2854;19060501;19060531;   5;   2;   104.0;   -999;   -999;-999;eor
  2854;19060601;19060630;   5;   2;    56.0;   -999;   -999;-999;eor
  2854;19060701;19060731;   5;   2;    75.0;   -999;   -999;-999;eor
  2854;19060801;19060831;   5;   2;   122.0;   -999;   -999;-999;eor
  2854;19060901;19060930;   5;   2;    47.0;   -999;   -999;-999;eor
  2854;19061001;19061031;   5;   2;    37.0;   -999;   -999;-999;eor
  2854;19061101;19061130;   5;   2;    70.0;   -999;   -999;-999;eor
  2854;19061201;19061231;   5;   2;    80.0;   -999;   -999;-999;eor
  2854;19070101;19070131;   5;   2;    44.0;   -999;   -999;-999;eor
  2854;19070201;19070228;   5;   2;    59.0;   -999;   -999;-999;eor
  2854;19070301;19070331;   5;   2;    52.0;   -999;   -999;-999;eor
  2854;19070401;19070430;   5;   2;    24.0;   -999;   -999;-999;eor
  2854;19070501;19070531;   5;   2;    49.0;   -999;   -999;-999;eor
  2854;19070601;19070630;   5;   2;    98.0;   -999;   -999;-999;eor
  2854;19070701;19070731;   5;   2;    76.0;   -999;   -999;-999;eor
  2854;19070801;19070831;   5;   2;    76.0;   -999;   -999;-999;eor
  2854;19070901;19070930;   5;   2;    49.0;   -999;   -999;-999;eor
  2854;19071001;19071031;   5;   2;    39.0;   -999;   -999;-999;eor
  2854;19071101;19071130;   5;   2;    35.0;   -999;   -999;-999;eor
  2854;19071201;19071231;   5;   2;    76.0;   -999;   -999;-999;eor
  2854;19080101;19080131;   5;   2;    52.0;   -999;   -999;-999;eor
  2854;19080201;19080229;   5;   2;    76.0;   -999;   -999;-999;eor
  2854;19080301;19080331;   5;   2;    52.0;   -999;   -999;-999;eor
  2854;19080401;19080430;   5;   2;    90.0;   -999;   -999;-999;eor
  2854;19080501;19080531;   5;   2;   125.0;   -999;   -999;-999;eor
  2854;19080601;19080630;   5;   2;    37.0;   -999;   -999;-999;eor
  2854;19080701;19080731;   5;   2;    79.0;   -999;   -999;-999;eor
  2854;19080801;19080831;   5;   2;   108.0;   -999;   -999;-999;eor
  2854;19080901;19080930;   5;   2;    37.0;   -999;   -999;-999;eor
  2854;19081001;19081031;   5;   2;     2.0;   -999;   -999;-999;eor
  2854;19081101;19081130;   5;   2;    34.0;   -999;   -999;-999;eor
  2854;19081201;19081231;   5;   2;    15.0;   -999;   -999;-999;eor
  2854;19090101;19090131;   5;   2;    29.0;   -999;   -999;-999;eor
  2854;19090201;19090228;   5;   2;    82.0;   -999;   -999;-999;eor
  2854;19090301;19090331;   5;   2;    44.0;   -999;   -999;-999;eor
  2854;19090401;19090430;   5;   2;    58.0;   -999;   -999;-999;eor
  2854;19090501;19090531;   5;   2;    29.0;   -999;   -999;-999;eor
  2854;19090601;19090630;   5;   2;    61.0;   -999;   -999;-999;eor
  2854;19090701;19090731;   5;   2;   133.0;   -999;   -999;-999;eor
  2854;19090801;19090831;   5;   2;   102.0;   -999;   -999;-999;eor
  2854;19090901;19090930;   5;   2;   128.0;   -999;   -999;-999;eor
  2854;19091001;19091031;   5;   2;    72.0;   -999;   -999;-999;eor
  2854;19091101;19091130;   5;   2;    95.0;   -999;   -999;-999;eor
  2854;19091201;19091231;   5;   2;   108.0;   -999;   -999;-999;eor
  2854;19100101;19100131;   5;   2;    71.0;   -999;   -999;-999;eor
  2854;19100201;19100228;   5;   2;    83.0;   -999;   -999;-999;eor
  2854;19100301;19100331;   5;   2;    35.0;   -999;   -999;-999;eor
  2854;19100401;19100430;   5;   2;    48.0;   -999;   -999;-999;eor
  2854;19100501;19100531;   5;   2;    48.0;   -999;   -999;-999;eor
  2854;19100601;19100630;   5;   2;    93.0;   -999;   -999;-999;eor
  2854;19100701;19100731;   5;   2;   147.0;   -999;   -999;-999;eor
  2854;19100801;19100831;   5;   2;    95.0;   -999;   -999;-999;eor
  2854;19100901;19100930;   5;   2;    73.0;   -999;   -999;-999;eor
  2854;19101001;19101031;   5;   2;     9.0;   -999;   -999;-999;eor
  2854;19101101;19101130;   5;   2;    83.0;   -999;   -999;-999;eor
  2854;19101201;19101231;   5;   2;    45.0;   -999;   -999;-999;eor
  2854;19110101;19110131;   5;   2;    19.0;   -999;   -999;-999;eor
  2854;19110201;19110228;   5;   2;    80.0;   -999;   -999;-999;eor
  2854;19110301;19110331;   5;   2;    45.0;   -999;   -999;-999;eor
  2854;19110401;19110430;   5;   2;    31.0;   -999;   -999;-999;eor
  2854;19110501;19110531;   5;   2;    30.0;   -999;   -999;-999;eor
  2854;19110601;19110630;   5;   2;    69.0;   -999;   -999;-999;eor
  2854;19110701;19110731;   5;   2;    31.0;   -999;   -999;-999;eor
  2854;19110801;19110831;   5;   2;    25.0;   -999;   -999;-999;eor
  2854;19110901;19110930;   5;   2;    27.0;   -999;   -999;-999;eor
  2854;19111001;19111031;   5;   2;    62.0;   -999;   -999;-999;eor
  2854;19111101;19111130;   5;   2;    38.0;   -999;   -999;-999;eor
  2854;19111201;19111231;   5;   2;    75.0;   -999;   -999;-999;eor
  2854;19120101;19120131;   5;   2;    62.0;   -999;   -999;-999;eor
  2854;19120201;19120229;   5;   2;    56.0;   -999;   -999;-999;eor
  2854;19120301;19120331;   5;   2;    75.0;   -999;   -999;-999;eor
  2854;19120401;19120430;   5;   2;    38.0;   -999;   -999;-999;eor
  2854;19120501;19120531;   5;   2;    82.0;   -999;   -999;-999;eor
  2854;19120601;19120630;   5;   2;   118.0;   -999;   -999;-999;eor
  2854;19120701;19120731;   5;   2;    70.0;   -999;   -999;-999;eor
  2854;19120801;19120831;   5;   2;   139.0;   -999;   -999;-999;eor
  2854;19120901;19120930;   5;   2;    70.0;   -999;   -999;-999;eor
  2854;19121001;19121031;   5;   2;    53.0;   -999;   -999;-999;eor
  2854;19121101;19121130;   5;   2;   107.0;   -999;   -999;-999;eor
  2854;19121201;19121231;   5;   2;    95.0;   -999;   -999;-999;eor
  2854;19130101;19130131;   5;   2;   101.0;   -999;   -999;-999;eor
  2854;19130201;19130228;   5;   2;    41.0;   -999;   -999;-999;eor
  2854;19130301;19130331;   5;   2;    96.0;   -999;   -999;-999;eor
  2854;19130401;19130430;   5;   2;    38.0;   -999;   -999;-999;eor
  2854;19130501;19130531;   5;   2;    68.0;   -999;   -999;-999;eor
  2854;19130601;19130630;   5;   2;   101.0;   -999;   -999;-999;eor
  2854;19130701;19130731;   5;   2;    83.0;   -999;   -999;-999;eor
  2854;19130801;19130831;   5;   2;    46.0;   -999;   -999;-999;eor
  2854;19130901;19130930;   5;   2;    52.0;   -999;   -999;-999;eor
  2854;19131001;19131031;   5;   2;    66.0;   -999;   -999;-999;eor
  2854;19131101;19131130;   5;   2;    63.0;   -999;   -999;-999;eor
  2854;19131201;19131231;   5;   2;   104.0;   -999;   -999;-999;eor
  2854;19460101;19460131;   5;   2;    35.0;   -999;   -999;-999;eor
  2854;19460201;19460228;   5;   2;   183.0;   -999;   -999;-999;eor
  2854;19460301;19460331;   5;   2;    37.0;   -999;   -999;-999;eor
  2854;19460401;19460430;   5;   2;    11.0;   -999;   -999;-999;eor
  2854;19460501;19460531;   5;   2;    74.0;   -999;   -999;-999;eor
  2854;19460601;19460630;   5;   2;   108.0;   -999;   -999;-999;eor
  2854;19460701;19460731;   5;   2;    66.0;   -999;   -999;-999;eor
  2854;19460801;19460831;   5;   2;   122.0;   -999;   -999;-999;eor
  2854;19460901;19460930;   5;   2;    80.0;   -999;   -999;-999;eor
  2854;19461001;19461031;   5;   2;    77.0;   -999;   -999;-999;eor
  2854;19461101;19461130;   5;   2;    76.0;   -999;   -999;-999;eor
  2854;19461201;19461231;   5;   2;    27.0;   -999;   -999;-999;eor
  2854;19470101;19470131;   5;   2;    33.0;   -999;   -999;-999;eor
  2854;19470201;19470228;   5;   2;    32.0;   -999;   -999;-999;eor
  2854;19470301;19470331;   5;   2;    85.0;   -999;   -999;-999;eor
  2854;19470401;19470430;   5;   2;    57.0;   -999;   -999;-999;eor
  2854;19470501;19470531;   5;   2;    47.0;   -999;   -999;-999;eor
  2854;19470601;19470630;   5;   2;    91.0;   -999;   -999;-999;eor
  2854;19470701;19470731;   5;   2;    97.0;   -999;   -999;-999;eor
  2854;19470801;19470831;   5;   2;    37.0;   -999;   -999;-999;eor
  2854;19470901;19470930;   5;   2;    48.0;   -999;   -999;-999;eor
  2854;19471001;19471031;   5;   2;    21.0;   -999;   -999;-999;eor
  2854;19471101;19471130;   5;   2;   126.0;   -999;   -999;-999;eor
  2854;19471201;19471231;   5;   2;   133.0;   -999;   -999;-999;eor
  2854;19480101;19480131;   5;   2;   135.0;   -999;   -999;-999;eor
  2854;19480201;19480229;   5;   2;    95.0;   -999;   -999;-999;eor
  2854;19480301;19480331;   5;   2;    27.0;   -999;   -999;-999;eor
  2854;19480401;19480430;   5;   2;    74.0;   -999;   -999;-999;eor
  2854;19480501;19480531;   5;   2;    84.0;   -999;   -999;-999;eor
  2854;19480601;19480630;   5;   2;    32.0;   -999;   -999;-999;eor
  2854;19480701;19480731;   5;   2;   168.0;   -999;   -999;-999;eor
  2854;19480801;19480831;   5;   2;    82.0;   -999;   -999;-999;eor
  2854;19480901;19480930;   5;   2;    22.0;   -999;   -999;-999;eor
  2854;19481001;19481031;   5;   2;    47.0;   -999;   -999;-999;eor
  2854;19481101;19481130;   5;   2;    30.0;   -999;   -999;-999;eor
  2854;19481201;19481231;   5;   2;    34.0;   -999;   -999;-999;eor
  2854;19490101;19490131;   5;   2;    39.0;   -999;   -999;-999;eor
  2854;19490201;19490228;   5;   2;    37.0;   -999;   -999;-999;eor
  2854;19490301;19490331;   5;   2;    60.0;   -999;   -999;-999;eor
  2854;19490401;19490430;   5;   2;    67.0;   -999;   -999;-999;eor
  2854;19490501;19490531;   5;   2;    79.0;   -999;   -999;-999;eor
  2854;19490601;19490630;   5;   2;    70.0;   -999;   -999;-999;eor
  2854;19490701;19490731;   5;   2;    65.0;   -999;   -999;-999;eor
  2854;19490801;19490831;   5;   2;    45.0;   -999;   -999;-999;eor
  2854;19490901;19490930;   5;   2;    57.0;   -999;   -999;-999;eor
  2854;19491001;19491031;   5;   2;    13.0;   -999;   -999;-999;eor
  2854;19491101;19491130;   5;   2;    88.0;   -999;   -999;-999;eor
  2854;19491201;19491231;   5;   2;    99.0;   -999;   -999;-999;eor
  2854;19500101;19500131;   5;   2;    36.0;   -999;   -999;-999;eor
  2854;19500201;19500228;   5;   2;   104.0;   -999;   -999;-999;eor
  2854;19500301;19500331;   5;   2;    18.0;   -999;   -999;-999;eor
  2854;19500401;19500430;   5;   2;    86.0;   -999;   -999;-999;eor
  2854;19500501;19500531;   5;   2;    66.0;   -999;   -999;-999;eor
  2854;19500601;19500630;   5;   2;   118.0;   -999;   -999;-999;eor
  2854;19500701;19500731;   5;   2;    98.0;   -999;   -999;-999;eor
  2854;19500801;19500831;   5;   2;    60.0;   -999;   -999;-999;eor
  2854;19500901;19500930;   5;   2;    90.0;   -999;   -999;-999;eor
  2854;19501001;19501031;   5;   2;    67.0;   -999;   -999;-999;eor
  2854;19501101;19501130;   5;   2;    37.0;   -999;   -999;-999;eor
  2854;19501201;19501231;   5;   2;    53.0;   -999;   -999;-999;eor
  2854;19510101;19510131;   5;   2;    92.3;   -999;   -999;   17.5;eor
  2854;19510201;19510228;   5;   2;    66.4;   -999;   -999;   13.7;eor
  2854;19510301;19510331;   5;   2;   105.9;   -999;   -999;   18.3;eor
  2854;19510401;19510430;   5;   2;    82.9;   -999;   -999;   21.5;eor
  2854;19510501;19510531;   5;   2;    96.2;   -999;   -999;   29.0;eor
  2854;19510601;19510630;   5;   2;   126.2;   -999;   -999;   31.0;eor
  2854;19510701;19510731;   5;   2;   134.9;   -999;   -999;   41.5;eor
  2854;19510801;19510831;   5;   2;    46.2;   -999;   -999;   12.5;eor
  2854;19510901;19510930;   5;   2;    45.0;   -999;   -999;   10.2;eor
  2854;19511001;19511031;   5;   2;    15.0;   -999;   -999;    8.5;eor
  2854;19511101;19511130;   5;   2;   140.8;   -999;   -999;   45.0;eor
  2854;19511201;19511231;   5;   2;    62.5;   -999;   -999;   12.2;eor
  2854;19520101;19520131;   5;   2;   115.1;   -999;   -999;   19.5;eor
  2854;19520201;19520229;   5;   2;    35.4;   -999;   -999;    9.8;eor
  2854;19520301;19520331;   5;   2;    71.4;   -999;   -999;   19.0;eor
  2854;19520401;19520430;   5;   2;    12.1;   -999;   -999;    5.2;eor
  2854;19520501;19520531;   5;   2;    92.5;   -999;   -999;   18.5;eor
  2854;19520601;19520630;   5;   2;    45.1;   -999;   -999;    8.0;eor
  2854;19520701;19520731;   5;   2;    39.1;   -999;   -999;   11.8;eor
  2854;19520801;19520831;   5;   2;    88.8;   -999;   -999;   16.0;eor
  2854;19520901;19520930;   5;   2;    59.5;   -999;   -999;    9.0;eor
  2854;19521001;19521031;   5;   2;   121.5;   -999;   -999;   12.0;eor
  2854;19521101;19521130;   5;   2;    92.3;   -999;   -999;   15.0;eor
  2854;19521201;19521231;   5;   2;    88.4;   -999;   -999;   15.5;eor
  2854;19530101;19530131;   5;   2;    44.4;   -999;   -999;   18.4;eor
  2854;19530201;19530228;   5;   2;    39.4;   -999;   -999;    9.5;eor
  2854;19530301;19530331;   5;   2;    26.9;   -999;   -999;    8.5;eor
  2854;19530401;19530430;   5;   2;    64.3;   -999;   -999;   16.0;eor
  2854;19530501;19530531;   5;   2;    82.4;   -999;   -999;   18.0;eor
  2854;19530601;19530630;   5;   2;    75.9;   -999;   -999;   28.0;eor
  2854;19530701;19530731;   5;   2;    57.2;   -999;   -999;   10.0;eor
  2854;19530801;19530831;   5;   2;    68.7;   -999;   -999;   16.4;eor
  2854;19530901;19530930;   5;   2;    44.6;   -999;   -999;   20.8;eor
  2854;19531001;19531031;   5;   2;    20.2;   -999;   -999;    7.5;eor
  2854;19531101;19531130;   5;   2;    19.4;   -999;   -999;    9.2;eor
  2854;19531201;19531231;   5;   2;    36.8;   -999;   -999;   13.3;eor
  2854;19540101;19540131;   5;   2;    65.4;   -999;   -999;   11.0;eor
  2854;19540201;19540228;   5;   2;    33.4;   -999;   -999;    9.8;eor
  2854;19540301;19540331;   5;   2;    48.2;   -999;   -999;   14.5;eor
  2854;19540401;19540430;   5;   2;    30.6;   -999;   -999;    6.6;eor
  2854;19540501;19540531;   5;   2;    44.1;   -999;   -999;   12.3;eor
  2854;19540601;19540630;   5;   2;    60.5;   -999;   -999;   12.8;eor
  2854;19540701;19540731;   5;   2;   214.8;   -999;   -999;   39.6;eor
  2854;19540801;19540831;   5;   2;   178.3;   -999;   -999;   30.5;eor
  2854;19540901;19540930;   5;   2;    87.6;   -999;   -999;   13.5;eor
  2854;19541001;19541031;   5;   2;   128.7;   -999;   -999;   35.0;eor
  2854;19541101;19541130;   5;   2;    55.5;   -999;   -999;   10.5;eor
  2854;19541201;19541231;   5;   2;   137.5;   -999;   -999;   22.0;eor
  2854;19550101;19550131;   5;   2;    57.0;   -999;   -999;   19.9;eor
  2854;19550201;19550228;   5;   2;    76.2;   -999;   -999;   17.0;eor
  2854;19550301;19550331;   5;   2;    50.9;   -999;   -999;    6.7;eor
  2854;19550401;19550430;   5;   2;    50.5;   -999;   -999;   13.6;eor
  2854;19550501;19550531;   5;   2;   105.3;   -999;   -999;   17.5;eor
  2854;19550601;19550630;   5;   2;   121.2;   -999;   -999;   25.5;eor
  2854;19550701;19550731;   5;   2;    95.9;   -999;   -999;   30.1;eor
  2854;19550801;19550831;   5;   2;    64.5;   -999;   -999;   14.8;eor
  2854;19550901;19550930;   5;   2;    55.1;   -999;   -999;   13.2;eor
  2854;19551001;19551031;   5;   2;    65.3;   -999;   -999;   19.0;eor
  2854;19551101;19551130;   5;   2;    23.0;   -999;   -999;    9.7;eor
  2854;19551201;19551231;   5;   2;    87.1;   -999;   -999;   22.5;eor
  2854;19560101;19560131;   5;   2;   105.9;   -999;   -999;   20.4;eor
  2854;19560201;19560229;   5;   2;    28.3;   -999;   -999;    6.8;eor
  2854;19560301;19560331;   5;   2;    54.9;   -999;   -999;   15.5;eor
  2854;19560401;19560430;   5;   2;    55.0;   -999;   -999;   10.5;eor
  2854;19560501;19560531;   5;   2;    27.0;   -999;   -999;    5.5;eor
  2854;19560601;19560630;   5;   2;   148.2;   -999;   -999;   30.6;eor
  2854;19560701;19560731;   5;   2;   272.4;   -999;   -999;   69.4;eor
  2854;19560801;19560831;   5;   2;   144.5;   -999;   -999;   19.8;eor
  2854;19560901;19560930;   5;   2;    95.9;   -999;   -999;   33.8;eor
  2854;19561001;19561031;   5;   2;   118.2;   -999;   -999;   30.4;eor
  2854;19561101;19561130;   5;   2;    58.2;   -999;   -999;   13.7;eor
  2854;19561201;19561231;   5;   2;    71.3;   -999;   -999;   12.7;eor
  2854;19570101;19570131;   5;   2;    95.8;   -999;   -999;   15.4;eor
  2854;19570201;19570228;   5;   2;    95.1;   -999;   -999;   18.8;eor
  2854;19570301;19570331;   5;   2;   109.1;   -999;   -999;   38.8;eor
  2854;19570401;19570430;   5;   2;    10.6;   -999;   -999;    5.2;eor
  2854;19570501;19570531;   5;   2;    64.5;   -999;   -999;   15.7;eor
  2854;19570601;19570630;   5;   2;    81.0;   -999;   -999;   19.1;eor
  2854;19570701;19570731;   5;   2;   120.9;   -999;   -999;   36.5;eor
  2854;19570801;19570831;   5;   2;    84.8;   -999;   -999;   18.1;eor
  2854;19570901;19570930;   5;   2;   239.0;   -999;   -999;   39.0;eor
  2854;19571001;19571031;   5;   2;    29.8;   -999;   -999;    7.3;eor
  2854;19571101;19571130;   5;   2;    73.7;   -999;   -999;   17.8;eor
  2854;19571201;19571231;   5;   2;   136.5;   -999;   -999;   46.0;eor
  2854;19580101;19580131;   5;   2;   101.2;   -999;   -999;   17.0;eor
  2854;19580201;19580228;   5;   2;   128.5;   -999;   -999;   27.1;eor
  2854;19580301;19580331;   5;   2;    36.7;   -999;   -999;   11.1;eor
  2854;19580401;19580430;   5;   2;    81.4;   -999;   -999;   37.3;eor
  2854;19580501;19580531;   5;   2;   103.4;   -999;   -999;   13.6;eor
  2854;19580601;19580630;   5;   2;   139.7;   -999;   -999;   26.8;eor
  2854;19580701;19580731;   5;   2;   207.5;   -999;   -999;   58.0;eor
  2854;19580801;19580831;   5;   2;   157.3;   -999;   -999;   43.6;eor
  2854;19580901;19580930;   5;   2;    57.1;   -999;   -999;   13.0;eor
  2854;19581001;19581031;   5;   2;    87.4;   -999;   -999;   14.5;eor
  2854;19581101;19581130;   5;   2;    27.3;   -999;   -999;    8.0;eor
  2854;19581201;19581231;   5;   2;    87.3;   -999;   -999;   19.5;eor
  2854;19590101;19590131;   5;   2;    99.5;   -999;   -999;   15.0;eor
  2854;19590201;19590228;   5;   2;    11.9;   -999;   -999;    6.5;eor
  2854;19590301;19590331;   5;   2;    25.7;   -999;   -999;    5.9;eor
  2854;19590401;19590430;   5;   2;    31.4;   -999;   -999;   12.0;eor
  2854;19590501;19590531;   5;   2;    23.2;   -999;   -999;    8.9;eor
  2854;19590601;19590630;   5;   2;    42.2;   -999;   -999;   11.2;eor
  2854;19590701;19590731;   5;   2;    53.2;   -999;   -999;   16.5;eor
  2854;19590801;19590831;   5;   2;    31.4;   -999;   -999;   13.5;eor
  2854;19590901;19590930;   5;   2;     7.7;   -999;   -999;    7.7;eor
  2854;19591001;19591031;   5;   2;    44.0;   -999;   -999;   10.0;eor
  2854;19591101;19591130;   5;   2;    46.9;   -999;   -999;   10.5;eor
  2854;19591201;19591231;   5;   2;    70.8;   -999;   -999;   18.0;eor
  2854;19600101;19600131;   5;   2;   109.6;   -999;   -999;   13.1;eor
  2854;19600201;19600229;   5;   2;    45.4;   -999;   -999;    9.1;eor
  2854;19600301;19600331;   5;   2;    42.3;   -999;   -999;   10.9;eor
  2854;19600401;19600430;   5;   2;    72.9;   -999;   -999;   12.5;eor
  2854;19600501;19600531;   5;   2;    77.2;   -999;   -999;   16.4;eor
  2854;19600601;19600630;   5;   2;    49.3;   -999;   -999;   14.6;eor
  2854;19600701;19600731;   5;   2;    89.9;   -999;   -999;   18.0;eor
  2854;19600801;19600831;   5;   2;   133.1;   -999;   -999;   26.4;eor
  2854;19600901;19600930;   5;   2;    35.0;   -999;   -999;   12.3;eor
  2854;19601001;19601031;   5;   2;   114.9;   -999;   -999;   34.0;eor
  2854;19601101;19601130;   5;   2;   108.7;   -999;   -999;   16.7;eor
  2854;19601201;19601231;   5;   2;   129.2;   -999;   -999;   37.6;eor
  2854;19610101;19610131;   5;   2;   132.4;   -999;   -999;   27.8;eor
  2854;19610201;19610228;   5;   2;    67.5;   -999;   -999;   11.5;eor
  2854;19610301;19610331;   5;   2;    54.0;   -999;   -999;   13.4;eor
  2854;19610401;19610430;   5;   2;   121.4;   -999;   -999;   16.3;eor
  2854;19610501;19610531;   5;   2;    99.6;   -999;   -999;   19.5;eor
  2854;19610601;19610630;   5;   2;    43.3;   -999;   -999;   11.6;eor
  2854;19610701;19610731;   5;   2;    98.1;   -999;   -999;   18.8;eor
  2854;19610801;19610831;   5;   2;   100.4;   -999;   -999;   16.2;eor
  2854;19610901;19610930;   5;   2;    55.4;   -999;   -999;   17.9;eor
  2854;19611001;19611031;   5;   2;    64.6;   -999;   -999;   13.8;eor
  2854;19611101;19611130;   5;   2;   108.3;   -999;   -999;   21.1;eor
  2854;19611201;19611231;   5;   2;    98.7;   -999;   -999;   24.2;eor
  2854;19620101;19620131;   5;   2;    89.7;   -999;   -999;   11.7;eor
  2854;19620201;19620228;   5;   2;    76.6;   -999;   -999;   38.7;eor
  2854;19620301;19620331;   5;   2;    44.4;   -999;   -999;    8.5;eor
  2854;19620401;19620430;   5;   2;    77.0;   -999;   -999;   11.7;eor
  2854;19620501;19620531;   5;   2;    68.8;   -999;   -999;   12.0;eor
  2854;19620601;19620630;   5;   2;    42.3;   -999;   -999;    9.7;eor
  2854;19620701;19620731;   5;   2;    93.0;   -999;   -999;   14.2;eor
  2854;19620801;19620831;   5;   2;    83.0;   -999;   -999;   15.5;eor
  2854;19620901;19620930;   5;   2;    56.0;   -999;   -999;   13.2;eor
  2854;19621001;19621031;   5;   2;    13.2;   -999;   -999;    8.2;eor
  2854;19621101;19621130;   5;   2;    16.9;   -999;   -999;    2.7;eor
  2854;19621201;19621231;   5;   2;    90.9;   -999;   -999;   25.2;eor
  2854;19630101;19630131;   5;   2;    21.2;   -999;   -999;   10.1;eor
  2854;19630201;19630228;   5;   2;    12.2;   -999;   -999;    2.6;eor
  2854;19630301;19630331;   5;   2;    47.1;   -999;   -999;    9.7;eor
  2854;19630401;19630430;   5;   2;    55.7;   -999;   -999;   14.9;eor
  2854;19630501;19630531;   5;   2;    74.4;   -999;   -999;   11.8;eor
  2854;19630601;19630630;   5;   2;    74.0;   -999;   -999;   17.1;eor
  2854;19630701;19630731;   5;   2;    39.4;   -999;   -999;   11.3;eor
  2854;19630801;19630831;   5;   2;    94.9;   -999;   -999;   16.8;eor
  2854;19630901;19630930;   5;   2;    54.7;   -999;   -999;   10.0;eor
  2854;19631001;19631031;   5;   2;    28.6;   -999;   -999;    6.1;eor
  2854;19631101;19631130;   5;   2;   101.6;   -999;   -999;   24.6;eor
  2854;19631201;19631231;   5;   2;    17.5;   -999;   -999;   11.1;eor
  2854;19640101;19640131;   5;   2;    25.2;   -999;   -999;    7.2;eor
  2854;19640201;19640229;   5;   2;    42.5;   -999;   -999;    9.4;eor
  2854;19640301;19640331;   5;   2;    27.7;   -999;   -999;    5.4;eor
  2854;19640401;19640430;   5;   2;    57.0;   -999;   -999;    9.0;eor
  2854;19640501;19640531;   5;   2;    45.4;   -999;   -999;    6.0;eor
  2854;19640601;19640630;   5;   2;    38.7;   -999;   -999;   20.0;eor
  2854;19640701;19640731;   5;   2;    37.1;   -999;   -999;   14.1;eor
  2854;19640801;19640831;   5;   2;    73.2;   -999;   -999;   40.4;eor
  2854;19640901;19640930;   5;   2;    59.6;   -999;   -999;   15.2;eor
  2854;19641001;19641031;   5;   2;    44.6;   -999;   -999;   12.3;eor
  2854;19641101;19641130;   5;   2;    60.9;   -999;   -999;   16.2;eor
  2854;19641201;19641231;   5;   2;   113.6;   -999;   -999;   60.4;eor
  2854;19650101;19650131;   5;   2;   126.2;   -999;   -999;   23.1;eor
  2854;19650201;19650228;   5;   2;    34.2;   -999;   -999;    8.0;eor
  2854;19650301;19650331;   5;   2;    36.5;   -999;   -999;    6.7;eor
  2854;19650401;19650430;   5;   2;   117.8;   -999;   -999;   23.0;eor
  2854;19650501;19650531;   5;   2;   102.5;   -999;   -999;   15.4;eor
  2854;19650601;19650630;   5;   2;    79.8;   -999;   -999;   15.4;eor
  2854;19650701;19650731;   5;   2;   126.4;   -999;   -999;   16.3;eor
  2854;19650801;19650831;   5;   2;    54.8;   -999;   -999;   11.4;eor
  2854;19650901;19650930;   5;   2;    22.6;   -999;   -999;    7.4;eor
  2854;19651001;19651031;   5;   2;    35.2;   -999;   -999;   12.0;eor
  2854;19651101;19651130;   5;   2;    78.2;   -999;   -999;   13.9;eor
  2854;19651201;19651231;   5;   2;   140.8;   -999;   -999;   19.8;eor
  2854;19660101;19660131;   5;   2;    49.4;   -999;   -999;   12.2;eor
  2854;19660201;19660228;   5;   2;    97.5;   -999;   -999;   29.9;eor
  2854;19660301;19660331;   5;   2;    78.9;   -999;   -999;   21.2;eor
  2854;19660401;19660430;   5;   2;    65.6;   -999;   -999;   12.0;eor
  2854;19660501;19660531;   5;   2;    80.4;   -999;   -999;   18.9;eor
  2854;19660601;19660630;   5;   2;   120.9;   -999;   -999;   29.6;eor
  2854;19660701;19660731;   5;   2;   104.6;   -999;   -999;   26.6;eor
  2854;19660801;19660831;   5;   2;   102.7;   -999;   -999;   58.7;eor
  2854;19660901;19660930;   5;   2;    23.5;   -999;   -999;    5.7;eor
  2854;19661001;19661031;   5;   2;    51.3;   -999;   -999;   16.6;eor
  2854;19661101;19661130;   5;   2;    67.8;   -999;   -999;    9.8;eor
  2854;19661201;19661231;   5;   2;   133.8;   -999;   -999;   18.9;eor
  2854;19670101;19670131;   5;   2;    49.5;   -999;   -999;    9.5;eor
  2854;19670201;19670228;   5;   2;    68.7;   -999;   -999;   11.7;eor
  2854;19670301;19670331;   5;   2;    73.5;   -999;   -999;   10.8;eor
  2854;19670401;19670430;   5;   2;    52.7;   -999;   -999;    9.6;eor
  2854;19670501;19670531;   5;   2;   125.3;   -999;   -999;   29.3;eor
  2854;19670601;19670630;   5;   2;    74.8;   -999;   -999;   29.6;eor
  2854;19670701;19670731;   5;   2;    86.1;   -999;   -999;   14.5;eor
  2854;19670801;19670831;   5;   2;    64.2;   -999;   -999;   15.0;eor
  2854;19670901;19670930;   5;   2;    77.4;   -999;   -999;   19.4;eor
  2854;19671001;19671031;   5;   2;    55.7;   -999;   -999;    8.3;eor
  2854;19671101;19671130;   5;   2;    68.6;   -999;   -999;   13.0;eor
  2854;19671201;19671231;   5;   2;    99.0;   -999;   -999;   14.8;eor
  2854;19680101;19680131;   5;   2;    82.6;   -999;   -999;   20.8;eor
  2854;19680201;19680229;   5;   2;    25.1;   -999;   -999;    6.0;eor
  2854;19680301;19680331;   5;   2;    74.8;   -999;   -999;   12.0;eor
  2854;19680401;19680430;   5;   2;    12.2;   -999;   -999;    5.3;eor
  2854;19680501;19680531;   5;   2;    71.5;   -999;   -999;   14.0;eor
  2854;19680601;19680630;   5;   2;    89.7;   -999;   -999;   20.3;eor
  2854;19680701;19680731;   5;   2;    71.9;   -999;   -999;   13.2;eor
  2854;19680801;19680831;   5;   2;    91.1;   -999;   -999;   21.2;eor
  2854;19680901;19680930;   5;   2;    99.5;   -999;   -999;   16.6;eor
  2854;19681001;19681031;   5;   2;    66.4;   -999;   -999;   15.0;eor
  2854;19681101;19681130;   5;   2;    27.1;   -999;   -999;   10.0;eor
  2854;19681201;19681231;   5;   2;    19.2;   -999;   -999;    3.8;eor
  2854;19690101;19690131;   5;   2;    54.8;   -999;   -999;   22.1;eor
  2854;19690201;19690228;   5;   2;    50.4;   -999;   -999;   10.9;eor
  2854;19690301;19690331;   5;   2;    63.3;   -999;   -999;   26.6;eor
  2854;19690401;19690430;   5;   2;    83.3;   -999;   -999;   22.5;eor
  2854;19690501;19690531;   5;   2;    90.8;   -999;   -999;   25.0;eor
  2854;19690601;19690630;   5;   2;    80.4;   -999;   -999;   22.3;eor
  2854;19690701;19690731;   5;   2;    54.5;   -999;   -999;   17.3;eor
  2854;19690801;19690831;   5;   2;    99.3;   -999;   -999;   23.5;eor
  2854;19690901;19690930;   5;   2;    18.2;   -999;   -999;    4.6;eor
  2854;19691001;19691031;   5;   2;    33.8;   -999;   -999;    9.9;eor
  2854;19691101;19691130;   5;   2;   112.8;   -999;   -999;   21.9;eor
  2854;19691201;19691231;   5;   2;    23.8;   -999;   -999;    5.9;eor
  2854;19700101;19700131;   5;   2;    40.7;   -999;   -999;   11.6;eor
  2854;19700201;19700228;   5;   2;   125.4;   -999;   -999;   17.9;eor
  2854;19700301;19700331;   5;   2;    88.5;   -999;   -999;   15.7;eor
  2854;19700401;19700430;   5;   2;    86.3;   -999;   -999;    7.9;eor
  2854;19700501;19700531;   5;   2;    37.1;   -999;   -999;    4.9;eor
  2854;19700601;19700630;   5;   2;    53.3;   -999;   -999;   36.8;eor
  2854;19700701;19700731;   5;   2;   110.1;   -999;   -999;   32.5;eor
  2854;19700801;19700831;   5;   2;    73.9;   -999;   -999;   22.6;eor
  2854;19700901;19700930;   5;   2;    73.5;   -999;   -999;   18.0;eor
  2854;19701001;19701031;   5;   2;   100.5;   -999;   -999;   19.2;eor
  2854;19701101;19701130;   5;   2;    79.5;   -999;   -999;   18.5;eor
  2854;19701201;19701231;   5;   2;    45.8;   -999;   -999;    7.8;eor
  2854;19710101;19710131;   5;   2;    49.0;   -999;   -999;    8.0;eor
  2854;19710201;19710228;   5;   2;    32.6;   -999;   -999;    8.9;eor
  2854;19710301;19710331;   5;   2;    27.1;   -999;   -999;    8.1;eor
  2854;19710401;19710430;   5;   2;    34.1;   -999;   -999;   15.0;eor
  2854;19710501;19710531;   5;   2;    31.9;   -999;   -999;   23.0;eor
  2854;19710601;19710630;   5;   2;   125.9;   -999;   -999;   28.0;eor
  2854;19710701;19710731;   5;   2;    31.5;   -999;   -999;   11.0;eor
  2854;19710801;19710831;   5;   2;    90.8;   -999;   -999;   28.5;eor
  2854;19710901;19710930;   5;   2;    50.5;   -999;   -999;   18.8;eor
  2854;19711001;19711031;   5;   2;    33.6;   -999;   -999;   15.2;eor
  2854;19711101;19711130;   5;   2;    58.2;   -999;   -999;   15.0;eor
  2854;19711201;19711231;   5;   2;    60.2;   -999;   -999;   12.0;eor
  2854;19720101;19720131;   5;   2;     7.4;   -999;   -999;    2.1;eor
  2854;19720201;19720229;   5;   2;     8.3;   -999;   -999;    4.9;eor
  2854;19720301;19720331;   5;   2;    65.3;   -999;   -999;   22.3;eor
  2854;19720401;19720430;   5;   2;    52.6;   -999;   -999;   11.3;eor
  2854;19720501;19720531;   5;   2;   112.4;   -999;   -999;   22.0;eor
  2854;19720601;19720630;   5;   2;   146.0;   -999;   -999;   32.8;eor
  2854;19720701;19720731;   5;   2;   128.3;   -999;   -999;   41.7;eor
  2854;19720801;19720831;   5;   2;   101.7;   -999;   -999;   22.9;eor
  2854;19720901;19720930;   5;   2;    76.5;   -999;   -999;   15.7;eor
  2854;19721001;19721031;   5;   2;    15.3;   -999;   -999;    4.6;eor
  2854;19721101;19721130;   5;   2;    57.2;   -999;   -999;   13.0;eor
  2854;19721201;19721231;   5;   2;    16.7;   -999;   -999;    7.5;eor
  2854;19730101;19730131;   5;   2;    30.9;   -999;   -999;    5.5;eor
  2854;19730201;19730228;   5;   2;    58.4;   -999;   -999;   12.5;eor
  2854;19730301;19730331;   5;   2;    35.5;   -999;   -999;    9.0;eor
  2854;19730401;19730430;   5;   2;    87.5;   -999;   -999;   22.7;eor
  2854;19730501;19730531;   5;   2;    46.5;   -999;   -999;    9.1;eor
  2854;19730601;19730630;   5;   2;    25.7;   -999;   -999;   10.3;eor
  2854;19730701;19730731;   5;   2;    53.9;   -999;   -999;   10.1;eor
  2854;19730801;19730831;   5;   2;    25.6;   -999;   -999;   10.0;eor
  2854;19730901;19730930;   5;   2;    58.8;   -999;   -999;   15.1;eor
  2854;19731001;19731031;   5;   2;    82.3;   -999;   -999;   12.8;eor
  2854;19731101;19731130;   5;   2;    58.7;   -999;   -999;   14.9;eor
  2854;19731201;19731231;   5;   2;    78.7;   -999;   -999;   15.0;eor
  2854;19740101;19740131;   5;   2;    70.0;   -999;   -999;   13.7;eor
  2854;19740201;19740228;   5;   2;    75.6;   -999;   -999;   20.5;eor
  2854;19740301;19740331;   5;   2;    30.9;   -999;   -999;    7.6;eor
  2854;19740401;19740430;   5;   2;    19.2;   -999;   -999;    6.5;eor
  2854;19740501;19740531;   5;   2;    58.3;   -999;   -999;   14.2;eor
  2854;19740601;19740630;   5;   2;    80.2;   -999;   -999;   18.5;eor
  2854;19740701;19740731;   5;   2;    85.6;   -999;   -999;   14.3;eor
  2854;19740801;19740831;   5;   2;    72.3;   -999;   -999;   32.6;eor
  2854;19740901;19740930;   5;   2;    61.1;   -999;   -999;   13.3;eor
  2854;19741001;19741031;   5;   2;   137.3;   -999;   -999;   36.7;eor
  2854;19741101;19741130;   5;   2;    73.8;   -999;   -999;    9.8;eor
  2854;19741201;19741231;   5;   2;   161.1;   -999;   -999;   22.7;eor
  2854;19750101;19750131;   5;   2;    76.1;   -999;   -999;   25.6;eor
  2854;19750201;19750228;   5;   2;    16.2;   -999;   -999;    5.8;eor
  2854;19750301;19750331;   5;   2;    81.9;   -999;   -999;   14.7;eor
  2854;19750401;19750430;   5;   2;    57.5;   -999;   -999;   12.7;eor
  2854;19750501;19750531;   5;   2;   115.6;   -999;   -999;   25.0;eor
  2854;19750601;19750630;   5;   2;    71.1;   -999;   -999;   36.6;eor
  2854;19750701;19750731;   5;   2;   116.0;   -999;   -999;   43.9;eor
  2854;19750801;19750831;   5;   2;    76.8;   -999;   -999;   43.1;eor
  2854;19750901;19750930;   5;   2;    61.6;   -999;   -999;    8.9;eor
  2854;19751001;19751031;   5;   2;    22.4;   -999;   -999;    7.2;eor
  2854;19751101;19751130;   5;   2;    50.1;   -999;   -999;    9.2;eor
  2854;19751201;19751231;   5;   2;    31.0;   -999;   -999;    9.3;eor
  2854;19760101;19760131;   5;   2;   170.0;   -999;   -999;   17.9;eor
  2854;19760201;19760229;   5;   2;    28.5;   -999;   -999;    7.8;eor
  2854;19760301;19760331;   5;   2;    15.5;   -999;   -999;    5.2;eor
  2854;19760401;19760430;   5;   2;    14.8;   -999;   -999;    4.8;eor
  2854;19760501;19760531;   5;   2;    68.8;   -999;   -999;   12.3;eor
  2854;19760601;19760630;   5;   2;    34.4;   -999;   -999;    9.0;eor
  2854;19760701;19760731;   5;   2;    50.9;   -999;   -999;   22.0;eor
  2854;19760801;19760831;   5;   2;    26.0;   -999;   -999;   11.8;eor
  2854;19760901;19760930;   5;   2;    46.6;   -999;   -999;    8.2;eor
  2854;19761001;19761031;   5;   2;    29.8;   -999;   -999;    6.9;eor
  2854;19761101;19761130;   5;   2;    62.7;   -999;   -999;   17.8;eor
  2854;19761201;19761231;   5;   2;    33.5;   -999;   -999;    5.8;eor
  2854;19770101;19770131;   5;   2;    69.2;   -999;   -999;   13.8;eor
  2854;19770201;19770228;   5;   2;    63.6;   -999;   -999;    9.5;eor
  2854;19770301;19770331;   5;   2;    28.6;   -999;   -999;    7.9;eor
  2854;19770401;19770430;   5;   2;    65.3;   -999;   -999;   17.7;eor
  2854;19770501;19770531;   5;   2;    52.4;   -999;   -999;   15.2;eor
  2854;19770601;19770630;   5;   2;    91.6;   -999;   -999;   29.2;eor
  2854;19770701;19770731;   5;   2;    50.2;   -999;   -999;   14.4;eor
  2854;19770801;19770831;   5;   2;    75.4;   -999;   -999;   26.0;eor
  2854;19770901;19770930;   5;   2;    35.4;   -999;   -999;    7.2;eor
  2854;19771001;19771031;   5;   2;    32.0;   -999;   -999;   12.9;eor
  2854;19771101;19771130;   5;   2;   126.4;   -999;   -999;   17.0;eor
  2854;19771201;19771231;   5;   2;    39.4;   -999;   -999;    6.8;eor
  2854;19780101;19780131;   5;   2;    38.2;   -999;   -999;    8.8;eor
  2854;19780201;19780228;   5;   2;    28.3;   -999;   -999;    6.2;eor
  2854;19780301;19780331;   5;   2;   129.6;   -999;   -999;   36.9;eor
  2854;19780401;19780430;   5;   2;    17.9;   -999;   -999;   11.1;eor
  2854;19780501;19780531;   5;   2;    97.8;   -999;   -999;   31.2;eor
  2854;19780601;19780630;   5;   2;    58.3;   -999;   -999;   11.7;eor
  2854;19780701;19780731;   5;   2;    93.0;   -999;   -999;   16.0;eor
  2854;19780801;19780831;   5;   2;    68.9;   -999;   -999;   18.5;eor
  2854;19780901;19780930;   5;   2;   126.5;   -999;   -999;   17.7;eor
  2854;19781001;19781031;   5;   2;    18.2;   -999;   -999;    5.5;eor
  2854;19781101;19781130;   5;   2;    16.0;   -999;   -999;    2.7;eor
  2854;19781201;19781231;   5;   2;   130.5;   -999;   -999;   36.1;eor
  2854;19790101;19790131;   5;   2;    35.1;     43;    449;    5.4;eor
  2854;19790201;19790228;   5;   2;    42.9;     28;    352;   16.8;eor
  2854;19790301;19790331;   5;   2;    82.4;     14;     57;   12.5;eor
  2854;19790401;19790430;   5;   2;    48.5;      0;      0;    8.7;eor
  2854;19790501;19790531;   5;   2;   112.3;      0;      0;   20.0;eor
  2854;19790601;19790630;   5;   2;    46.8;      0;      0;   10.9;eor
  2854;19790701;19790731;   5;   2;    88.0;      0;      0;   27.5;eor
  2854;19790801;19790831;   5;   2;   109.4;      0;      0;   29.7;eor
  2854;19790901;19790930;   5;   2;    69.2;      0;      0;   31.0;eor
  2854;19791001;19791031;   5;   2;    23.9;      0;      0;   12.8;eor
  2854;19791101;19791130;   5;   2;    62.0;      0;      0;    9.0;eor
  2854;19791201;19791231;   5;   2;    97.9;      1;      1;   11.5;eor
  2854;19800101;19800131;   5;   2;    39.0;      5;      9;   14.9;eor
  2854;19800201;19800229;   5;   2;    61.5;      0;      0;   20.3;eor
  2854;19800301;19800331;   5;   2;    54.2;      3;      3;   18.5;eor
  2854;19800401;19800430;   5;   2;    92.7;      4;      4;   17.8;eor
  2854;19800501;19800531;   5;   2;    27.8;      0;      0;   15.4;eor
  2854;19800601;19800630;   5;   2;    79.0;      0;      0;   19.0;eor
  2854;19800701;19800731;   5;   2;   134.4;      0;      0;   26.1;eor
  2854;19800801;19800831;   5;   2;    71.7;      0;      0;   17.1;eor
  2854;19800901;19800930;   5;   2;    68.1;      0;      0;   27.8;eor
  2854;19801001;19801031;   5;   2;    44.2;      0;      0;    8.0;eor
  2854;19801101;19801130;   5;   2;    59.9;     15;     40;    9.0;eor
  2854;19801201;19801231;   5;   2;    91.3;     16;     76;   16.0;eor
