STATIONS_ID; MESS_DATUM_BEGINN; MESS_DATUM_ENDE; QUALITAETS_NIVEAU; ART; NIEDERSCHLAGSHOEHE;NEUSCHNEEHOEHE;SCHNEEHOEHE; max(NIEDERSCHLAGSHOEHE);eor
   163;19220101;19220131;   5;   2;   176.0;   -999;   -999;-999;eor
   163;19220201;19220228;   5;   2;   116.0;   -999;   -999;-999;eor
   163;19220301;19220331;   5;   2;    62.0;   -999;   -999;-999;eor
   163;19220401;19220430;   5;   2;   156.0;   -999;   -999;-999;eor
   163;19220501;19220531;   5;   2;   140.0;   -999;   -999;-999;eor
   163;19220601;19220630;   5;   2;   191.0;   -999;   -999;-999;eor
   163;19220701;19220731;   5;   2;   191.0;   -999;   -999;-999;eor
   163;19220801;19220831;   5;   2;   163.0;   -999;   -999;-999;eor
   163;19220901;19220930;   5;   2;   288.0;   -999;   -999;-999;eor
   163;19221001;19221031;   5;   2;   115.0;   -999;   -999;-999;eor
   163;19221101;19221130;   5;   2;   131.0;   -999;   -999;-999;eor
   163;19221201;19221231;   5;   2;   115.0;   -999;   -999;-999;eor
   163;19230101;19230131;   5;   2;   136.0;   -999;   -999;-999;eor
   163;19230201;19230228;   5;   2;   177.0;   -999;   -999;-999;eor
   163;19230301;19230331;   5;   2;    54.0;   -999;   -999;-999;eor
   163;19230401;19230430;   5;   2;   133.0;   -999;   -999;-999;eor
   163;19230501;19230531;   5;   2;    75.0;   -999;   -999;-999;eor
   163;19230601;19230630;   5;   2;   250.0;   -999;   -999;-999;eor
   163;19230701;19230731;   5;   2;   110.0;   -999;   -999;-999;eor
   163;19230801;19230831;   5;   2;   125.0;   -999;   -999;-999;eor
   163;19230901;19230930;   5;   2;    55.0;   -999;   -999;-999;eor
   163;19231001;19231031;   5;   2;   127.0;   -999;   -999;-999;eor
   163;19231101;19231130;   5;   2;    87.0;   -999;   -999;-999;eor
   163;19231201;19231231;   5;   2;   167.0;   -999;   -999;-999;eor
   163;19240101;19240131;   5;   2;    52.0;   -999;   -999;-999;eor
   163;19240201;19240229;   5;   2;    60.0;   -999;   -999;-999;eor
   163;19240301;19240331;   5;   2;    37.0;   -999;   -999;-999;eor
   163;19240401;19240430;   5;   2;   190.0;   -999;   -999;-999;eor
   163;19240501;19240531;   5;   2;   179.0;   -999;   -999;-999;eor
   163;19240601;19240630;   5;   2;   224.0;   -999;   -999;-999;eor
   163;19240701;19240731;   5;   2;   201.0;   -999;   -999;-999;eor
   163;19240801;19240831;   5;   2;   217.0;   -999;   -999;-999;eor
   163;19240901;19240930;   5;   2;   156.0;   -999;   -999;-999;eor
   163;19241001;19241031;   5;   2;    52.0;   -999;   -999;-999;eor
   163;19241101;19241130;   5;   2;    59.0;   -999;   -999;-999;eor
   163;19241201;19241231;   5;   2;    37.0;   -999;   -999;-999;eor
   163;19250101;19250131;   5;   2;    63.0;   -999;   -999;-999;eor
   163;19250201;19250228;   5;   2;    82.0;   -999;   -999;-999;eor
   163;19250301;19250331;   5;   2;    84.0;   -999;   -999;-999;eor
   163;19250401;19250430;   5;   2;   165.0;   -999;   -999;-999;eor
   163;19250501;19250531;   5;   2;    68.0;   -999;   -999;-999;eor
   163;19250601;19250630;   5;   2;    98.0;   -999;   -999;-999;eor
   163;19250701;19250731;   5;   2;   125.0;   -999;   -999;-999;eor
   163;19250801;19250831;   5;   2;   297.0;   -999;   -999;-999;eor
   163;19250901;19250930;   5;   2;   129.0;   -999;   -999;-999;eor
   163;19251001;19251031;   5;   2;   123.0;   -999;   -999;-999;eor
   163;19251101;19251130;   5;   2;    99.0;   -999;   -999;-999;eor
   163;19251201;19251231;   5;   2;   147.0;   -999;   -999;-999;eor
   163;19260101;19260131;   5;   2;    71.0;   -999;   -999;-999;eor
   163;19260201;19260228;   5;   2;   108.0;   -999;   -999;-999;eor
   163;19260301;19260331;   5;   2;   186.0;   -999;   -999;-999;eor
   163;19260401;19260430;   5;   2;    55.0;   -999;   -999;-999;eor
   163;19260501;19260531;   5;   2;   132.0;   -999;   -999;-999;eor
   163;19260601;19260630;   5;   2;   268.0;   -999;   -999;-999;eor
   163;19260701;19260731;   5;   2;   300.0;   -999;   -999;-999;eor
   163;19260801;19260831;   5;   2;   112.0;   -999;   -999;-999;eor
   163;19260901;19260930;   5;   2;    82.0;   -999;   -999;-999;eor
   163;19261001;19261031;   5;   2;   117.0;   -999;   -999;-999;eor
   163;19261101;19261130;   5;   2;    49.0;   -999;   -999;-999;eor
   163;19261201;19261231;   5;   2;   118.0;   -999;   -999;-999;eor
   163;19270101;19270131;   5;   2;   110.0;   -999;   -999;-999;eor
   163;19270201;19270228;   5;   2;    87.0;   -999;   -999;-999;eor
   163;19270301;19270331;   5;   2;    60.0;   -999;   -999;-999;eor
   163;19270401;19270430;   5;   2;   250.0;   -999;   -999;-999;eor
   163;19270501;19270531;   5;   2;   185.0;   -999;   -999;-999;eor
   163;19270601;19270630;   5;   2;   147.0;   -999;   -999;-999;eor
   163;19270701;19270731;   5;   2;   126.0;   -999;   -999;-999;eor
   163;19270801;19270831;   5;   2;   149.0;   -999;   -999;-999;eor
   163;19270901;19270930;   5;   2;   210.0;   -999;   -999;-999;eor
   163;19271001;19271031;   5;   2;    55.0;   -999;   -999;-999;eor
   163;19271101;19271130;   5;   2;    91.0;   -999;   -999;-999;eor
   163;19271201;19271231;   5;   2;    29.0;   -999;   -999;-999;eor
   163;19280101;19280131;   5;   2;   104.0;   -999;   -999;-999;eor
   163;19280201;19280229;   5;   2;   198.0;   -999;   -999;-999;eor
   163;19280301;19280331;   5;   2;    52.0;   -999;   -999;-999;eor
   163;19280401;19280430;   5;   2;    96.0;   -999;   -999;-999;eor
   163;19280501;19280531;   5;   2;   213.0;   -999;   -999;-999;eor
   163;19280601;19280630;   5;   2;   237.0;   -999;   -999;-999;eor
   163;19280701;19280731;   5;   2;    58.0;   -999;   -999;-999;eor
   163;19280801;19280831;   5;   2;   216.0;   -999;   -999;-999;eor
   163;19280901;19280930;   5;   2;   135.0;   -999;   -999;-999;eor
   163;19281001;19281031;   5;   2;    72.0;   -999;   -999;-999;eor
   163;19281101;19281130;   5;   2;   137.0;   -999;   -999;-999;eor
   163;19281201;19281231;   5;   2;   117.0;   -999;   -999;-999;eor
   163;19290101;19290131;   5;   2;    84.0;   -999;   -999;-999;eor
   163;19290201;19290228;   5;   2;    23.0;   -999;   -999;-999;eor
   163;19290301;19290331;   5;   2;    20.0;   -999;   -999;-999;eor
   163;19290401;19290430;   5;   2;   120.0;   -999;   -999;-999;eor
   163;19290501;19290531;   5;   2;   141.0;   -999;   -999;-999;eor
   163;19290601;19290630;   5;   2;   189.0;   -999;   -999;-999;eor
   163;19290701;19290731;   5;   2;   181.0;   -999;   -999;-999;eor
   163;19290801;19290831;   5;   2;   131.0;   -999;   -999;-999;eor
   163;19290901;19290930;   5;   2;    69.0;   -999;   -999;-999;eor
   163;19291001;19291031;   5;   2;   121.0;   -999;   -999;-999;eor
   163;19291101;19291130;   5;   2;    88.0;   -999;   -999;-999;eor
   163;19291201;19291231;   5;   2;   153.0;   -999;   -999;-999;eor
   163;19300101;19300131;   5;   2;    40.0;   -999;   -999;-999;eor
   163;19300201;19300228;   5;   2;    32.0;   -999;   -999;-999;eor
   163;19300301;19300331;   5;   2;    63.0;   -999;   -999;-999;eor
   163;19300401;19300430;   5;   2;   123.0;   -999;   -999;-999;eor
   163;19300501;19300531;   5;   2;   262.0;   -999;   -999;-999;eor
   163;19300601;19300630;   5;   2;   185.0;   -999;   -999;-999;eor
   163;19300701;19300731;   5;   2;   141.0;   -999;   -999;-999;eor
   163;19300801;19300831;   5;   2;   275.0;   -999;   -999;-999;eor
   163;19300901;19300930;   5;   2;   132.0;   -999;   -999;-999;eor
   163;19301001;19301031;   5;   2;   225.0;   -999;   -999;-999;eor
   163;19301101;19301130;   5;   2;   100.0;   -999;   -999;-999;eor
   163;19301201;19301231;   5;   2;    80.0;   -999;   -999;-999;eor
   163;19360101;19360131;   5;   2;   170.0;   -999;   -999;-999;eor
   163;19360201;19360229;   5;   2;   102.0;   -999;   -999;-999;eor
   163;19360301;19360331;   5;   2;    31.0;   -999;   -999;-999;eor
   163;19360401;19360430;   5;   2;   137.0;   -999;   -999;-999;eor
   163;19360501;19360531;   5;   2;   144.0;   -999;   -999;-999;eor
   163;19360601;19360630;   5;   2;   286.0;   -999;   -999;-999;eor
   163;19360701;19360731;   5;   2;   172.0;   -999;   -999;-999;eor
   163;19360801;19360831;   5;   2;   203.0;   -999;   -999;-999;eor
   163;19360901;19360930;   5;   2;   240.0;   -999;   -999;-999;eor
   163;19361001;19361031;   5;   2;   225.0;   -999;   -999;-999;eor
   163;19361101;19361130;   5;   2;    49.0;   -999;   -999;-999;eor
   163;19361201;19361231;   5;   2;   114.0;   -999;   -999;-999;eor
   163;19370101;19370131;   5;   2;   130.0;   -999;   -999;-999;eor
   163;19370201;19370228;   5;   2;   193.0;   -999;   -999;-999;eor
   163;19370301;19370331;   5;   2;    81.0;   -999;   -999;-999;eor
   163;19370401;19370430;   5;   2;   182.0;   -999;   -999;-999;eor
   163;19370501;19370531;   5;   2;   105.0;   -999;   -999;-999;eor
   163;19370601;19370630;   5;   2;   156.0;   -999;   -999;-999;eor
   163;19370701;19370731;   5;   2;   126.0;   -999;   -999;-999;eor
   163;19370801;19370831;   5;   2;   277.0;   -999;   -999;-999;eor
   163;19370901;19370930;   5;   2;   278.0;   -999;   -999;-999;eor
   163;19371001;19371031;   5;   2;   135.0;   -999;   -999;-999;eor
   163;19371101;19371130;   5;   2;   111.0;   -999;   -999;-999;eor
   163;19371201;19371231;   5;   2;   109.0;   -999;   -999;-999;eor
   163;19380101;19380131;   5;   2;   209.0;   -999;   -999;-999;eor
   163;19380201;19380228;   5;   2;    57.0;   -999;   -999;-999;eor
   163;19380301;19380331;   5;   2;   158.0;   -999;   -999;-999;eor
   163;19380401;19380430;   5;   2;   141.0;   -999;   -999;-999;eor
   163;19380501;19380531;   5;   2;   126.0;   -999;   -999;-999;eor
   163;19380601;19380630;   5;   2;   143.0;   -999;   -999;-999;eor
   163;19380701;19380731;   5;   2;   138.0;   -999;   -999;-999;eor
   163;19380801;19380831;   5;   2;   189.0;   -999;   -999;-999;eor
   163;19380901;19380930;   5;   2;    86.0;   -999;   -999;-999;eor
   163;19381001;19381031;   5;   2;    47.0;   -999;   -999;-999;eor
   163;19381101;19381130;   5;   2;    84.0;   -999;   -999;-999;eor
   163;19381201;19381231;   5;   2;    74.0;   -999;   -999;-999;eor
   163;19390101;19390131;   5;   2;    71.0;   -999;   -999;-999;eor
   163;19390201;19390228;   5;   2;    85.0;   -999;   -999;-999;eor
   163;19390301;19390331;   5;   2;   220.0;   -999;   -999;-999;eor
   163;19390401;19390430;   5;   2;    29.0;   -999;   -999;-999;eor
   163;19390501;19390531;   5;   2;   196.0;   -999;   -999;-999;eor
   163;19390601;19390630;   5;   2;   100.0;   -999;   -999;-999;eor
   163;19390701;19390731;   5;   2;   152.0;   -999;   -999;-999;eor
   163;19390801;19390831;   5;   2;   137.0;   -999;   -999;-999;eor
   163;19390901;19390930;   5;   2;   151.0;   -999;   -999;-999;eor
   163;19391001;19391031;   5;   2;   157.0;   -999;   -999;-999;eor
   163;19391101;19391130;   5;   2;   174.0;   -999;   -999;-999;eor
   163;19391201;19391231;   5;   2;   108.0;   -999;   -999;-999;eor
   163;19400101;19400131;   5;   2;    45.0;   -999;   -999;-999;eor
   163;19400201;19400229;   5;   2;    80.0;   -999;   -999;-999;eor
   163;19400301;19400331;   5;   2;   145.0;   -999;   -999;-999;eor
   163;19400401;19400430;   5;   2;    90.0;   -999;   -999;-999;eor
   163;19400501;19400531;   5;   2;   260.0;   -999;   -999;-999;eor
   163;19400601;19400630;   5;   2;   127.0;   -999;   -999;-999;eor
   163;19400701;19400731;   5;   2;   154.0;   -999;   -999;-999;eor
   163;19400801;19400831;   5;   2;   170.0;   -999;   -999;-999;eor
   163;19400901;19400930;   5;   2;   221.0;   -999;   -999;-999;eor
   163;19401001;19401031;   5;   2;    58.0;   -999;   -999;-999;eor
   163;19401101;19401130;   5;   2;   126.0;   -999;   -999;-999;eor
   163;19401201;19401231;   5;   2;   118.0;   -999;   -999;-999;eor
   163;19410101;19410131;   5;   2;    84.0;   -999;   -999;-999;eor
   163;19410201;19410228;   5;   2;   112.0;   -999;   -999;-999;eor
   163;19410301;19410331;   5;   2;   137.0;   -999;   -999;-999;eor
   163;19410401;19410430;   5;   2;   117.0;   -999;   -999;-999;eor
   163;19410501;19410531;   5;   2;   123.0;   -999;   -999;-999;eor
   163;19410601;19410630;   5;   2;   111.0;   -999;   -999;-999;eor
   163;19410701;19410731;   5;   2;   192.0;   -999;   -999;-999;eor
   163;19410801;19410831;   5;   2;   287.0;   -999;   -999;-999;eor
   163;19410901;19410930;   5;   2;   140.0;   -999;   -999;-999;eor
   163;19411001;19411031;   5;   2;   293.0;   -999;   -999;-999;eor
   163;19411101;19411130;   5;   2;    63.0;   -999;   -999;-999;eor
   163;19411201;19411231;   5;   2;   121.0;   -999;   -999;-999;eor
   163;19420101;19420131;   5;   2;    77.0;   -999;   -999;-999;eor
   163;19420201;19420228;   5;   2;    54.0;   -999;   -999;-999;eor
   163;19420301;19420331;   5;   2;    75.0;   -999;   -999;-999;eor
   163;19420401;19420430;   5;   2;   139.0;   -999;   -999;-999;eor
   163;19420501;19420531;   5;   2;   122.0;   -999;   -999;-999;eor
   163;19420601;19420630;   5;   2;   164.0;   -999;   -999;-999;eor
   163;19420701;19420731;   5;   2;   152.0;   -999;   -999;-999;eor
   163;19420801;19420831;   5;   2;   129.0;   -999;   -999;-999;eor
   163;19420901;19420930;   5;   2;   102.0;   -999;   -999;-999;eor
   163;19421001;19421031;   5;   2;   219.0;   -999;   -999;-999;eor
   163;19421101;19421130;   5;   2;   100.0;   -999;   -999;-999;eor
   163;19421201;19421231;   5;   2;    39.0;   -999;   -999;-999;eor
   163;19430101;19430131;   5;   2;   106.0;   -999;   -999;-999;eor
   163;19430201;19430228;   5;   2;    85.0;   -999;   -999;-999;eor
   163;19430301;19430331;   5;   2;    54.0;   -999;   -999;-999;eor
   163;19430401;19430430;   5;   2;   167.0;   -999;   -999;-999;eor
   163;19430501;19430531;   5;   2;   105.0;   -999;   -999;-999;eor
   163;19430601;19430630;   5;   2;   245.0;   -999;   -999;-999;eor
   163;19430701;19430731;   5;   2;   167.0;   -999;   -999;-999;eor
   163;19430801;19430831;   5;   2;   102.0;   -999;   -999;-999;eor
   163;19430901;19430930;   5;   2;   162.0;   -999;   -999;-999;eor
   163;19431001;19431031;   5;   2;     7.0;   -999;   -999;-999;eor
   163;19431101;19431130;   5;   2;    97.0;   -999;   -999;-999;eor
   163;19431201;19431231;   5;   2;    98.0;   -999;   -999;-999;eor
   163;19440101;19440131;   5;   2;   158.0;   -999;   -999;-999;eor
   163;19440201;19440229;   5;   2;   188.0;   -999;   -999;-999;eor
   163;19440301;19440331;   5;   2;   147.0;   -999;   -999;-999;eor
   163;19440401;19440430;   5;   2;    96.0;   -999;   -999;-999;eor
   163;19440501;19440531;   5;   2;   161.0;   -999;   -999;-999;eor
   163;19440601;19440630;   5;   2;   243.0;   -999;   -999;-999;eor
   163;19440701;19440731;   5;   2;   289.0;   -999;   -999;-999;eor
   163;19440801;19440831;   5;   2;   106.0;   -999;   -999;-999;eor
   163;19440901;19440930;   5;   2;   202.0;   -999;   -999;-999;eor
   163;19441001;19441031;   5;   2;   114.0;   -999;   -999;-999;eor
   163;19441101;19441130;   5;   2;   224.0;   -999;   -999;-999;eor
   163;19441201;19441231;   5;   2;   154.0;   -999;   -999;-999;eor
   163;19450101;19450131;   5;   2;    95.0;   -999;   -999;-999;eor
   163;19450201;19450228;   5;   2;   204.0;   -999;   -999;-999;eor
   163;19450301;19450331;   5;   2;   146.0;   -999;   -999;-999;eor
   163;19450401;19450430;   5;   2;   150.0;   -999;   -999;-999;eor
   163;19450501;19450531;   5;   2;   100.0;   -999;   -999;-999;eor
   163;19450601;19450630;   5;   2;   300.0;   -999;   -999;-999;eor
   163;19450701;19450731;   5;   2;    88.0;   -999;   -999;-999;eor
   163;19450801;19450831;   5;   2;   123.0;   -999;   -999;-999;eor
   163;19450901;19450930;   5;   2;   163.0;   -999;   -999;-999;eor
   163;19451001;19451031;   5;   2;   140.0;   -999;   -999;-999;eor
   163;19451101;19451130;   5;   2;    60.0;   -999;   -999;-999;eor
   163;19451201;19451231;   5;   2;   194.0;   -999;   -999;-999;eor
   163;19460101;19460131;   5;   2;    73.0;   -999;   -999;-999;eor
   163;19460201;19460228;   5;   2;   233.0;   -999;   -999;-999;eor
   163;19460301;19460331;   5;   2;    28.0;   -999;   -999;-999;eor
   163;19460401;19460430;   5;   2;    49.0;   -999;   -999;-999;eor
   163;19460501;19460531;   5;   2;   120.0;   -999;   -999;-999;eor
   163;19460601;19460630;   5;   2;   143.0;   -999;   -999;-999;eor
   163;19460701;19460731;   5;   2;   204.0;   -999;   -999;-999;eor
   163;19460801;19460831;   5;   2;   107.0;   -999;   -999;-999;eor
   163;19460901;19460930;   5;   2;    76.0;   -999;   -999;-999;eor
   163;19461001;19461031;   5;   2;   129.0;   -999;   -999;-999;eor
   163;19461101;19461130;   5;   2;    78.0;   -999;   -999;-999;eor
   163;19461201;19461231;   5;   2;    91.0;   -999;   -999;-999;eor
   163;19470101;19470131;   5;   2;   126.0;   -999;   -999;-999;eor
   163;19470201;19470228;   5;   2;    40.0;   -999;   -999;-999;eor
   163;19470301;19470331;   5;   2;   126.0;   -999;   -999;-999;eor
   163;19470401;19470430;   5;   2;    78.0;   -999;   -999;-999;eor
   163;19470501;19470531;   5;   2;    70.0;   -999;   -999;-999;eor
   163;19470601;19470630;   5;   2;    99.0;   -999;   -999;-999;eor
   163;19470701;19470731;   5;   2;   117.0;   -999;   -999;-999;eor
   163;19470801;19470831;   5;   2;    31.0;   -999;   -999;-999;eor
   163;19470901;19470930;   5;   2;    24.0;   -999;   -999;-999;eor
   163;19471001;19471031;   5;   2;    60.0;   -999;   -999;-999;eor
   163;19471101;19471130;   5;   2;   295.0;   -999;   -999;-999;eor
   163;19471201;19471231;   5;   2;   206.0;   -999;   -999;-999;eor
   163;19480101;19480131;   5;   2;   141.0;   -999;   -999;-999;eor
   163;19480201;19480229;   5;   2;   189.0;   -999;   -999;-999;eor
   163;19480301;19480331;   5;   2;   177.0;   -999;   -999;-999;eor
   163;19480401;19480430;   5;   2;    43.0;   -999;   -999;-999;eor
   163;19480501;19480531;   5;   2;    96.0;   -999;   -999;-999;eor
   163;19480601;19480630;   5;   2;   171.0;   -999;   -999;-999;eor
   163;19480701;19480731;   5;   2;   256.0;   -999;   -999;-999;eor
   163;19480801;19480831;   5;   2;   164.0;   -999;   -999;-999;eor
   163;19480901;19480930;   5;   2;    53.0;   -999;   -999;-999;eor
   163;19481001;19481031;   5;   2;    51.0;   -999;   -999;-999;eor
   163;19481101;19481130;   5;   2;    61.0;   -999;   -999;-999;eor
   163;19481201;19481231;   5;   2;    49.0;   -999;   -999;-999;eor
   163;19490101;19490131;   5;   2;   113.0;   -999;   -999;-999;eor
   163;19490201;19490228;   5;   2;    54.0;   -999;   -999;-999;eor
   163;19490301;19490331;   5;   2;   116.0;   -999;   -999;-999;eor
   163;19490401;19490430;   5;   2;    98.0;   -999;   -999;-999;eor
   163;19490501;19490531;   5;   2;   224.0;   -999;   -999;-999;eor
   163;19490601;19490630;   5;   2;   110.0;   -999;   -999;-999;eor
   163;19490701;19490731;   5;   2;   133.0;   -999;   -999;-999;eor
   163;19490801;19490831;   5;   2;   233.0;   -999;   -999;-999;eor
   163;19490901;19490930;   5;   2;    39.0;   -999;   -999;-999;eor
   163;19491001;19491031;   5;   2;    31.0;   -999;   -999;-999;eor
   163;19491101;19491130;   5;   2;   121.0;   -999;   -999;-999;eor
   163;19491201;19491231;   5;   2;   166.0;   -999;   -999;-999;eor
   163;19500101;19500131;   5;   2;   134.0;   -999;   -999;-999;eor
   163;19500201;19500228;   5;   2;    80.0;   -999;   -999;-999;eor
   163;19500301;19500331;   5;   2;    50.0;   -999;   -999;-999;eor
   163;19500401;19500430;   5;   2;   106.0;   -999;   -999;-999;eor
   163;19500501;19500531;   5;   2;    43.0;   -999;   -999;-999;eor
   163;19500601;19500630;   5;   2;    34.0;   -999;   -999;-999;eor
   163;19500701;19500731;   5;   2;   162.0;   -999;   -999;-999;eor
   163;19500801;19500831;   5;   2;   117.0;   -999;   -999;-999;eor
   163;19500901;19500930;   5;   2;   248.0;   -999;   -999;-999;eor
   163;19501001;19501031;   5;   2;   111.0;   -999;   -999;-999;eor
   163;19501101;19501130;   5;   2;   147.0;   -999;   -999;-999;eor
   163;19501201;19501231;   5;   2;    38.0;   -999;   -999;-999;eor
   163;19510101;19510131;   5;   2;   169.3;   -999;   -999;   46.4;eor
   163;19510201;19510228;   5;   2;    39.4;   -999;   -999;    9.2;eor
   163;19510301;19510331;   5;   2;   106.8;   -999;   -999;   18.8;eor
   163;19510401;19510430;   5;   2;    34.7;   -999;   -999;    5.6;eor
   163;19510501;19510531;   5;   2;   148.7;   -999;   -999;   50.6;eor
   163;19510601;19510630;   5;   2;   168.3;   -999;   -999;   26.2;eor
   163;19510701;19510731;   5;   2;   136.8;   -999;   -999;   41.5;eor
   163;19510801;19510831;   5;   2;   138.7;   -999;   -999;   33.3;eor
   163;19510901;19510930;   5;   2;    78.9;   -999;   -999;   17.2;eor
   163;19511001;19511031;   5;   2;     5.6;   -999;   -999;    5.6;eor
   163;19511101;19511130;   5;   2;   162.3;   -999;   -999;   29.1;eor
   163;19511201;19511231;   5;   2;    80.2;   -999;   -999;   20.1;eor
   163;19520101;19520131;   5;   2;   115.9;   -999;   -999;   20.2;eor
   163;19520201;19520229;   5;   2;   238.3;   -999;   -999;   32.2;eor
   163;19520301;19520331;   5;   2;   341.2;   -999;   -999;   55.2;eor
   163;19520401;19520430;   5;   2;    59.8;   -999;   -999;   20.2;eor
   163;19520501;19520531;   5;   2;   169.6;   -999;   -999;   29.7;eor
   163;19520601;19520630;   5;   2;   159.6;   -999;   -999;   35.2;eor
   163;19520701;19520731;   5;   2;    84.0;   -999;   -999;   26.2;eor
   163;19520801;19520831;   5;   2;   158.8;   -999;   -999;   83.4;eor
   163;19520901;19520930;   5;   2;   203.4;   -999;   -999;   25.0;eor
   163;19521001;19521031;   5;   2;   254.3;   -999;   -999;   29.0;eor
   163;19521101;19521130;   5;   2;   275.9;   -999;   -999;   65.3;eor
   163;19521201;19521231;   5;   2;    67.2;   -999;   -999;   12.5;eor
   163;19530101;19530131;   5;   2;    47.8;   -999;   -999;   16.0;eor
   163;19530201;19530228;   5;   2;   120.9;   -999;   -999;   27.3;eor
   163;19530301;19530331;   5;   2;    59.0;   -999;   -999;    8.3;eor
   163;19530401;19530430;   5;   2;   123.5;   -999;   -999;   21.6;eor
   163;19530501;19530531;   5;   2;   166.7;   -999;   -999;   30.2;eor
   163;19530601;19530630;   5;   2;   178.0;   -999;   -999;   32.5;eor
   163;19530701;19530731;   5;   2;   216.4;   -999;   -999;   36.5;eor
   163;19530801;19530831;   5;   2;   176.5;   -999;   -999;   46.5;eor
   163;19530901;19530930;   5;   2;    92.5;   -999;   -999;   32.4;eor
   163;19531001;19531031;   5;   2;    39.9;   -999;   -999;   13.2;eor
   163;19531101;19531130;   5;   2;    29.4;   -999;   -999;   26.3;eor
   163;19531201;19531231;   5;   2;    80.5;   -999;   -999;   20.0;eor
   163;19540101;19540131;   5;   2;   226.6;   -999;   -999;   38.5;eor
   163;19540201;19540228;   5;   2;    52.1;   -999;   -999;   16.8;eor
   163;19540301;19540331;   5;   2;    43.9;   -999;   -999;   10.8;eor
   163;19540401;19540430;   5;   2;   161.0;   -999;   -999;   36.9;eor
   163;19540501;19540531;   5;   2;   256.1;   -999;   -999;   88.2;eor
   163;19540601;19540630;   5;   2;   147.4;   -999;   -999;   33.7;eor
   163;19540701;19540731;   5;   2;   564.5;   -999;   -999;  203.8;eor
   163;19540801;19540831;   5;   2;   139.8;   -999;   -999;   24.3;eor
   163;19540901;19540930;   5;   2;   232.6;   -999;   -999;   51.9;eor
   163;19541001;19541031;   5;   2;   209.3;   -999;   -999;   62.2;eor
   163;19541101;19541130;   5;   2;   119.9;   -999;   -999;   43.0;eor
   163;19541201;19541231;   5;   2;   167.2;   -999;   -999;   22.3;eor
   163;19550101;19550131;   5;   2;    98.4;   -999;   -999;   38.5;eor
   163;19550201;19550228;   5;   2;   193.0;   -999;   -999;   66.4;eor
   163;19550301;19550331;   5;   2;    61.1;   -999;   -999;   19.4;eor
   163;19550401;19550430;   5;   2;   335.1;   -999;   -999;   78.5;eor
   163;19550501;19550531;   5;   2;   230.3;   -999;   -999;   34.6;eor
   163;19550601;19550630;   5;   2;   201.8;   -999;   -999;   70.7;eor
   163;19550701;19550731;   5;   2;   272.6;   -999;   -999;   39.1;eor
   163;19550801;19550831;   5;   2;   169.8;   -999;   -999;   28.2;eor
   163;19550901;19550930;   5;   2;   124.2;   -999;   -999;   20.7;eor
   163;19551001;19551031;   5;   2;   120.3;   -999;   -999;   22.4;eor
   163;19551101;19551130;   5;   2;    37.5;   -999;   -999;   10.4;eor
   163;19551201;19551231;   5;   2;   225.4;   -999;   -999;   37.3;eor
   163;19560101;19560131;   5;   2;   142.8;   -999;   -999;   55.8;eor
   163;19560201;19560229;   5;   2;    35.6;   -999;   -999;    9.6;eor
   163;19560301;19560331;   5;   2;   204.9;   -999;   -999;  121.1;eor
   163;19560401;19560430;   5;   2;   172.4;   -999;   -999;   63.1;eor
   163;19560501;19560531;   5;   2;   207.9;   -999;   -999;   42.6;eor
   163;19560601;19560630;   5;   2;   248.6;   -999;   -999;   31.3;eor
   163;19560701;19560731;   5;   2;   139.4;   -999;   -999;   28.8;eor
   163;19560801;19560831;   5;   2;   253.7;   -999;   -999;   29.9;eor
   163;19560901;19560930;   5;   2;   164.5;   -999;   -999;   69.2;eor
   163;19561001;19561031;   5;   2;   150.6;   -999;   -999;   25.2;eor
   163;19561101;19561130;   5;   2;   110.1;   -999;   -999;   23.8;eor
   163;19561201;19561231;   5;   2;   136.0;   -999;   -999;   34.3;eor
   163;19570101;19570131;   5;   2;   101.7;   -999;   -999;   26.2;eor
   163;19570201;19570228;   5;   2;   196.1;   -999;   -999;   64.4;eor
   163;19570301;19570331;   5;   2;    82.4;   -999;   -999;   24.0;eor
   163;19570401;19570430;   5;   2;   153.9;   -999;   -999;   34.8;eor
   163;19570501;19570531;   5;   2;   160.0;   -999;   -999;   22.6;eor
   163;19570601;19570630;   5;   2;   138.1;   -999;   -999;   18.5;eor
   163;19570701;19570731;   5;   2;   369.4;   -999;   -999;   72.2;eor
   163;19570801;19570831;   5;   2;   137.7;   -999;   -999;   24.8;eor
   163;19570901;19570930;   5;   2;   170.1;   -999;   -999;   28.8;eor
   163;19571001;19571031;   5;   2;    21.3;   -999;   -999;   10.5;eor
   163;19571101;19571130;   5;   2;    70.1;   -999;   -999;   26.6;eor
   163;19571201;19571231;   5;   2;    62.9;   -999;   -999;   16.5;eor
   163;19580101;19580131;   5;   2;   128.7;   -999;   -999;   22.5;eor
   163;19580201;19580228;   5;   2;   239.4;   -999;   -999;   46.2;eor
   163;19580301;19580331;   5;   2;   176.2;   -999;   -999;   34.3;eor
   163;19580401;19580430;   5;   2;   149.0;   -999;   -999;   17.3;eor
   163;19580501;19580531;   5;   2;    89.0;   -999;   -999;   33.9;eor
   163;19580601;19580630;   5;   2;   331.5;   -999;   -999;   67.9;eor
   163;19580701;19580731;   5;   2;    91.3;   -999;   -999;   22.1;eor
   163;19580801;19580831;   5;   2;   104.5;   -999;   -999;   20.2;eor
   163;19580901;19580930;   5;   2;   139.6;   -999;   -999;   41.8;eor
   163;19581001;19581031;   5;   2;   286.7;   -999;   -999;   43.1;eor
   163;19581101;19581130;   5;   2;    66.5;   -999;   -999;   20.9;eor
   163;19581201;19581231;   5;   2;   119.4;   -999;   -999;   26.3;eor
   163;19590101;19590131;   5;   2;   153.8;   -999;   -999;   26.7;eor
   163;19590201;19590228;   5;   2;    44.9;   -999;   -999;   27.1;eor
   163;19590301;19590331;   5;   2;    43.1;   -999;   -999;   20.1;eor
   163;19590401;19590430;   5;   2;   206.3;   -999;   -999;   76.5;eor
   163;19590501;19590531;   5;   2;   144.4;   -999;   -999;   42.2;eor
   163;19590601;19590630;   5;   2;   331.4;   -999;   -999;   95.1;eor
   163;19590701;19590731;   5;   2;   241.5;   -999;   -999;   97.0;eor
   163;19590801;19590831;   5;   2;   205.6;   -999;   -999;   93.0;eor
   163;19590901;19590930;   5;   2;    31.6;   -999;   -999;   13.1;eor
   163;19591001;19591031;   5;   2;    23.2;   -999;   -999;   10.0;eor
   163;19591101;19591130;   5;   2;    46.0;   -999;   -999;    8.9;eor
   163;19591201;19591231;   5;   2;   114.1;   -999;   -999;   16.5;eor
   163;19600101;19600131;   5;   2;   200.7;   -999;   -999;   25.6;eor
   163;19600201;19600229;   5;   2;   115.6;   -999;   -999;   25.0;eor
   163;19600301;19600331;   5;   2;   154.9;   -999;   -999;   27.6;eor
   163;19600401;19600430;   5;   2;   127.4;   -999;   -999;   21.9;eor
   163;19600501;19600531;   5;   2;   130.3;   -999;   -999;   59.2;eor
   163;19600601;19600630;   5;   2;   230.2;   -999;   -999;   50.0;eor
   163;19600701;19600731;   5;   2;   171.4;   -999;   -999;   28.8;eor
   163;19600801;19600831;   5;   2;   206.9;   -999;   -999;   39.0;eor
   163;19600901;19600930;   5;   2;   110.6;   -999;   -999;   25.5;eor
   163;19601001;19601031;   5;   2;   114.0;   -999;   -999;   17.1;eor
   163;19601101;19601130;   5;   2;   107.5;   -999;   -999;   25.1;eor
   163;19601201;19601231;   5;   2;    42.1;   -999;   -999;    7.9;eor
   163;19610101;19610131;   5;   2;    39.3;     45;    406;    9.1;eor
   163;19610201;19610228;   5;   2;   156.0;     82;    288;   23.3;eor
   163;19610301;19610331;   5;   2;   186.2;     63;    156;   45.3;eor
   163;19610401;19610430;   5;   2;   119.9;      0;      0;   24.1;eor
   163;19610501;19610531;   5;   2;   288.1;      0;      0;   35.2;eor
   163;19610601;19610630;   5;   2;   143.3;      0;      0;   28.9;eor
   163;19610701;19610731;   5;   2;   168.2;      0;      0;   34.8;eor
   163;19610801;19610831;   5;   2;   191.1;      0;      0;   54.3;eor
   163;19610901;19610930;   5;   2;    43.5;      0;      0;   16.3;eor
   163;19611001;19611031;   5;   2;    33.8;      8;      8;   26.0;eor
   163;19611101;19611130;   5;   2;    65.4;     22;     52;   14.7;eor
   163;19611201;19611231;   5;   2;   277.1;     38;    201;   80.0;eor
   163;19620101;19620131;   5;   2;   178.1;     79;    257;   61.2;eor
   163;19620201;19620228;   5;   2;   209.9;     97;    536;   37.8;eor
   163;19620301;19620331;   5;   2;   138.8;     84;    352;   26.2;eor
   163;19620401;19620430;   5;   2;   108.8;     38;     40;   32.9;eor
   163;19620501;19620531;   5;   2;   331.7;     26;     26;   58.7;eor
   163;19620601;19620630;   5;   2;   115.9;     12;     12;   30.0;eor
   163;19620701;19620731;   5;   2;   271.5;      0;      0;   66.8;eor
   163;19620801;19620831;   5;   2;    71.0;      0;      0;   16.6;eor
   163;19620901;19620930;   5;   2;   155.4;      0;      0;   41.9;eor
   163;19621001;19621031;   5;   2;    47.5;      3;      4;   19.0;eor
   163;19621101;19621130;   5;   2;    70.1;     41;    228;   11.3;eor
   163;19621201;19621231;   5;   2;   208.2;    168;   1464;   37.5;eor
   163;19630101;19630131;   5;   2;    80.8;    183;   2367;   20.2;eor
   163;19630201;19630228;   5;   2;    36.2;     52;   2406;   15.5;eor
   163;19630301;19630331;   5;   2;   152.3;     21;    521;   30.0;eor
   163;19630401;19630430;   5;   2;    61.7;     26;     53;   14.9;eor
   163;19630501;19630531;   5;   2;   110.4;      1;      1;   27.1;eor
   163;19630601;19630630;   5;   2;   186.5;      0;      0;   31.6;eor
   163;19630701;19630731;   5;   2;   135.1;      0;      0;   27.5;eor
   163;19630801;19630831;   5;   2;   263.7;      0;      0;   23.0;eor
   163;19630901;19630930;   5;   2;   127.5;      0;      0;   30.0;eor
   163;19631001;19631031;   5;   2;   127.9;      0;      0;   56.0;eor
   163;19631101;19631130;   5;   2;   174.0;      2;      2;   40.3;eor
   163;19631201;19631231;   5;   2;    32.2;     36;    191;   15.8;eor
   163;19640101;19640131;   5;   2;    53.2;     28;     83;   27.5;eor
   163;19640201;19640229;   5;   2;   131.3;     87;    443;   19.8;eor
   163;19640301;19640331;   5;   2;   118.0;     42;    132;   43.3;eor
   163;19640401;19640430;   5;   2;   175.3;     10;     14;   45.0;eor
   163;19640501;19640531;   5;   2;   283.9;      0;      0;   78.0;eor
   163;19640601;19640630;   5;   2;   167.5;      0;      0;   27.6;eor
   163;19640701;19640731;   5;   2;   157.1;      0;      0;   31.4;eor
   163;19640801;19640831;   5;   2;   210.2;      0;      0;   64.2;eor
   163;19640901;19640930;   5;   2;   138.6;      0;      0;   36.0;eor
   163;19641001;19641031;   5;   2;   314.4;     13;     24;  108.5;eor
   163;19641101;19641130;   5;   2;   233.2;      5;      5;   73.1;eor
   163;19641201;19641231;   5;   2;    88.5;     65;    288;   45.6;eor
   163;19650101;19650131;   5;   2;   152.4;    122;    795;   32.8;eor
   163;19650201;19650228;   5;   2;   146.7;    256;   4599;   23.4;eor
   163;19650301;19650331;   5;   2;   152.3;     48;   3504;   36.1;eor
   163;19650401;19650430;   5;   2;   266.5;     27;     33;   34.2;eor
   163;19650501;19650531;   5;   2;   424.0;      0;      0;   45.0;eor
   163;19650601;19650630;   5;   2;   307.2;      0;      0;   83.1;eor
   163;19650701;19650731;   5;   2;   149.7;      0;      0;   17.3;eor
   163;19650801;19650831;   5;   2;   123.9;      0;      0;   48.3;eor
   163;19650901;19650930;   5;   2;   128.2;      0;      0;   24.2;eor
   163;19651001;19651031;   5;   2;     8.9;      0;      0;    6.7;eor
   163;19651101;19651130;   5;   2;    91.7;     42;     84;   11.0;eor
   163;19651201;19651231;   5;   2;   286.7;     82;    194;   49.6;eor
   163;19660101;19660131;   5;   2;   131.7;     39;    227;   37.1;eor
   163;19660201;19660228;   5;   2;   184.1;      5;      6;   34.7;eor
   163;19660301;19660331;   5;   2;   236.3;     96;    335;   41.5;eor
   163;19660401;19660430;   5;   2;   184.2;      3;      9;   52.6;eor
   163;19660501;19660531;   5;   2;   278.9;      0;      0;   57.5;eor
   163;19660601;19660630;   5;   2;   288.3;      0;      0;   57.0;eor
   163;19660701;19660731;   5;   2;   266.3;      0;      0;   54.8;eor
   163;19660801;19660831;   5;   2;   309.9;      0;      0;   52.7;eor
   163;19660901;19660930;   5;   2;    66.1;      0;      0;   24.5;eor
   163;19661001;19661031;   5;   2;   114.0;     20;     31;   30.5;eor
   163;19661101;19661130;   5;   2;   101.9;     70;    252;   17.8;eor
   163;19661201;19661231;   5;   2;   352.6;    134;    675;   48.2;eor
   163;19670101;19670131;   5;   2;   270.4;    164;   1791;   61.2;eor
   163;19670201;19670228;   5;   2;   175.8;     13;     39;   31.7;eor
   163;19670301;19670331;   5;   2;   252.7;     86;    199;   36.7;eor
   163;19670401;19670430;   5;   2;   276.7;     47;     73;   58.7;eor
   163;19670501;19670531;   5;   2;   209.9;      8;      8;   80.8;eor
   163;19670601;19670630;   5;   2;   170.9;      0;      0;   57.7;eor
   163;19670701;19670731;   5;   2;   106.1;      0;      0;   20.9;eor
   163;19670801;19670831;   5;   2;   100.3;      0;      0;   44.9;eor
   163;19670901;19670930;   5;   2;   116.0;      0;      0;   25.8;eor
   163;19671001;19671031;   5;   2;    80.3;      0;      0;   18.3;eor
   163;19671101;19671130;   5;   2;    65.0;      8;     12;   17.3;eor
   163;19671201;19671231;   5;   2;   186.3;    124;    461;   40.8;eor
   163;19680101;19680131;   5;   2;   291.1;    266;   1797;   41.8;eor
   163;19680201;19680229;   5;   2;    78.1;     11;    104;   37.0;eor
   163;19680301;19680331;   5;   2;   136.4;    182;    299;   30.5;eor
   163;19680401;19680430;   5;   2;    65.9;     17;     21;   15.4;eor
   163;19680501;19680531;   5;   2;   137.6;      0;      0;   42.2;eor
   163;19680601;19680630;   5;   2;   152.7;      0;      0;   36.5;eor
   163;19680701;19680731;   5;   2;   279.9;      0;      0;   71.0;eor
   163;19680801;19680831;   5;   2;   206.7;      0;      0;   51.3;eor
   163;19680901;19680930;   5;   2;   179.2;      0;      0;   27.8;eor
   163;19681001;19681031;   5;   2;   111.7;      0;      0;   51.8;eor
   163;19681101;19681130;   5;   2;    31.8;      8;     13;   21.9;eor
   163;19681201;19681231;   5;   2;    83.7;     58;    254;   29.1;eor
   163;19690101;19690131;   5;   2;   149.3;     76;   1090;   35.5;eor
   163;19690201;19690228;   5;   2;    53.9;     90;    532;    9.6;eor
   163;19690301;19690331;   5;   2;   100.6;     22;     25;   30.7;eor
   163;19690401;19690430;   5;   2;   116.5;     28;     39;   37.5;eor
   163;19690501;19690531;   5;   2;   113.0;      0;      0;   26.4;eor
   163;19690601;19690630;   5;   2;   205.0;      0;      0;   30.0;eor
   163;19690701;19690731;   5;   2;   114.4;      0;      0;   33.4;eor
   163;19690801;19690831;   5;   2;   228.2;      0;      0;   23.9;eor
   163;19690901;19690930;   5;   2;    20.6;      0;      0;    6.2;eor
   163;19691001;19691031;   5;   2;    39.7;      0;      0;   19.4;eor
   163;19691101;19691130;   5;   2;   139.3;     60;    194;   27.8;eor
   163;19691201;19691231;   5;   2;    93.6;    143;   1714;   21.2;eor
   163;19700101;19700131;   5;   2;   102.0;     89;    783;   30.5;eor
   163;19700201;19700228;   5;   2;   417.8;    215;   1108;   79.5;eor
   163;19700301;19700331;   5;   2;   177.9;    211;   2909;   26.1;eor
   163;19700401;19700430;   5;   2;   205.0;     54;    454;   24.2;eor
   163;19700501;19700531;   5;   2;   277.5;     28;     45;   33.6;eor
   163;19700601;19700630;   5;   2;   159.0;      0;      0;   27.0;eor
   163;19700701;19700731;   5;   2;   269.9;      0;      0;   27.8;eor
   163;19700801;19700831;   5;   2;   279.2;      0;      0;   85.7;eor
   163;19700901;19700930;   5;   2;   135.8;      0;      0;   46.7;eor
   163;19701001;19701031;   5;   2;   231.4;     13;     20;   53.2;eor
   163;19701101;19701130;   5;   2;   170.9;     37;    104;   41.0;eor
   163;19701201;19701231;   5;   2;    97.6;   -999;   -999;   20.5;eor
   163;19710101;19710131;   5;   2;     8.3;     16;    453;    5.4;eor
   163;19710201;19710228;   5;   2;   192.2;    202;    819;   24.6;eor
   163;19710301;19710331;   5;   2;   151.4;    191;   2496;   49.2;eor
   163;19710401;19710430;   5;   2;    84.7;      0;     10;   31.4;eor
   163;19710501;19710531;   5;   2;   147.4;      0;      0;   23.1;eor
   163;19710601;19710630;   5;   2;   400.6;      0;      0;   92.7;eor
   163;19710701;19710731;   5;   2;   119.7;      0;      0;   33.4;eor
   163;19710801;19710831;   5;   2;   217.7;      0;      0;   50.8;eor
   163;19710901;19710930;   5;   2;   105.4;      0;      0;   35.5;eor
   163;19711001;19711031;   5;   2;    26.9;      2;      3;   17.6;eor
   163;19711101;19711130;   5;   2;   110.9;     36;    115;   40.8;eor
   163;19711201;19711231;   5;   2;   173.3;     24;     81;   53.3;eor
   163;19720101;19720131;   5;   2;    10.6;     10;     34;    2.0;eor
   163;19720201;19720229;   5;   2;    63.7;     21;     64;   41.0;eor
   163;19720301;19720331;   5;   2;    34.5;      4;      4;   15.7;eor
   163;19720401;19720430;   5;   2;   262.6;     37;     63;   53.2;eor
   163;19720501;19720531;   5;   2;   209.8;      0;      0;   49.5;eor
   163;19720601;19720630;   5;   2;   141.0;      0;      0;   24.7;eor
   163;19720701;19720731;   5;   2;   146.8;      0;      0;   25.6;eor
   163;19720801;19720831;   5;   2;   107.5;      0;      0;   42.3;eor
   163;19720901;19720930;   5;   2;    35.3;      0;      0;   24.2;eor
   163;19721001;19721031;   5;   2;   225.4;     25;     69;   64.7;eor
   163;19721101;19721130;   5;   2;   270.6;     53;    153;   40.0;eor
   163;19721201;19721231;   5;   2;    26.7;      5;     19;   17.1;eor
   163;19730101;19730131;   5;   2;   146.4;     48;    131;   38.0;eor
   163;19730201;19730228;   5;   2;   186.7;    157;    839;   37.1;eor
   163;19730301;19730331;   5;   2;   139.9;     69;   1443;   25.6;eor
   163;19730401;19730430;   5;   2;   214.6;     86;    270;   47.2;eor
   163;19730501;19730531;   5;   2;   137.3;      0;      0;   41.7;eor
   163;19730601;19730630;   5;   2;   171.4;      0;      0;   43.0;eor
   163;19730701;19730731;   5;   2;   126.4;      0;      0;   22.7;eor
   163;19730801;19730831;   5;   2;    80.1;      0;      0;   18.7;eor
   163;19730901;19730930;   5;   2;   112.9;      0;      0;   38.0;eor
   163;19731001;19731031;   5;   2;   158.1;      6;      6;   71.7;eor
   163;19731101;19731130;   5;   2;   338.5;     97;    188;   92.4;eor
   163;19731201;19731231;   5;   2;   261.8;    168;   1466;   55.6;eor
   163;19740101;19740131;   5;   2;   284.0;     31;    397;  137.2;eor
   163;19740201;19740228;   5;   2;    95.8;     52;    149;   21.4;eor
   163;19740301;19740331;   5;   2;    66.9;     23;    142;   18.0;eor
   163;19740401;19740430;   5;   2;    95.8;     19;     38;   38.1;eor
   163;19740501;19740531;   5;   2;   249.1;      0;      0;   65.4;eor
   163;19740601;19740630;   5;   2;   274.2;      0;      0;   64.2;eor
   163;19740701;19740731;   5;   2;   281.7;      0;      0;   64.4;eor
   163;19740801;19740831;   5;   2;   182.8;      0;      0;   68.2;eor
   163;19740901;19740930;   5;   2;   167.1;      0;      0;   44.4;eor
   163;19741001;19741031;   5;   2;   264.8;     53;     83;   32.6;eor
   163;19741101;19741130;   5;   2;   222.6;     74;    253;   61.1;eor
   163;19741201;19741231;   5;   2;   564.2;    142;    724;  145.5;eor
   163;19750101;19750131;   5;   2;   248.9;     41;    180;   71.5;eor
   163;19750201;19750228;   5;   2;    32.6;     28;    109;   13.0;eor
   163;19750301;19750331;   5;   2;   128.0;     85;    139;   30.2;eor
   163;19750401;19750430;   5;   2;   180.6;     40;    142;   41.0;eor
   163;19750501;19750531;   5;   2;   108.7;      0;      0;   15.3;eor
   163;19750601;19750630;   5;   2;   218.9;      0;      0;   35.8;eor
   163;19750701;19750731;   5;   2;   287.2;      0;      0;   48.3;eor
   163;19750801;19750831;   5;   2;   238.7;      0;      0;   58.8;eor
   163;19750901;19750930;   5;   2;    52.3;      0;      0;   14.5;eor
   163;19751001;19751031;   5;   2;    71.1;      0;      0;   19.0;eor
   163;19751101;19751130;   5;   2;   135.0;     34;    126;   65.0;eor
   163;19751201;19751231;   5;   2;    51.3;     41;    160;   12.2;eor
   163;19760101;19760131;   5;   2;   340.6;    135;    616;   38.0;eor
   163;19760201;19760229;   5;   2;    21.7;     19;    555;   14.3;eor
   163;19760301;19760331;   5;   2;    59.4;      5;      5;   26.3;eor
   163;19760401;19760430;   5;   2;    92.6;     15;     20;   21.6;eor
   163;19760501;19760531;   5;   2;   300.0;      0;      0;   79.9;eor
   163;19760601;19760630;   5;   2;   170.2;      0;      0;   55.8;eor
   163;19760701;19760731;   5;   2;   168.2;      0;      0;   29.3;eor
   163;19760801;19760831;   5;   2;   211.5;      0;      0;   45.5;eor
   163;19760901;19760930;   5;   2;   163.2;      0;      0;   43.0;eor
   163;19761001;19761031;   5;   2;    68.9;      0;      0;   23.2;eor
   163;19761101;19761130;   5;   2;   209.9;     59;    136;   46.0;eor
   163;19761201;19761231;   5;   2;   140.0;    132;   1023;   27.8;eor
   163;19770101;19770131;   5;   2;   154.8;    141;   1536;   30.5;eor
   163;19770201;19770228;   5;   2;   226.2;     25;    165;   38.4;eor
   163;19770301;19770331;   5;   2;   136.6;     34;    131;   39.8;eor
   163;19770401;19770430;   5;   2;   277.0;     72;    195;   59.0;eor
   163;19770501;19770531;   5;   2;    87.3;      0;      0;   19.0;eor
   163;19770601;19770630;   5;   2;   151.5;      0;      0;   38.7;eor
   163;19770701;19770731;   5;   2;   161.4;      0;      0;   73.1;eor
   163;19770801;19770831;   5;   2;   272.8;      0;      0;   62.6;eor
   163;19770901;19770930;   5;   2;    87.1;      0;      0;   27.0;eor
   163;19771001;19771031;   5;   2;    48.9;      0;      0;   14.0;eor
   163;19771101;19771130;   5;   2;   179.3;    105;    253;   26.0;eor
   163;19771201;19771231;   5;   2;   198.6;     67;    376;   43.6;eor
   163;19780101;19780131;   5;   2;    82.6;    114;    472;   19.8;eor
   163;19780201;19780228;   5;   2;    78.8;    136;   1185;   19.6;eor
   163;19780301;19780331;   5;   2;   197.4;     64;    204;   59.0;eor
   163;19780401;19780430;   5;   2;    38.5;     30;     42;    7.3;eor
   163;19780501;19780531;   5;   2;   209.4;      1;      1;   69.0;eor
   163;19780601;19780630;   5;   2;   186.7;      0;      0;   46.0;eor
   163;19780701;19780731;   5;   2;   156.7;      0;      0;   26.8;eor
   163;19780801;19780831;   5;   2;   192.2;      0;      0;   42.8;eor
   163;19780901;19780930;   5;   2;   327.4;      0;      0;   56.2;eor
   163;19781001;19781031;   5;   2;   177.0;      1;      1;   50.4;eor
   163;19781101;19781130;   5;   2;    41.2;     42;     85;   18.7;eor
   163;19781201;19781231;   5;   2;    53.4;     19;    226;   17.5;eor
   163;19790101;19790131;   5;   2;   137.6;    121;    741;   21.4;eor
   163;19790201;19790228;   5;   2;    80.5;     41;    279;   19.0;eor
   163;19790301;19790331;   5;   2;   305.9;     67;    113;   84.0;eor
   163;19790401;19790430;   5;   2;   181.2;     62;    283;   46.8;eor
   163;19790501;19790531;   5;   2;    93.3;     27;     31;   27.6;eor
   163;19790601;19790630;   5;   2;   269.9;      0;      0;   76.5;eor
   163;19790701;19790731;   5;   2;   171.4;      0;      0;   27.6;eor
   163;19790801;19790831;   5;   2;   181.2;      0;      0;   33.6;eor
   163;19790901;19790930;   5;   2;   129.8;      0;      0;   31.2;eor
   163;19791001;19791031;   5;   2;    34.7;      0;      0;    7.6;eor
   163;19791101;19791130;   5;   2;   345.0;     63;    212;   92.3;eor
   163;19791201;19791231;   5;   2;   132.6;     29;     52;   26.4;eor
   163;19800101;19800131;   5;   2;   126.9;     98;    893;   14.7;eor
   163;19800201;19800229;   5;   2;   135.1;     16;    115;   37.7;eor
   163;19800301;19800331;   5;   2;   124.1;     35;     55;   28.1;eor
   163;19800401;19800430;   5;   2;   364.8;    170;    624;   62.3;eor
   163;19800501;19800531;   5;   2;    75.9;      0;     72;   12.7;eor
   163;19800601;19800630;   5;   2;   221.2;      0;      0;   28.5;eor
   163;19800701;19800731;   5;   2;   228.9;      0;      0;   45.9;eor
   163;19800801;19800831;   5;   2;   119.8;      0;      0;   41.8;eor
   163;19800901;19800930;   5;   2;   138.4;      0;      0;   38.1;eor
   163;19801001;19801031;   5;   2;   217.2;      0;      0;   33.1;eor
   163;19801101;19801130;   5;   2;   103.2;     48;     81;   14.0;eor
   163;19801201;19801231;   5;   2;   195.5;   -999;   -999;   43.6;eor
   163;19810101;19810131;  10;   2;   322.3;    392;   2825;   45.1;eor
   163;19810201;19810228;  10;   2;   132.4;     53;   1277;   47.8;eor
   163;19810301;19810331;  10;   2;   172.6;     18;     66;   40.4;eor
   163;19810401;19810430;  10;   2;    64.4;      0;      0;   32.1;eor
   163;19810501;19810531;  10;   2;    96.6;      0;      0;   39.8;eor
   163;19810601;19810630;  10;   2;   155.8;      0;      0;   67.9;eor
   163;19810701;19810731;  10;   2;   344.0;      0;      0;  126.1;eor
   163;19810801;19810831;  10;   2;   155.3;      0;      0;   30.1;eor
   163;19810901;19810930;  10;   2;   116.6;      0;      0;   34.5;eor
   163;19811001;19811031;  10;   2;   271.8;     12;     24;   43.8;eor
   163;19811101;19811130;  10;   2;   275.6;     93;    188;   66.7;eor
   163;19811201;19811231;  10;   2;   139.8;    126;   1360;   22.2;eor
   163;19820101;19820131;  10;   2;   338.7;    112;   1984;   77.8;eor
   163;19820201;19820228;  10;   2;    27.8;     16;    505;   15.3;eor
   163;19820301;19820331;  10;   2;    87.8;     67;    289;   32.8;eor
   163;19820401;19820430;  10;   2;   105.7;     21;     31;   33.6;eor
   163;19820501;19820531;  10;   2;   171.1;      2;      4;   43.2;eor
   163;19820601;19820630;  10;   2;   215.0;      0;      0;   28.5;eor
   163;19820701;19820731;  10;   2;   200.7;      0;      0;   51.3;eor
   163;19820801;19820831;  10;   2;   115.8;      0;      0;   22.2;eor
   163;19820901;19820930;  10;   2;    42.5;      0;      0;   10.8;eor
   163;19821001;19821031;  10;   2;    96.0;      0;      0;   33.1;eor
   163;19821101;19821130;  10;   2;   100.3;     14;     31;   34.1;eor
   163;19821201;19821231;  10;   2;   120.6;     38;    154;   16.1;eor
   163;19830101;19830131;  10;   2;   335.0;     40;    143;   62.3;eor
   163;19830201;19830228;  10;   2;    56.4;     56;    527;   10.1;eor
   163;19830301;19830331;  10;   2;    58.7;     15;     25;   15.1;eor
   163;19830401;19830430;  10;   2;    96.4;     20;     37;   16.3;eor
   163;19830501;19830531;  10;   2;   151.5;      0;      0;   41.3;eor
   163;19830601;19830630;  10;   2;   331.6;      0;      0;   51.3;eor
   163;19830701;19830731;  10;   2;    67.2;      0;      0;   28.6;eor
   163;19830801;19830831;  10;   2;   207.6;      0;      0;   51.8;eor
   163;19830901;19830930;  10;   2;   118.0;      0;      0;   29.1;eor
   163;19831001;19831031;  10;   2;    95.8;      0;      0;   28.7;eor
   163;19831101;19831130;  10;   2;    69.4;     14;     19;   23.3;eor
   163;19831201;19831231;  10;   2;   136.7;     60;    538;   52.1;eor
   163;19840101;19840131;  10;   2;    83.4;     72;    657;   10.8;eor
   163;19840201;19840229;  10;   2;   128.0;     77;   1188;   33.6;eor
   163;19840301;19840331;  10;   2;    66.5;     65;   1042;   14.8;eor
   163;19840401;19840430;  10;   2;    70.2;     12;     21;   24.6;eor
   163;19840501;19840531;  10;   2;   136.2;      0;      0;   20.6;eor
   163;19840601;19840630;  10;   2;   139.7;      0;      0;   31.1;eor
   163;19840701;19840731;  10;   2;   224.3;      0;      0;   35.2;eor
   163;19840801;19840831;  10;   2;   131.6;      0;      0;   31.8;eor
   163;19840901;19840930;  10;   2;   250.7;      0;      0;   44.8;eor
   163;19841001;19841031;  10;   2;    62.4;      0;      0;   27.0;eor
   163;19841101;19841130;  10;   2;    43.6;      0;      0;   23.1;eor
   163;19841201;19841231;  10;   2;    61.0;     25;     90;   15.1;eor
   163;19850101;19850131;  10;   2;   153.0;     90;   1415;   53.4;eor
   163;19850201;19850228;  10;   2;   247.2;     84;    569;   48.8;eor
   163;19850301;19850331;  10;   2;    69.1;     59;    258;   27.1;eor
   163;19850401;19850430;  10;   2;   192.4;     26;     32;   52.1;eor
   163;19850501;19850531;  10;   2;   125.5;      5;      9;   20.1;eor
   163;19850601;19850630;  10;   2;   271.1;      0;      0;   42.5;eor
   163;19850701;19850731;  10;   2;   178.0;      0;      0;   62.8;eor
   163;19850801;19850831;  10;   2;   410.8;      0;      0;   91.6;eor
   163;19850901;19850930;  10;   2;   120.7;      0;      0;   30.4;eor
   163;19851001;19851031;  10;   2;    59.0;      0;      0;   16.2;eor
   163;19851101;19851130;  10;   2;   121.6;     64;    270;   24.1;eor
   163;19851201;19851231;  10;   2;   176.4;     32;     76;   47.3;eor
   163;19860101;19860131;  10;   2;   293.6;   -999;   -999;   45.5;eor
   163;19860201;19860228;  10;   2;    30.0;     46;    533;   12.1;eor
   163;19860301;19860331;  10;   2;   149.7;     55;    205;   58.1;eor
   163;19860401;19860430;  10;   2;    84.5;     33;     68;   20.1;eor
   163;19860501;19860531;  10;   2;   149.3;      0;      0;   23.9;eor
   163;19860601;19860630;  10;   2;   129.6;      0;      0;   29.8;eor
   163;19860701;19860731;  10;   2;   168.1;      0;      0;   27.2;eor
   163;19860801;19860831;  10;   2;   134.1;      0;      0;   33.1;eor
   163;19860901;19860930;  10;   2;    68.5;      0;      0;   18.1;eor
   163;19861001;19861031;  10;   2;   136.9;      0;      0;   25.4;eor
   163;19861101;19861130;  10;   2;    95.0;      0;      0;   37.8;eor
   163;19861201;19861231;  10;   2;   218.7;    103;    399;   41.2;eor
   163;19870101;19870131;  10;   2;   130.4;     99;   1267;   45.3;eor
   163;19870201;19870228;  10;   2;   221.0;     31;    521;   51.1;eor
   163;19870301;19870331;  10;   2;   161.4;     90;    561;   50.1;eor
   163;19870401;19870430;  10;   2;   116.5;     10;     32;   30.1;eor
   163;19870501;19870531;  10;   2;   268.2;      3;      3;   31.2;eor
   163;19870601;19870630;  10;   2;   228.2;      0;      0;   38.1;eor
   163;19870701;19870731;  10;   2;   214.8;      0;      0;   44.5;eor
   163;19870801;19870831;  10;   2;   216.3;      0;      0;   41.3;eor
   163;19870901;19870930;  10;   2;   136.3;      0;      0;   30.2;eor
   163;19871001;19871031;  10;   2;    46.7;      0;      0;   15.8;eor
   163;19871101;19871130;  10;   2;   211.4;     18;     46;   36.1;eor
   163;19871201;19871231;  10;   2;   224.4;      4;     17;   45.9;eor
   163;19880101;19880131;  10;   2;   151.7;     35;     73;   26.8;eor
   163;19880201;19880229;  10;   2;    78.2;    130;    744;   19.3;eor
   163;19880301;19880331;  10;   2;   219.2;    153;   3000;   39.8;eor
   163;19880401;19880430;  10;   2;    81.3;      2;     54;   23.9;eor
   163;19880501;19880531;  10;   2;   127.3;      0;      0;   30.1;eor
   163;19880601;19880630;  10;   2;   130.8;      0;      0;   35.1;eor
   163;19880701;19880731;  10;   2;   192.3;      0;      0;   33.4;eor
   163;19880801;19880831;  10;   2;   204.3;      0;      0;   38.8;eor
   163;19880901;19880930;  10;   2;   112.8;      0;      0;   37.8;eor
   163;19881001;19881031;  10;   2;    88.9;      0;      0;   26.8;eor
   163;19881101;19881130;  10;   2;   139.9;     43;    153;   26.8;eor
   163;19881201;19881231;  10;   2;   229.9;    122;    517;   46.8;eor
   163;19890101;19890131;  10;   2;    75.7;     11;     29;   25.6;eor
   163;19890201;19890228;  10;   2;    62.8;     23;     64;   13.4;eor
   163;19890301;19890331;  10;   2;    95.4;      4;      4;   31.1;eor
   163;19890401;19890430;  10;   2;   157.8;      0;      0;   36.1;eor
   163;19890501;19890531;  10;   2;   107.8;      0;      0;   24.3;eor
   163;19890601;19890630;  10;   2;   134.4;      0;      0;   18.8;eor
   163;19890701;19890731;  10;   2;   195.8;      0;      0;   29.1;eor
   163;19890801;19890831;  10;   2;   176.8;      0;      0;   43.2;eor
   163;19890901;19890930;  10;   2;   175.6;      0;      0;   37.3;eor
   163;19891001;19891031;  10;   2;    87.1;      0;      0;   13.1;eor
   163;19891101;19891130;  10;   2;    73.2;     13;     34;   19.1;eor
   163;19891201;19891231;  10;   2;    79.1;      7;     11;   23.1;eor
   163;19900101;19900131;  10;   2;    40.5;      0;      0;   10.2;eor
   163;19900201;19900228;  10;   2;   274.3;     38;     78;   72.3;eor
   163;19900301;19900331;  10;   2;   107.7;     26;     64;   22.9;eor
   163;19900401;19900430;  10;   2;   189.6;      5;      5;   44.3;eor
   163;19900501;19900531;  10;   2;    53.7;      0;      0;   21.8;eor
   163;19900601;19900630;  10;   2;   266.1;      0;      0;   51.3;eor
   163;19900701;19900731;  10;   2;   292.3;      0;      0;   69.1;eor
   163;19900801;19900831;  10;   2;   111.4;      0;      0;   21.1;eor
   163;19900901;19900930;  10;   2;   169.7;      0;      0;   23.2;eor
   163;19901001;19901031;  10;   2;   145.9;      0;      0;   28.1;eor
   163;19901101;19901130;  10;   2;   179.3;     39;    112;   42.1;eor
   163;19901201;19901231;  10;   2;    55.6;     69;    732;   12.1;eor
   163;19910101;19910131;   9;   2;    46.8;     19;    109;   13.9;eor
   163;19910201;19910228;   9;   2;    26.9;     38;    282;    8.9;eor
   163;19910301;19910331;   9;   2;    63.7;     11;     30;   17.8;eor
   163;19910401;19910430;   9;   2;    57.5;     38;     65;   15.2;eor
   163;19910501;19910531;   9;   2;   224.0;      2;      0;   44.9;eor
   163;19910601;19910630;   9;   2;   221.4;      0;      0;   53.1;eor
   163;19910701;19910731;   9;   2;   248.3;      0;      0;   77.2;eor
   163;19910801;19910831;   9;   2;   200.3;      0;      0;   86.2;eor
   163;19910901;19910930;   9;   2;    55.4;      0;      0;   15.8;eor
   163;19911001;19911031;   9;   2;    60.4;      1;      1;   18.2;eor
   163;19911101;19911130;   9;   2;   127.8;     40;    150;   23.9;eor
   163;19911201;19911231;   9;   2;   128.1;     60;    246;   43.2;eor
   163;19920101;19920131;   9;   2;    16.4;     13;     96;    6.8;eor
   163;19920201;19920229;   9;   2;   213.1;    134;    306;   46.3;eor
   163;19920301;19920331;   9;   2;   250.9;    131;    309;   43.4;eor
   163;19920401;19920430;   9;   2;   110.3;      7;      8;   33.2;eor
   163;19920501;19920531;   9;   2;    17.3;      0;      0;   14.8;eor
   163;19920601;19920630;   9;   2;   138.6;      0;      0;   33.8;eor
   163;19920701;19920731;   9;   2;   135.8;      0;      0;   21.8;eor
   163;19920801;19920831;   9;   2;   137.9;      0;      0;   38.7;eor
   163;19920901;19920930;   9;   2;   166.3;      0;      0;   37.7;eor
   163;19921001;19921031;   9;   2;   167.3;      7;      7;   37.5;eor
   163;19921101;19921130;   9;   2;   358.0;     19;     38;   61.2;eor
   163;19921201;19921231;   9;   2;   123.2;     44;    450;   58.1;eor
   163;19930101;19930131;   9;   2;   209.8;     59;    221;   44.3;eor
   163;19930201;19930228;   9;   2;   114.9;    118;   1087;   31.3;eor
   163;19930301;19930331;   9;   2;   156.7;     69;    366;   39.1;eor
   163;19930401;19930430;   9;   2;   140.3;     12;      0;   27.8;eor
   163;19930501;19930531;   9;   2;   109.3;      0;      0;   32.2;eor
   163;19930601;19930630;   9;   2;   184.2;      0;      0;   30.5;eor
   163;19930701;19930731;   9;   2;   353.9;      0;      0;   47.1;eor
   163;19930801;19930831;   9;   2;   240.2;      0;      0;   48.1;eor
   163;19930901;19930930;   9;   2;   130.2;      0;      0;   24.1;eor
   163;19931001;19931031;   9;   2;    81.8;      5;      5;   18.9;eor
   163;19931101;19931130;   9;   2;    59.1;     50;    426;   30.0;eor
   163;19931201;19931231;   9;   2;   254.2;   -999;   -999;   37.2;eor
   163;19940101;19940131;   9;   2;   244.9;     70;    205;   55.1;eor
   163;19940201;19940228;   9;   2;    58.5;     33;    288;   14.8;eor
   163;19940301;19940331;   9;   2;   297.3;     19;     21;   25.1;eor
   163;19940401;19940430;   9;   2;   362.9;   -999;   -999;   81.2;eor
   163;19940501;19940531;   9;   2;   205.5;      0;      0;   69.8;eor
   163;19940601;19940630;   9;   2;   181.2;      0;      0;   47.5;eor
   163;19940701;19940731;   9;   2;    46.3;      0;      0;   18.2;eor
   163;19940801;19940831;   9;   2;   152.9;      0;      0;   23.8;eor
   163;19940901;19940930;   9;   2;    95.2;      0;      0;   17.6;eor
   163;19941001;19941031;   9;   2;    94.3;      4;      4;   45.1;eor
   163;19941101;19941130;   9;   2;   240.0;      0;      0;   61.1;eor
   163;19941201;19941231;   9;   2;   194.0;     79;    227;   25.1;eor
   163;19950101;19950131;   9;   2;   251.0;    233;   1450;   45.1;eor
   163;19950201;19950228;   9;   2;   174.2;     38;     82;   21.3;eor
   163;19950301;19950331;   9;   2;   290.0;    186;    353;   33.2;eor
   163;19950401;19950430;   9;   2;   243.8;     21;     79;   92.3;eor
   163;19950501;19950531;   9;   2;   221.7;      0;      0;   83.2;eor
   163;19950601;19950630;   9;   2;   374.3;      0;      0;   74.3;eor
   163;19950701;19950731;   9;   2;   117.2;      0;      0;   32.9;eor
   163;19950801;19950831;   9;   2;   360.5;      0;      0;   71.2;eor
   163;19950901;19950930;   9;   2;   234.2;      0;      0;   98.2;eor
   163;19951001;19951031;   9;   2;    25.1;      0;      0;   16.1;eor
   163;19951101;19951130;   9;   2;   220.3;    102;    468;   44.3;eor
   163;19951201;19951231;   9;   2;   182.2;     96;    456;   63.4;eor
   163;19960101;19960131;   9;   2;    16.2;     14;    240;    9.8;eor
   163;19960201;19960229;   9;   2;    75.9;     92;    281;   30.1;eor
   163;19960301;19960331;   9;   2;   117.0;     90;    520;   18.1;eor
   163;19960401;19960430;   9;   2;    77.6;     71;    130;    9.8;eor
   163;19960501;19960531;   9;   2;   224.3;      0;      0;   39.1;eor
   163;19960601;19960630;   9;   2;   155.2;      0;      0;   59.8;eor
   163;19960701;19960731;   9;   2;   218.8;      0;      0;   78.2;eor
   163;19960801;19960831;   9;   2;   176.4;      0;      0;   43.2;eor
   163;19960901;19960930;   9;   2;   398.3;      0;      0;   93.2;eor
   163;19961001;19961031;   9;   2;   242.6;      0;      0;   53.2;eor
   163;19961101;19961130;   9;   2;   180.3;     63;    126;   28.2;eor
   163;19961201;19961231;   9;   2;    49.2;     25;    211;   13.4;eor
   163;19970101;19970131;   9;   2;     6.3;      1;     31;    2.2;eor
   163;19970201;19970228;   9;   2;   157.8;     22;     32;   33.4;eor
   163;19970301;19970331;   9;   2;   292.9;     59;    112;   44.1;eor
   163;19970401;19970430;   9;   2;   234.8;     47;     64;   74.1;eor
   163;19970501;19970531;   9;   2;   118.8;      0;      0;   28.1;eor
   163;19970601;19970630;   9;   2;   200.8;      0;      0;   28.1;eor
   163;19970701;19970731;   9;   2;   393.7;      0;      0;  115.2;eor
   163;19970801;19970831;   9;   2;   219.6;      0;      0;  106.2;eor
   163;19970901;19970930;   9;   2;    69.3;      0;      0;   21.3;eor
   163;19971001;19971031;   9;   2;   304.1;      3;      3;   63.2;eor
   163;19971101;19971130;   9;   2;    97.7;      4;      7;   27.3;eor
   163;19971201;19971231;   9;   2;   163.4;     34;     87;   43.1;eor
   163;19980101;19980131;   9;   2;   122.4;     35;    273;   23.4;eor
   163;19980201;19980228;   9;   2;    44.9;      4;    195;   14.1;eor
   163;19980301;19980331;   9;   2;   304.0;    107;    318;   48.1;eor
   163;19980401;19980430;   9;   2;    96.6;     17;     17;   19.2;eor
   163;19980501;19980531;   9;   2;   100.9;      0;      0;   32.1;eor
   163;19980601;19980630;   9;   2;   233.9;      0;      0;   83.1;eor
   163;19980701;19980731;   9;   2;   270.2;      0;      0;   38.1;eor
   163;19980801;19980831;   9;   2;   114.7;      0;      0;   31.1;eor
   163;19980901;19980930;   9;   2;   291.6;      0;      0;   57.1;eor
   163;19981001;19981031;   9;   2;   218.0;      3;      3;   30.2;eor
   163;19981101;19981130;   9;   2;   283.6;    158;   1197;   47.8;eor
   163;19981201;19981231;   9;   2;   138.7;    178;   1069;   20.2;eor
   163;19990101;19990131;   9;   2;   140.5;    122;    231;   29.7;eor
   163;19990201;19990228;   9;   2;   561.8;    354;   2786;  156.7;eor
   163;19990301;19990331;   9;   2;   183.7;     43;    186;   49.2;eor
   163;19990401;19990430;   9;   2;   202.5;      1;      2;   52.5;eor
   163;19990501;19990531;   9;   2;   329.3;      0;      0;   77.5;eor
   163;19990601;19990630;   9;   2;   136.6;      0;      0;   32.6;eor
   163;19990701;19990731;   9;   2;   233.1;      0;      0;   51.7;eor
   163;19990801;19990831;   9;   2;   164.3;      0;      0;   27.5;eor
   163;19990901;19990930;   9;   2;    87.6;      0;      0;   21.6;eor
   163;19991001;19991031;   9;   2;   115.4;      0;      0;   27.2;eor
   163;19991101;19991130;   9;   2;   199.2;    176;    495;   44.6;eor
   163;19991201;19991231;   9;   2;   275.7;    233;    493;   67.2;eor
   163;20000101;20000131;   9;   2;   210.2;    146;   1161;   51.8;eor
   163;20000201;20000229;   9;   2;   275.6;    131;    436;   44.6;eor
   163;20000301;20000331;   9;   2;   419.5;    193;    482;  105.7;eor
   163;20000401;20000430;   9;   2;    46.9;      0;      0;   24.2;eor
   163;20000501;20000531;   9;   2;   182.1;      0;      0;   24.2;eor
   163;20000601;20000630;   9;   2;   107.7;      0;      0;   23.7;eor
   163;20000701;20000731;   9;   2;   229.7;      0;      0;   30.9;eor
   163;20000801;20000831;   9;   2;   209.3;      0;      0;   43.8;eor
   163;20000901;20000930;   9;   2;   172.9;      0;      0;   35.9;eor
   163;20001001;20001031;   9;   2;   144.6;      0;      0;   30.2;eor
   163;20001101;20001130;   9;   2;    59.8;      0;      0;   10.4;eor
   163;20001201;20001231;   9;   2;   127.8;     67;    266;   40.8;eor
   163;20010101;20010131;   9;   2;    61.6;     40;    134;   18.9;eor
   163;20010201;20010228;   9;   2;   218.2;    239;    679;   59.8;eor
   163;20010301;20010331;   9;   2;   209.1;      8;    292;   23.8;eor
   163;20010401;20010430;   9;   2;   205.2;     23;     23;   50.7;eor
   163;20010501;20010531;   9;   2;   102.1;      0;      0;   30.9;eor
   163;20010601;20010630;   9;   2;   357.5;      0;      0;   69.1;eor
   163;20010701;20010731;   9;   2;    94.0;      0;      0;   31.7;eor
   163;20010801;20010831;   9;   2;   181.0;      0;      0;   30.7;eor
   163;20010901;20010930;   9;   2;   325.7;      0;      0;   61.5;eor
   163;20011001;20011031;   9;   2;    63.5;      0;      0;   18.7;eor
   163;20011101;20011130;   9;   2;   240.2;    117;    221;   36.2;eor
   163;20011201;20011231;   9;   2;   363.3;    401;   2048;   88.5;eor
   163;20020101;20020131;   9;   2;    61.9;      1;    831;   30.8;eor
   163;20020201;20020228;   9;   2;   232.1;    102;    131;   44.2;eor
   163;20020301;20020331;   9;   2;   216.2;     18;     36;   85.5;eor
   163;20020401;20020430;   9;   2;    91.0;      0;      0;   28.1;eor
   163;20020501;20020531;   9;   2;    84.1;      0;      0;   28.6;eor
   163;20020601;20020630;   9;   2;    97.8;      0;      0;   20.4;eor
   163;20020701;20020731;   9;   2;   159.6;      0;      0;   26.6;eor
   163;20020801;20020831;   9;   2;   465.6;      0;      0;  132.2;eor
   163;20020901;20020930;   9;   2;   276.0;      0;      0;   48.6;eor
   163;20021001;20021031;   9;   2;   196.3;      0;      0;   41.7;eor
   163;20021101;20021130;   9;   2;   243.5;      8;      8;   41.3;eor
   163;20021201;20021231;   9;   2;   177.7;      5;      9;   35.8;eor
   163;20030101;20030131;   9;   2;   206.9;    183;    504;   36.8;eor
   163;20030201;20030228;   9;   2;    78.4;    172;   1764;   21.8;eor
   163;20030301;20030331;   9;   2;    91.7;      0;      6;   22.7;eor
   163;20030401;20030430;   9;   2;    89.7;     41;     91;   23.6;eor
   163;20030501;20030531;   9;   2;   149.4;      0;      0;   39.2;eor
   163;20030601;20030630;   9;   2;   124.3;      0;      0;   29.8;eor
   163;20030701;20030731;   9;   2;   126.3;      0;      0;   28.7;eor
   163;20030801;20030831;   9;   2;   106.7;      0;      0;   22.1;eor
   163;20030901;20030930;   9;   2;   161.5;      0;      0;   38.7;eor
   163;20031001;20031031;   9;   2;   208.5;     23;     57;   52.2;eor
   163;20031101;20031130;   9;   2;    48.1;      3;      3;   18.5;eor
   163;20031201;20031231;   9;   2;   148.9;     72;    246;   29.8;eor
   163;20040101;20040131;   9;   2;   241.7;    311;   1478;   23.9;eor
   163;20040201;20040229;   9;   2;   127.1;    135;    611;   32.4;eor
   163;20040301;20040331;   9;   2;   123.4;    148;   1085;   32.4;eor
   163;20040401;20040430;   9;   2;    67.0;      4;      4;   10.4;eor
   163;20040501;20040531;   9;   2;   174.1;      0;      0;   26.7;eor
   163;20040601;20040630;   9;   2;   261.3;      0;      0;   57.6;eor
   163;20040701;20040731;   9;   2;   197.8;      0;      0;   32.8;eor
   163;20040801;20040831;   9;   2;   157.7;      0;      0;   35.7;eor
   163;20040901;20040930;   9;   2;   219.0;      0;      0;   44.9;eor
   163;20041001;20041031;   9;   2;    72.6;      0;      0;   16.5;eor
   163;20041101;20041130;   9;   2;   135.3;     67;    132;   22.8;eor
   163;20041201;20041231;   9;   2;    65.9;     65;    163;   13.9;eor
   163;20050101;20050131;   9;   2;   232.6;    156;    657;   43.8;eor
   163;20050201;20050228;   9;   2;   204.6;    315;   2463;   36.1;eor
   163;20050301;20050331;   9;   2;   123.2;    165;   1783;   34.1;eor
   163;20050401;20050430;   9;   2;   168.2;      6;      6;   74.1;eor
   163;20050501;20050531;   9;   2;   249.3;      0;      0;   59.9;eor
   163;20050601;20050630;   9;   2;   176.3;      0;      0;   82.5;eor
   163;20050701;20050731;   9;   2;   270.8;      0;      0;   38.2;eor
   163;20050801;20050831;   9;   2;   204.6;      0;      0;   47.8;eor
   163;20050901;20050930;   9;   2;   116.0;      0;      0;   23.8;eor
   163;20051001;20051031;   9;   2;    22.1;      0;      0;    9.8;eor
   163;20051101;20051130;   9;   2;   118.7;    127;    670;   27.5;eor
   163;20051201;20051231;   9;   2;   179.1;    209;   1951;   28.8;eor
   163;20060101;20060131;   9;   2;    91.1;    183;   3061;   16.8;eor
   163;20060201;20060228;   9;   2;   135.9;    185;   2313;   28.2;eor
   163;20060301;20060331;   9;   2;   229.7;    207;   1811;   38.6;eor
   163;20060401;20060430;   9;   2;   171.0;     75;    127;   35.9;eor
   163;20060501;20060531;   9;   2;   232.2;      0;      0;   37.7;eor
   163;20060601;20060630;   9;   2;   229.0;      0;      0;   75.5;eor
   163;20060701;20060731;   9;   2;    75.0;      0;      0;   25.5;eor
   163;20060801;20060831;   9;   2;   337.0;      0;      0;   70.8;eor
   163;20060901;20060930;   9;   2;   117.7;      0;      0;   50.5;eor
   163;20061001;20061031;   9;   2;    86.7;      0;      0;   22.5;eor
   163;20061101;20061130;   9;   2;   173.1;     37;     62;   30.8;eor
   163;20061201;20061231;   9;   2;    55.0;      6;      9;   23.4;eor
   163;20070101;20070131;   9;   2;   111.7;     57;    156;   21.4;eor
   163;20070201;20070228;   9;   2;   152.7;     10;     10;   21.6;eor
   163;20070301;20070331;   9;   2;   116.5;     56;    191;   22.8;eor
   163;20070401;20070430;   9;   2;    13.6;      0;      0;    6.0;eor
   163;20070501;20070531;   9;   2;   344.1;      0;      0;   63.8;eor
   163;20070601;20070630;   9;   2;   123.7;      0;      0;   28.2;eor
   163;20070701;20070731;   9;   2;   212.1;      0;      0;   36.8;eor
   163;20070801;20070831;   9;   2;   178.9;      0;      0;   55.0;eor
   163;20070901;20070930;   9;   2;   330.3;      0;      0;   80.5;eor
   163;20071001;20071031;   9;   2;    91.2;     42;    101;   16.5;eor
   163;20071101;20071130;   9;   2;   303.3;    192;    989;   50.4;eor
   163;20071201;20071231;   9;   2;   154.2;     93;    802;   26.7;eor
   163;20080101;20080131;   9;   2;    80.9;     25;    208;   19.9;eor
   163;20080201;20080229;   9;   2;    61.9;      8;      8;   16.4;eor
   163;20080301;20080331;   9;   2;   271.6;    113;    195;   72.4;eor
   163;20080401;20080430;   9;   2;   179.2;     13;     13;   30.4;eor
   163;20080501;20080531;   9;   2;    39.9;      0;      0;   10.8;eor
   163;20080601;20080630;   9;   2;   132.8;      0;      0;   24.2;eor
   163;20080701;20080731;   9;   2;   145.2;      0;      0;   26.2;eor
   163;20080801;20080831;   9;   2;   186.6;      0;      0;   59.8;eor
   163;20080901;20080930;   9;   2;    84.0;      0;      0;   21.8;eor
   163;20081001;20081031;   9;   2;    86.7;      0;      0;   28.5;eor
   163;20081101;20081130;   9;   2;   141.9;     35;    136;   48.6;eor
   163;20081201;20081231;   9;   2;   152.6;     40;    101;   50.2;eor
   163;20090101;20090131;   9;   2;    30.3;     41;    130;   10.7;eor
   163;20090201;20090228;   9;   2;   265.6;    355;   1837;   31.8;eor
   163;20090301;20090331;   9;   2;   277.7;    219;   2029;   33.8;eor
   163;20090401;20090430;   9;   2;    29.0;      0;    110;    9.1;eor
   163;20090501;20090531;   9;   2;   192.8;      0;      0;   21.6;eor
   163;20090601;20090630;   9;   2;   384.9;      0;      0;   65.6;eor
   163;20090701;20090731;   9;   2;   255.8;      0;      0;   48.9;eor
   163;20090801;20090831;   9;   2;   181.8;      0;      0;   57.8;eor
   163;20090901;20090930;   9;   2;   129.1;      0;      0;   24.8;eor
   163;20091001;20091031;   9;   2;   163.6;     33;     40;   26.8;eor
   163;20091101;20091130;   9;   2;   100.5;      0;      0;   30.5;eor
   163;20091201;20091231;   9;   2;   145.2;     62;    282;   29.3;eor
   163;20100101;20100131;   9;   2;    98.9;    113;    701;   23.9;eor
   163;20100201;20100228;   9;   2;    71.7;     79;   1326;   26.8;eor
   163;20100301;20100331;   9;   2;    90.4;     87;    472;   20.8;eor
   163;20100401;20100430;   9;   2;    71.0;      2;      2;   24.8;eor
   163;20100501;20100531;   9;   2;   201.8;      0;      0;   38.5;eor
   163;20100601;20100630;   9;   2;   242.3;      0;      0;  102.4;eor
   163;20100701;20100731;   9;   2;   181.5;      0;      0;   39.2;eor
   163;20100801;20100831;   9;   2;   327.3;      0;      0;   40.6;eor
   163;20100901;20100930;   9;   2;    73.0;      0;      0;   16.8;eor
   163;20101001;20101031;  10;   2;    88.0;     26;     52;   20.8;eor
   163;20101101;20101130;   7;   2;    74.3;     55;    126;   12.8;eor
   163;20101201;20101231;   1;   2;   176.0;    267;   1765;   28.6;eor
   163;20110101;20110131;   3;   2;   164.5;    143;    684;   70.7;eor
   163;20110201;20110228;   3;   2;    48.9;     15;    268;   18.4;eor
   163;20110301;20110331;   3;   2;   145.7;      0;      0;   51.3;eor
   163;20110401;20110430;   3;   2;    64.1;      0;      0;   27.2;eor
   163;20110501;20110531;   3;   2;   175.8;      0;      0;   50.4;eor
   163;20110601;20110630;   3;   2;   165.6;      0;      0;   35.8;eor
   163;20110701;20110731;   3;   2;   156.0;      0;      0;   37.9;eor
   163;20110801;20110831;   3;   2;   175.9;      0;      0;   23.8;eor
   163;20110901;20110930;   3;   2;   123.2;      0;      0;   25.0;eor
   163;20111001;20111031;   3;   2;   172.2;      6;      6;   43.9;eor
   163;20111101;20111130;   3;   2;     1.6;      0;      0;    0.9;eor
   163;20111201;20111231;   3;   2;   288.2;    208;    551;   38.0;eor
   163;20120101;20120131;   3;   2;   335.0;    244;   1222;   54.1;eor
   163;20120201;20120229;   3;   2;   125.7;    151;   2087;   26.9;eor
   163;20120301;20120331;   3;   2;   119.9;     20;     20;   35.2;eor
   163;20120401;20120430;   3;   2;    96.6;     48;     70;   22.8;eor
   163;20120501;20120531;   3;   2;   148.2;      0;      0;   30.6;eor
   163;20120601;20120630;   3;   2;   249.0;      0;      0;   50.9;eor
   163;20120701;20120731;   3;   2;   154.1;      0;      0;   20.0;eor
   163;20120801;20120831;   3;   2;   136.8;      0;      0;   33.1;eor
   163;20120901;20120930;   3;   2;   142.0;      0;      0;   50.4;eor
   163;20121001;20121031;   3;   2;   147.9;     41;    107;   29.9;eor
   163;20121101;20121130;   3;   2;    50.8;     20;     20;   26.6;eor
   163;20121201;20121231;   3;   2;   258.1;    176;    767;   32.2;eor
   163;20130101;20130131;   3;   2;   271.1;     89;    482;   97.8;eor
   163;20130201;20130228;   3;   2;   131.8;    151;    945;   30.4;eor
   163;20130301;20130331;   3;   2;    93.9;     92;    213;   17.5;eor
   163;20130401;20130430;   3;   2;    38.5;     16;     69;   14.8;eor
   163;20130501;20130531;   3;   2;   338.0;      0;      0;   72.6;eor
   163;20130601;20130630;   3;   2;   357.2;      0;      0;  106.9;eor
   163;20130701;20130731;   3;   2;    17.5;      0;      0;    9.9;eor
   163;20130801;20130831;   3;   2;   174.1;      0;      0;   39.7;eor
   163;20130901;20130930;   3;   2;   265.8;      0;      0;   69.7;eor
   163;20131001;20131031;   3;   2;   130.0;     10;     10;   40.9;eor
   163;20131101;20131130;   3;   2;   208.5;     38;    117;   36.8;eor
   163;20131201;20131231;   3;   2;    37.9;     26;    117;   14.4;eor
   163;20140101;20140131;   3;   2;   115.8;     63;    209;   23.2;eor
   163;20140201;20140228;   3;   2;    58.8;     14;     78;   12.8;eor
   163;20140301;20140331;   3;   2;    86.7;     27;     52;   38.9;eor
   163;20140401;20140430;   3;   2;   135.9;     13;     13;   26.1;eor
   163;20140501;20140531;   3;   2;   284.0;   -999;   -999;   60.4;eor
   163;20140601;20140630;   3;   2;    99.1;   -999;   -999;   24.8;eor
   163;20140701;20140731;   3;   2;   206.0;   -999;   -999;   49.6;eor
   163;20140801;20140831;   3;   2;   192.8;   -999;   -999;   26.4;eor
   163;20140901;20140930;   3;   2;   147.0;   -999;   -999;   25.7;eor
   163;20141001;20141031;-999;-999;    -999;   -999;   -999;   70.8;eor
   163;20141101;20141130;   3;   2;    31.8;   -999;   -999;    9.2;eor
   163;20141201;20141231;   3;   2;   142.8;    106;    152;   23.9;eor
